# NEST version: 3.6.0
# RecordingBackendASCII version: 2
sender	time_ms
5978	159.700
10074	159.800
822	160.500
5542	160.400
7090	160.700
4214	161.500
9490	161.800
1966	162.600
8898	162.300
9602	162.500
9094	167.800
4522	168.600
2082	170.700
4550	170.500
8522	170.400
9694	170.100
6826	171.900
8946	171.100
10410	171.700
10706	172.000
3654	172.400
3998	172.400
10186	172.700
11034	172.700
2426	173.200
3882	173.400
5518	174.800
6598	174.200
8158	175.000
2618	175.400
8498	175.800
12062	175.700
182	176.300
8986	176.800
12458	176.100
5098	177.900
5674	177.600
9374	177.700
11498	177.900
622	178.500
710	178.900
1594	178.600
2402	178.300
2774	178.800
11798	178.800
902	179.500
2362	179.700
4266	179.700
4686	179.400
8294	179.700
8990	179.100
9170	179.900
9194	179.400
1050	180.100
2258	180.500
5394	180.500
8314	180.300
8422	180.100
9206	180.800
9614	180.500
11650	180.300
12390	180.100
12498	180.200
10886	183.300
2318	188.400
4346	188.800
7566	188.700
9730	189.600
1618	190.200
5306	191.000
9662	191.000
3890	191.400
5274	191.700
11666	191.800
294	192.600
1790	192.900
12330	192.800
594	193.600
5550	193.300
8482	195.000
3298	195.100
7114	195.800
1846	197.600
5090	197.900
5286	197.100
5414	197.300
6498	197.700
6550	197.800
10562	197.500
2138	198.900
7226	199.200
4318	200.200
2622	201.800
602	203.000
7574	202.400
9526	202.900
9586	202.500
11162	202.800
238	203.700
4126	203.900
6194	203.700
5890	204.200
7726	205.800
10782	205.300
11530	206.000
1606	206.300
8306	207.300
11822	208.400
11914	208.700
8754	209.700
9830	210.700
4258	211.200
8566	212.600
5530	214.300
1286	215.200
6478	215.700
1814	216.500
3270	216.400
5710	216.300
7858	216.600
9078	216.700
10238	216.700
2158	217.300
5802	218.000
3250	218.500
4182	218.600
8874	218.400
10962	218.900
11922	219.000
3038	219.500
5686	219.600
6250	219.900
9774	219.500
426	220.800
6018	220.900
8378	220.500
446	221.900
2498	221.300
6122	221.600
11138	221.800
11354	221.400
9390	222.200
6834	225.900
3198	226.900
10734	226.300
6870	227.400
5342	231.500
4642	233.000
9558	232.900
2002	233.400
5006	233.700
5126	233.100
5974	233.900
1578	235.800
2350	235.800
2642	235.600
5142	235.700
8626	236.000
2258	236.800
9914	236.900
11114	236.600
6446	237.300
11890	238.800
3910	239.200
7946	239.400
8762	239.700
10454	239.300
3098	240.600
5694	241.000
12130	240.700
5186	241.200
4086	242.300
5822	242.300
6894	242.700
9406	242.900
1534	243.700
2014	243.300
3130	244.000
3670	243.200
3922	243.100
5502	243.200
9562	243.300
10886	243.100
11058	243.200
10490	244.200
2610	247.500
10022	247.400
11414	248.800
2426	249.100
2198	250.600
8270	252.400
10190	252.900
4170	253.700
8878	253.800
7706	255.100
166	257.900
10274	257.800
12434	257.600
12338	258.700
3518	260.500
5510	260.900
4426	261.300
6246	261.800
11266	263.000
12482	262.700
830	266.000
5514	265.300
1314	267.100
4018	267.100
7158	267.100
1206	269.000
5230	268.600
6006	271.500
2410	272.900
2978	272.500
10822	272.500
11410	272.500
2482	273.300
11110	273.500
34	276.600
6034	276.200
4370	278.200
7990	278.800
2210	279.200
4210	279.100
12358	279.800
1438	280.600
3238	280.500
6082	280.800
1466	281.500
3854	282.000
1574	282.700
1802	282.600
2270	282.100
4214	282.300
4258	282.300
4494	282.600
8366	282.200
10186	282.300
12246	284.800
3998	285.400
9950	286.300
11666	286.800
2998	288.200
10150	289.000
4186	289.900
10382	293.000
10902	293.000
9454	293.700
8882	295.800
11594	295.800
1426	296.600
3274	296.700
3878	296.100
6310	297.000
1414	297.900
4010	297.500
4054	297.700
6722	297.500
6850	297.100
6938	297.600
7858	297.900
11542	297.800
8910	298.500
58	299.100
11018	300.800
3390	302.900
5470	302.400
2274	303.500
11478	303.800
1798	304.700
4174	304.900
4586	304.200
7654	304.800
9462	305.000
11306	305.000
3026	305.400
7382	306.000
8502	305.800
2754	306.600
3246	306.200
3822	307.000
7358	306.500
9558	306.300
9814	306.500
2362	307.700
46	308.600
1534	308.400
3310	308.900
1746	309.400
2146	309.800
4526	309.400
6678	309.700
9234	309.900
2110	311.000
6302	310.400
5178	312.000
7022	311.400
1466	312.500
3070	312.400
3486	312.200
7254	312.900
7634	312.100
10126	312.600
10146	312.400
262	313.100
10882	313.200
11642	317.900
2398	318.700
4502	319.600
8738	320.400
7306	322.600
9982	323.800
9082	324.300
9882	324.700
8010	325.800
7946	326.600
150	328.100
9714	328.900
3838	329.200
10430	329.900
322	330.500
3238	331.000
6082	330.500
6942	330.700
11990	330.600
11494	331.300
9374	333.400
7826	334.800
2250	335.500
6046	335.300
11562	335.400
1090	337.000
11578	336.700
546	337.100
1454	338.500
5418	338.200
26	339.200
2318	339.300
9718	340.000
10202	339.900
2234	340.600
3118	340.400
5722	340.200
6686	340.500
7254	340.400
10646	340.400
12406	340.800
10074	341.100
966	346.300
2102	347.900
6866	347.800
8866	347.800
70	348.100
2074	348.200
3510	348.700
4230	348.300
11822	348.300
12482	348.800
30	349.800
2362	349.100
2806	350.700
4190	351.500
11890	351.400
2190	353.600
5374	353.900
9946	353.100
4154	354.500
7194	354.400
8186	354.400
9390	355.000
3854	357.500
7110	357.500
1318	358.400
8862	358.800
582	359.400
1518	359.700
2242	359.400
8714	359.700
11114	359.700
11918	359.300
7250	360.300
8422	360.400
8618	360.200
3194	363.800
9186	366.500
1062	367.400
8354	367.800
9802	368.000
2110	368.900
3442	368.200
4182	368.900
4586	368.500
4838	368.500
9958	368.800
10490	368.800
1338	369.500
6350	369.400
11662	369.800
366	371.000
2662	372.800
4266	372.600
3702	373.300
8818	373.600
8902	373.600
9810	373.300
774	374.100
6878	374.100
8566	374.100
8726	374.500
2550	375.900
3130	375.800
6230	376.800
8554	376.400
9242	376.500
10234	376.800
242	377.200
2866	377.300
10022	377.500
10146	377.300
4074	381.000
5450	381.600
4014	383.700
530	384.800
3674	384.500
9782	384.500
3114	385.200
5114	385.100
6526	385.200
11182	385.700
2230	388.700
6534	389.000
4830	390.500
1362	392.300
4706	392.700
6658	392.900
1514	393.600
1562	393.700
2034	393.900
4358	393.900
7878	393.900
9630	393.700
10158	393.700
10878	393.700
178	394.200
2894	394.300
2970	394.200
5118	394.500
1754	395.700
4110	395.500
8450	395.800
2054	396.400
2182	396.200
5158	396.700
11530	396.400
8982	397.100
12426	397.100
522	399.900
3050	400.300
6902	400.100
2602	401.600
3062	401.300
3274	402.000
9762	401.600
12162	401.500
12042	402.400
8890	404.500
11414	406.000
3822	406.600
4990	406.100
5346	406.600
7730	406.600
7802	406.800
8642	406.700
1966	407.800
1254	408.200
7706	410.000
986	411.000
3898	412.000
8778	411.900
10762	411.900
12458	412.000
12474	411.600
4158	412.400
170	413.300
12026	413.200
598	414.700
8398	414.600
5334	415.400
562	416.800
8714	416.100
7762	418.400
12418	418.500
3714	420.600
9938	420.100
10906	420.600
26	421.200
7898	422.400
4870	423.600
2234	424.500
9602	424.200
10342	424.900
4690	425.900
6854	425.700
7230	426.200
9978	426.700
10050	427.000
5502	427.900
5722	427.600
6598	427.700
8262	427.900
750	431.300
534	433.200
690	434.400
5922	434.300
6930	434.800
7070	434.500
10862	434.700
11542	434.700
11734	434.800
3082	435.400
3818	435.300
4478	435.100
11798	435.300
374	439.400
1986	441.300
5694	441.400
8274	441.600
12266	441.800
8882	442.400
6222	444.700
2450	445.600
5430	445.700
11186	445.800
4894	446.600
6166	446.800
8230	446.900
2402	447.100
5994	448.000
8726	447.100
11174	447.600
12034	447.800
130	448.200
490	448.200
990	450.400
8522	450.700
9342	450.400
11182	451.200
12038	451.400
5970	455.800
2662	456.600
9898	456.900
134	457.800
4606	457.400
10202	457.100
11778	457.100
5142	458.800
6878	458.500
10810	460.300
2318	462.500
11890	462.700
2862	464.500
6630	464.100
8434	465.000
8510	464.100
406	465.800
1110	465.100
2958	466.000
3910	465.100
3938	466.000
8438	467.000
6758	468.000
3622	469.500
3306	470.300
5242	471.800
7030	472.000
7902	471.500
2978	472.600
3638	472.600
6446	472.800
10614	473.000
1050	473.700
2502	473.100
2770	473.800
4870	473.800
5774	473.700
7926	473.100
8450	474.000
8606	474.000
8946	473.600
9818	473.600
10570	473.900
12286	473.900
12334	473.900
1886	474.200
6022	474.500
7918	474.100
7802	475.700
2810	476.700
2830	477.700
8854	477.600
9318	479.700
8254	481.000
4894	481.600
10082	481.900
918	482.100
1594	482.800
4938	482.700
8294	482.400
3750	485.800
5310	485.200
11986	485.200
8202	487.200
10522	487.100
978	488.200
11346	488.400
4710	492.300
7382	492.900
9414	492.600
146	493.800
1938	494.000
3090	493.500
4230	493.700
4526	494.000
4714	493.600
5102	493.800
5158	493.400
5318	493.700
7490	493.800
2394	494.600
6374	494.100
7614	494.500
8866	494.100
10378	494.700
10410	494.200
12034	494.100
10902	495.600
150	498.300
7086	498.800
7994	498.300
8766	498.900
1534	499.600
2402	499.600
5974	499.100
12414	499.500
7002	500.200
10114	500.100
11954	500.200
3342	501.300
178	502.900
8442	502.700
12042	502.900
1070	503.300
1670	503.400
2782	503.800
4794	503.700
6382	503.600
9026	503.800
9498	503.800
9522	503.300
238	504.800
1046	504.900
2198	504.700
4018	504.300
4886	504.700
5270	504.800
6942	504.900
8406	504.300
11002	505.000
11086	504.700
1514	505.800
5590	505.500
8882	505.700
10350	505.500
11586	505.100
4486	509.000
3486	509.600
4306	509.200
6770	509.400
3458	510.400
3870	510.100
6118	510.100
6346	510.700
878	513.500
3430	513.300
6146	514.000
18	514.500
8186	514.500
2474	515.500
2682	515.100
4774	515.900
5202	515.600
7262	515.300
7310	516.000
8170	515.700
9778	515.900
11606	515.200
2422	520.900
7882	520.800
1902	521.400
6190	522.900
3498	523.300
7106	523.500
474	524.500
1590	524.300
2314	524.500
3822	524.600
5238	524.500
8966	525.200
1234	526.800
3854	526.900
5542	527.600
10390	527.900
3238	528.700
8466	528.700
8802	528.900
1730	529.800
11506	529.400
12458	529.700
11946	531.000
3966	531.800
4154	531.300
9710	531.400
826	532.300
966	532.500
3050	532.600
8230	532.100
9842	532.900
2398	533.100
5194	533.300
11674	533.800
12106	533.700
12162	533.700
1034	534.500
9866	534.700
10038	534.500
10170	534.200
11610	534.500
9670	540.600
6378	541.600
326	542.100
1614	542.400
4010	542.600
4210	542.300
7822	542.200
8742	543.600
4274	544.700
2682	546.000
3018	545.200
3442	545.200
5878	545.600
9210	545.900
522	546.500
1070	546.200
3738	546.900
4230	546.700
1302	547.100
4178	547.300
7438	547.700
7714	547.200
7966	547.400
10398	547.200
3318	550.100
4386	553.200
5090	554.000
6350	553.300
6498	553.200
3342	554.600
4174	554.600
242	557.000
3246	557.900
6870	558.900
7334	559.000
6766	560.300
8890	560.600
1758	561.900
6222	561.700
10854	561.100
12174	562.000
8982	562.400
3642	563.500
1642	564.400
10806	565.000
11846	565.700
6598	568.000
166	569.800
6670	569.800
7218	569.200
8394	569.100
11382	569.900
12494	569.900
5822	571.600
10498	571.900
11354	572.600
6994	574.300
8378	575.000
3882	576.900
4778	576.100
7382	576.800
9970	576.700
1386	577.800
10190	577.300
6086	580.000
6882	579.200
11886	580.400
1470	582.000
8030	581.100
10886	581.600
12498	582.000
3890	584.200
730	585.600
1722	585.600
2662	586.000
3518	585.400
11662	585.600
822	586.400
1062	586.900
2426	586.200
8910	586.500
12246	586.300
10098	587.600
2642	589.800
4850	590.800
1590	591.900
8522	591.100
8918	591.200
9302	591.400
9194	592.200
2486	595.000
2226	596.000
7246	595.900
8638	596.000
8794	595.600
8850	595.500
2842	596.100
4214	596.600
5722	596.300
6494	596.400
6554	596.300
8246	596.600
8818	596.500
9222	596.600
3538	597.900
4174	598.000
9094	597.900
10710	597.700
10966	597.700
11442	597.900
11474	598.000
1438	598.100
6750	598.600
6826	598.200
6938	598.500
11954	598.100
12106	598.200
2602	607.600
3170	607.500
11202	607.700
530	608.400
6298	608.100
6834	608.700
7438	608.400
6106	609.100
11282	609.300
1586	610.500
7990	610.100
11430	612.000
7878	612.700
2298	613.800
12310	613.300
7558	614.900
1878	615.700
1402	616.700
4314	616.600
9594	616.800
1298	617.100
2402	617.600
3750	617.600
7986	617.300
9454	617.700
12094	617.900
4306	618.100
4474	618.400
10010	618.700
10806	619.600
582	621.300
3458	625.000
5022	624.400
7722	624.400
2458	625.600
3190	625.400
4154	625.600
11130	625.900
2250	626.300
6198	626.100
8226	626.400
11442	626.100
12474	626.600
2390	630.100
18	633.800
286	634.000
2846	633.400
9370	633.500
6350	635.500
442	636.900
5118	636.500
11918	636.100
5878	638.700
9394	639.000
10186	639.600
1430	640.100
2318	640.900
10206	641.800
9950	642.400
902	645.800
5182	645.400
8562	645.800
10398	645.600
5030	646.500
8394	646.400
12110	646.700
3818	647.600
11358	647.300
1706	648.500
514	649.200
12170	649.200
1534	651.800
2230	653.200
3250	653.100
10426	655.100
10434	655.500
6702	656.900
11930	656.800
594	657.600
7562	659.900
10170	659.700
5306	660.200
6770	660.200
12250	660.400
3038	661.600
10318	662.100
11034	663.000
11174	662.800
4162	663.700
7226	665.000
530	665.300
8918	665.400
2754	667.200
1050	668.800
9314	669.900
9402	669.500
2926	671.000
3246	670.600
6670	670.900
7290	670.500
1098	671.400
6678	671.300
11778	671.600
7430	672.300
7706	672.700
1014	673.300
2422	675.000
12418	678.000
1538	678.400
6326	678.600
642	679.900
2002	680.000
2578	679.400
11394	679.300
374	681.200
670	682.100
4686	683.800
5106	683.700
5462	683.200
3930	684.500
2554	685.100
4354	685.200
5814	686.000
7166	685.400
12310	685.900
238	687.400
3406	687.200
5198	690.800
8078	690.200
2826	691.100
8738	691.500
12258	692.000
9382	692.600
1182	693.500
4890	693.700
8778	693.500
4606	695.000
9630	694.200
11082	694.400
262	695.900
5974	695.500
8986	695.300
12110	695.800
242	696.300
1474	696.500
3066	696.100
4586	696.200
12230	696.300
12410	699.900
12438	699.700
4186	700.800
6010	700.400
7582	701.700
11942	701.800
4542	702.100
10378	702.200
10646	703.100
10222	704.200
1970	707.900
3278	709.400
7154	710.900
6406	711.500
11746	711.200
8294	714.000
9506	714.100
11858	715.000
1778	715.700
8434	715.900
4434	717.700
6270	718.100
8702	718.800
266	719.900
6826	719.300
7730	719.800
7826	720.000
11818	719.800
12262	719.600
234	720.300
830	720.600
3390	720.300
4102	720.400
6906	721.000
8314	720.300
9614	720.500
9854	720.800
9862	720.200
10370	720.200
10490	720.800
11334	720.300
482	721.100
11190	723.600
2846	724.100
3250	724.600
2754	728.000
1698	729.800
4386	730.900
5018	730.700
50	731.800
230	731.400
1018	731.700
1050	731.700
2182	731.200
2230	731.900
4070	731.700
4414	731.900
5154	731.700
8274	732.000
10386	731.700
10782	731.200
1562	732.800
2786	732.400
4110	732.100
6750	734.200
10422	734.200
10906	734.200
10734	738.900
3038	741.000
2146	741.900
7458	741.900
2538	742.100
4018	742.600
10238	742.800
2646	743.400
11018	743.600
274	744.100
2558	744.600
5142	744.400
7654	744.300
10310	744.400
10686	744.100
10434	745.100
166	746.800
3458	747.800
446	748.800
8870	748.800
34	749.700
1226	749.300
2686	749.400
4254	749.500
4782	749.700
5610	749.200
6526	749.800
7182	749.300
7286	749.800
8042	749.200
9914	749.600
10642	749.500
11298	750.000
2986	750.400
4014	750.900
9746	752.200
11918	752.900
3694	753.500
9762	753.300
6354	755.700
11110	755.500
11326	756.000
782	757.000
11130	759.000
7578	759.900
12230	759.800
1938	764.900
4370	764.800
1914	765.900
5422	765.400
5198	766.900
12378	766.700
4510	767.200
11238	767.500
11650	767.100
2098	771.800
5010	771.500
10586	771.200
12118	771.700
12334	771.800
3586	772.100
5066	772.100
9814	772.300
10454	772.100
6074	774.800
9082	777.000
7550	778.800
1466	779.800
8462	782.000
11666	781.900
4526	782.800
4694	782.200
514	783.300
1454	783.500
2958	783.300
6910	783.100
8982	784.000
1562	786.000
7566	785.500
11974	786.000
5530	787.000
11914	786.200
11394	788.200
4606	790.500
9342	790.300
3766	792.000
702	793.000
750	792.400
1186	792.800
4542	792.800
5770	792.200
10166	792.100
10434	792.200
802	793.100
46	794.700
1758	794.300
3030	795.000
3406	794.400
3510	794.600
6718	794.700
7934	794.600
2426	795.900
3838	795.700
8858	795.600
4582	796.100
4170	799.700
9730	799.400
9238	802.600
1790	803.900
7902	804.500
8562	804.300
9174	805.000
3378	805.900
2998	806.400
3254	807.300
6270	809.900
9890	809.800
12110	810.000
1294	810.900
10702	811.000
6750	813.600
11942	816.000
14	816.100
11082	816.700
5698	819.200
8314	819.300
978	820.300
2390	820.200
11454	821.000
12258	820.300
3130	823.500
6234	823.800
922	825.000
4074	824.600
1754	826.300
11650	827.900
2102	828.500
3498	828.700
8022	828.200
8946	828.800
9466	828.200
4862	829.200
12410	829.900
3282	831.000
6406	831.000
8694	830.200
10730	830.400
12386	830.300
3298	832.100
3538	833.900
11890	834.000
3730	835.100
4938	835.600
2298	836.100
1114	837.800
3702	837.900
6334	837.400
9274	837.700
10382	837.900
10810	837.900
1734	838.600
2662	838.400
3754	838.400
4154	838.300
4942	838.100
5138	838.500
6182	838.700
8214	838.300
11166	838.200
3026	841.700
3718	841.500
5506	841.200
530	842.900
8270	843.000
10206	842.500
66	843.500
1254	843.700
5114	843.900
5758	845.900
11022	845.300
3190	847.600
10006	847.400
11398	849.900
10350	850.500
11350	850.500
3986	851.200
6354	851.400
9822	856.100
2146	857.700
2762	858.000
5142	857.500
5722	857.500
5778	857.800
7114	857.500
2098	859.000
3410	858.900
4222	858.900
12418	859.000
1330	859.200
2390	859.600
4518	859.800
7510	859.800
2602	860.700
4158	860.700
4990	860.800
9026	860.500
9714	860.900
1914	861.100
2782	861.800
1282	862.400
4210	862.700
4494	862.200
7578	862.700
7846	862.400
9018	863.000
12026	862.600
11530	865.400
638	868.600
4070	870.100
4894	870.100
2074	873.000
5802	872.400
7762	872.300
8858	873.000
11654	872.500
11930	872.600
374	873.400
3962	873.400
5418	873.200
8738	875.700
3966	876.500
9022	877.000
1186	877.900
2566	877.400
3994	877.700
5122	878.200
11686	878.700
7654	879.600
9842	881.400
11210	882.200
10862	883.200
3710	885.200
7222	886.900
9454	886.800
11226	886.400
2794	888.900
4170	888.100
5590	889.900
9766	889.900
12286	889.900
22	890.600
622	891.000
2394	890.800
4574	890.100
7894	890.300
8906	890.700
1190	891.400
4502	891.200
2262	892.200
4906	892.100
5066	892.700
8642	892.200
10522	892.500
10570	893.900
2206	894.700
2578	894.700
6806	894.400
8254	894.500
11606	895.300
30	896.200
7398	898.800
6378	899.700
6674	899.600
8566	899.300
8982	899.200
9962	899.100
10230	899.600
1722	900.300
12246	900.900
782	901.400
46	904.900
9506	904.100
1602	906.700
4182	906.500
4870	906.300
9938	906.600
2894	907.800
4354	907.700
6786	907.100
7858	907.200
8786	907.100
9098	907.700
10086	907.500
11086	907.300
1530	908.100
1654	908.300
2230	908.200
3442	908.100
7666	908.700
10762	908.500
11238	911.000
11658	910.500
8630	914.000
402	916.000
10226	915.400
322	916.500
11258	916.100
4970	918.700
3974	920.400
7478	920.100
90	922.000
8738	921.100
3606	922.600
5162	923.400
10954	923.700
3326	924.800
3962	924.600
11130	924.100
1206	925.600
3814	926.400
5022	926.500
3470	928.600
5482	928.300
6246	928.600
6894	928.800
3074	930.000
5386	929.500
5422	929.300
6226	929.900
12114	929.500
1658	930.200
6402	931.200
1070	932.700
2838	932.300
3250	932.200
902	933.400
6870	933.500
8422	935.900
9206	935.700
12306	935.700
9590	936.300
10194	936.900
4374	937.800
562	938.300
238	939.200
6414	939.600
8946	939.200
8310	940.200
11478	940.800
878	941.200
10426	941.300
1898	943.000
5722	942.100
6534	942.100
9854	943.000
1286	944.600
2226	945.000
6310	944.500
7666	945.100
7918	945.700
10682	945.600
11034	945.700
5694	946.300
6678	946.400
11962	953.800
2622	955.000
774	958.800
6350	959.100
7022	959.600
2846	960.800
11926	960.700
1646	962.000
10478	961.400
5174	962.900
6302	962.700
6378	962.500
6750	962.200
5530	963.700
6010	963.800
9458	963.800
9974	963.300
10706	964.000
5542	964.300
5798	964.100
7098	964.100
6658	967.800
10302	968.100
5646	969.100
11990	970.600
7290	971.800
7574	971.900
9454	971.900
526	972.900
5742	972.100
1234	973.600
3922	973.300
4202	973.500
6058	973.900
9714	973.900
10230	973.700
710	974.700
2994	974.400
3026	974.100
8090	974.400
414	978.000
2390	977.300
1266	978.600
2638	978.100
9082	978.200
6	979.800
4522	979.500
9962	979.600
1726	980.200
8298	980.600
9742	980.500
11586	980.300
422	982.000
9422	981.700
2346	983.000
4486	983.000
9038	982.400
11346	983.000
802	983.600
2402	984.400
1614	985.800
3122	985.700
6222	985.600
8770	985.400
98	987.000
1186	987.000
5654	986.900
5694	986.500
9810	986.800
4150	987.200
10014	987.800
5118	988.200
1670	989.300
8954	989.200
10642	989.900
6198	991.600
12122	991.800
514	992.600
3442	993.000
9822	992.300
12446	992.300
3662	994.300
5374	994.600
11202	994.100
330	995.700
8794	995.700
378	996.800
726	996.300
6118	996.400
6894	997.000
498	997.300
826	997.800
1594	997.400
3810	997.900
5174	997.100
5722	997.300
7102	997.800
2510	998.100
4158	998.300
5582	998.800
6550	998.900
8690	998.400
9474	998.200
10114	998.700
11978	998.400
