# NEST version: 3.6.0
# RecordingBackendASCII version: 2
sender	time_ms
5513	157.600
8785	159.000
2833	159.700
11145	159.300
869	160.100
2577	160.700
3773	160.400
4193	160.400
2821	161.500
6421	161.800
1293	162.100
1341	162.800
2497	162.800
3045	162.400
5637	162.900
6917	162.500
7413	162.200
7909	163.000
8425	162.700
9685	162.900
11997	162.300
12253	162.700
12305	162.400
4381	163.100
11993	163.200
2953	166.200
6629	168.800
497	170.300
6505	170.100
7553	170.700
1337	171.800
8893	171.900
589	173.000
6565	172.400
7709	172.400
9833	172.300
3021	173.100
8205	173.400
9629	173.600
3017	174.900
3825	174.500
4837	174.400
5857	174.800
10153	174.600
10961	174.700
2837	175.100
4457	175.500
5001	175.300
5793	175.500
8569	175.500
8577	175.100
5845	176.600
9609	176.800
981	180.000
10353	179.600
1585	180.500
8249	180.500
873	182.000
1965	181.600
5389	182.000
6385	181.900
8881	181.900
9509	181.900
1853	182.400
2629	182.400
3849	182.200
11777	182.100
1713	185.000
3793	185.700
7797	185.500
8169	185.800
9613	185.200
12153	185.100
4893	186.800
4961	186.700
6429	187.000
10817	186.400
11177	186.500
12157	186.200
1481	187.100
7625	187.100
1021	190.400
1085	191.700
3165	192.600
3889	192.500
6717	192.400
10381	192.300
10405	192.800
10805	192.900
11033	192.300
11549	192.600
9525	193.200
6909	200.400
545	201.700
6445	201.500
11461	201.600
10781	203.000
10977	202.400
1253	203.900
9281	203.200
10741	208.000
2713	208.700
10469	208.600
6733	210.500
6697	212.000
1997	212.400
6313	212.600
1097	215.000
4065	215.000
7313	215.000
4233	215.500
477	216.800
1201	216.800
4429	216.900
8649	216.600
8901	217.000
9605	216.100
2665	217.900
7965	217.100
8269	217.100
2093	218.400
8209	218.700
10313	218.700
11145	218.100
1957	220.800
421	221.700
2913	221.700
7053	222.000
11593	221.800
189	222.500
3425	222.700
10349	222.900
3257	224.000
6581	223.800
6969	223.200
7281	224.000
7605	223.600
8665	223.900
9513	223.400
10541	223.800
10557	223.900
10953	223.800
177	224.700
3513	224.600
5133	224.200
2505	227.500
8557	227.900
10569	227.700
11205	228.300
4821	230.000
8469	230.200
1033	232.600
5329	232.300
7097	232.800
7821	232.400
8749	233.000
45	233.600
1093	233.400
2141	233.700
10405	233.200
11053	236.700
3837	237.600
4029	237.500
10533	237.500
12153	238.900
8841	239.400
7769	240.700
9213	240.600
10153	242.900
6077	243.700
8357	243.300
12373	244.000
2065	244.300
4801	244.100
11681	244.800
8697	245.700
4737	247.900
10261	247.800
11073	247.100
9401	248.200
6989	250.000
4757	250.600
5205	250.800
1589	251.500
6009	251.100
6233	252.600
2561	253.700
6853	253.900
1813	255.800
1821	255.900
1873	256.000
4133	255.100
7937	255.200
441	256.200
869	256.900
2701	256.900
5721	256.700
7581	256.700
9077	257.000
10885	256.500
3181	257.600
5065	257.100
7993	257.400
10837	257.400
4201	258.700
8121	260.200
9861	260.700
7869	261.100
12333	261.600
929	262.200
2101	262.500
4677	262.300
5025	262.300
7681	262.300
10501	262.900
5	263.300
345	263.100
2245	263.600
5325	263.200
8773	263.900
9637	263.900
11489	263.800
12369	267.700
12041	268.200
11177	269.100
7625	270.700
5833	272.800
5621	273.700
6441	273.100
8041	273.400
6057	274.400
11181	274.700
4537	275.500
11197	279.000
8341	279.500
2073	281.200
4893	281.800
1221	282.500
11481	282.200
229	285.000
6613	284.700
5429	285.100
5629	285.500
6193	285.700
6717	285.800
10001	285.800
5589	286.900
5861	286.100
8833	286.100
9429	286.400
7641	287.600
2177	288.200
4269	288.500
2533	290.600
5717	290.200
9153	290.500
9937	290.200
10493	290.400
3189	291.500
7637	292.000
7797	291.100
4301	292.100
9629	292.800
12469	292.400
11321	293.700
12321	294.400
5885	296.100
2521	297.900
8073	297.400
1225	298.900
3437	298.700
11453	299.500
1025	300.400
3201	300.500
5961	300.500
6593	300.200
8197	300.300
11057	302.600
11853	303.100
8293	305.800
8517	305.700
3797	306.900
4073	306.700
4597	306.600
5241	306.700
6973	306.500
11337	306.700
1281	307.400
11313	307.100
3781	308.500
9345	308.700
1149	309.700
5233	309.700
7773	310.000
8757	309.600
8793	309.900
10121	310.000
1061	310.400
2841	310.200
6345	310.600
8189	310.900
1133	311.300
1185	311.600
2113	311.400
2137	311.600
6585	311.800
7097	312.000
8165	311.400
8833	312.000
3085	312.700
7685	312.500
10233	312.100
11253	312.600
2449	313.400
7649	313.200
421	314.800
4169	315.000
5261	315.100
8569	315.400
3053	316.700
3149	316.400
8785	316.600
57	317.500
3805	317.400
1549	319.000
5021	318.200
6089	318.600
8857	318.900
861	319.400
6453	320.000
11357	319.800
2661	320.100
7357	320.200
7969	320.900
1481	322.400
7385	323.600
7513	323.600
11885	324.000
8425	324.200
9877	324.300
10493	325.800
8409	327.800
833	328.400
3869	328.200
4125	328.800
4705	328.700
9805	328.800
6545	329.500
8465	329.500
7245	330.200
8745	331.400
8773	331.100
8057	332.200
10925	332.800
1361	333.700
6825	333.700
6925	333.300
2513	334.600
2697	334.800
4589	334.500
4661	334.600
4717	334.700
5357	334.400
8245	334.500
10785	334.900
11285	334.900
12157	334.900
729	335.500
10929	335.500
4041	337.600
9793	338.500
2617	339.800
3933	340.100
1597	341.400
8965	341.400
12105	341.600
9005	342.400
469	345.000
837	344.200
4617	345.800
5717	345.500
11085	345.100
2689	346.500
4977	347.900
7665	347.200
8445	347.700
9717	347.900
10721	348.300
2313	349.700
6121	349.200
1041	350.500
6377	351.000
6977	351.000
10233	350.400
12357	350.900
997	351.300
1605	351.200
1613	351.300
1741	351.100
6513	351.500
7705	351.700
11673	351.700
1037	352.500
1045	352.400
1217	352.500
3797	353.700
3973	353.200
6217	353.900
7969	353.900
9769	353.500
12437	353.200
2349	354.700
3737	354.500
8749	355.000
8753	355.000
11629	355.000
13	355.600
321	355.500
1065	355.600
1769	355.300
2993	355.600
6197	355.600
6489	355.400
8001	355.200
9633	355.500
10065	355.900
10277	355.600
11053	356.400
9917	361.100
4913	362.200
12361	362.700
12213	365.500
12205	367.900
4597	368.100
7429	368.500
11273	368.600
6201	370.600
6973	370.700
8777	370.700
6113	371.900
8053	371.700
585	372.500
5561	372.600
6069	372.100
7805	372.600
2609	373.600
4905	373.200
6953	373.400
10185	373.100
2429	375.700
2745	375.900
4613	375.100
5293	376.000
6341	375.400
9345	375.600
2833	376.500
3865	376.800
8357	376.500
11057	376.700
2149	377.700
2237	377.300
2385	377.600
9065	377.100
1853	379.600
8209	379.600
11377	379.500
2849	380.400
3369	380.900
5729	380.100
6117	380.100
6329	380.800
8353	381.000
1517	381.800
1821	381.300
3393	381.800
3937	381.900
4081	382.000
5193	381.300
5201	381.100
5861	381.500
7369	381.900
7817	381.900
10737	381.400
10921	381.600
197	382.300
1061	382.200
4277	382.300
11997	383.000
2033	383.900
4589	383.800
7189	384.000
8485	383.400
701	384.300
10153	384.200
729	386.500
3005	388.700
7237	389.800
10565	389.700
2805	390.500
10529	390.500
1757	391.200
3401	391.100
7565	392.500
2141	394.000
1297	394.400
2225	394.500
689	395.700
1813	395.600
9361	396.000
41	397.000
5817	396.600
6697	396.400
8769	396.400
9089	396.200
1221	397.500
3537	397.100
5213	397.300
5941	397.600
10009	398.000
2625	398.600
5505	399.100
7653	401.900
3437	404.400
4473	404.200
165	406.700
8849	406.100
11649	407.000
961	407.700
1093	407.100
4941	407.300
10269	407.200
281	410.400
10605	411.500
5161	413.200
5881	413.900
8549	413.900
8949	414.600
10837	414.100
6565	415.100
7281	417.700
2205	418.500
8785	419.200
4313	420.400
4749	420.900
9377	420.800
11453	421.000
4593	421.400
5197	421.400
9145	421.600
11921	421.100
4617	422.400
11885	422.900
1549	423.200
3785	423.600
545	426.500
2397	426.700
6421	426.100
605	427.400
10805	427.600
10813	427.500
9541	428.100
3389	431.500
7449	431.200
8605	431.500
8721	432.000
10789	431.400
245	435.500
4433	437.200
4305	438.800
6921	438.600
9401	438.300
393	439.200
753	439.800
2781	439.700
7721	439.400
11913	440.000
12133	440.000
1353	440.500
3781	440.700
8669	440.300
9629	440.400
10329	440.600
11929	440.100
2081	442.500
3805	443.300
2581	445.600
1085	446.500
1485	446.200
3885	446.200
10321	446.400
1033	453.200
6845	453.500
2469	454.500
4861	455.000
11777	454.300
3121	455.200
7993	455.200
10917	455.500
2189	456.200
3405	456.700
4029	456.200
5385	457.100
10825	458.000
1433	458.300
12109	458.400
517	460.200
4737	460.100
10333	460.300
10301	461.800
4925	463.000
5445	464.800
12265	465.000
721	465.600
1221	465.200
5161	465.700
2197	466.300
3697	466.600
3777	466.200
4649	466.500
6061	466.900
6133	466.300
1833	469.800
521	470.400
3349	470.300
7329	472.800
281	473.100
297	473.700
1445	473.300
7813	473.800
10349	473.900
10365	473.700
10553	473.800
7709	474.700
6613	475.700
7941	476.400
8909	476.500
2497	477.100
7653	477.400
11013	477.800
11401	478.400
5769	479.200
6969	479.100
8881	479.100
1253	481.000
7721	481.000
9625	480.900
6085	481.500
6497	481.900
11969	481.600
1345	482.700
8121	482.400
7361	484.000
7737	483.700
8445	484.100
6753	485.900
9145	485.900
4369	486.800
9165	486.500
12213	487.000
657	487.900
6029	490.000
3769	491.900
4993	491.400
2157	492.600
3965	492.300
4081	492.300
5841	492.100
1453	493.700
6641	493.400
9657	493.200
6077	496.400
7705	497.500
11325	497.400
1361	498.900
2089	498.100
11145	498.200
985	501.400
3665	503.400
4405	503.400
6313	503.700
10961	503.400
11421	503.300
2237	504.700
10773	504.900
8293	506.400
205	507.800
2349	507.800
3089	507.700
4061	507.800
5513	507.400
7773	508.000
8165	507.100
6213	508.500
7605	508.300
8797	508.700
10217	508.700
11929	508.600
3805	512.000
6137	512.200
10949	512.900
7637	513.200
11365	514.300
3457	515.700
5137	515.600
8417	515.300
8841	516.600
1333	518.000
561	518.300
1305	518.500
6641	519.000
601	519.300
965	519.900
3849	519.800
4625	519.300
6069	519.100
6505	519.600
1577	520.900
1593	521.000
2085	520.800
3277	520.700
3777	520.100
4105	520.900
4917	520.400
6585	520.500
6953	520.800
7561	521.000
9957	520.100
10313	520.400
4745	521.900
9605	521.200
9837	521.900
3781	522.100
12077	522.200
11969	524.900
1769	526.400
10209	526.800
4953	527.400
11517	527.400
2685	530.900
9833	530.100
7385	531.500
3837	532.600
4881	532.500
9629	533.000
4961	533.400
5721	533.300
9213	533.300
10953	534.000
11481	533.200
1121	534.600
3437	534.500
4269	534.500
9825	534.100
10301	535.000
11509	534.400
2213	535.100
4081	536.600
1797	537.300
1817	537.700
9329	537.700
9709	537.600
11997	537.900
12009	537.600
12133	537.200
1753	540.400
173	541.600
2689	542.000
5793	542.200
8641	542.100
5601	545.800
7905	548.800
11321	548.100
1229	549.500
5853	549.800
11021	549.500
869	550.300
3805	550.600
11045	550.700
12153	551.600
4705	553.500
9741	554.200
10757	555.500
7769	557.600
3209	560.000
6289	559.300
10613	560.000
3229	560.900
8549	562.300
11705	562.500
6601	564.000
10789	563.300
9381	565.300
10217	565.400
2745	566.100
4905	567.700
633	568.500
5593	568.700
7097	569.000
7973	568.400
10841	568.700
701	569.100
989	569.400
8633	569.200
885	572.200
3385	572.100
3785	573.700
11369	573.700
2125	574.200
3937	576.800
8057	576.900
2965	577.500
7645	577.400
9945	577.900
11881	577.100
3965	578.900
12449	578.300
8353	579.100
333	583.500
4041	584.500
7493	585.300
1897	586.500
9961	586.700
1745	588.000
3045	587.900
3709	587.400
12497	587.500
3809	588.400
2993	591.800
185	592.400
3765	592.200
6033	592.700
2437	593.800
2989	594.000
3797	593.900
8657	593.700
8989	593.900
2169	594.700
2233	594.900
2577	594.300
2821	594.900
3601	594.800
4305	594.800
4489	594.800
5997	594.900
6789	594.300
8409	595.000
10329	594.700
7581	595.400
11917	595.400
965	598.000
5601	598.600
8473	598.200
11297	598.800
4797	599.300
5557	599.200
4293	603.000
7321	602.800
8757	602.800
2597	603.600
641	604.400
3529	604.500
6217	604.700
9513	604.800
9973	604.700
11361	605.700
3861	606.600
8161	606.800
8041	607.800
12213	607.400
953	611.000
7973	610.800
9937	610.500
3973	612.900
9837	612.700
3889	613.600
1221	614.300
5377	615.700
12345	616.000
3769	616.600
4309	616.200
7637	616.600
7813	616.600
11049	616.800
12009	616.500
553	617.400
909	617.200
5277	617.300
5857	617.200
6953	617.100
861	624.900
1625	624.400
6581	624.800
7329	624.800
7769	624.600
11065	625.000
1865	625.600
2825	625.700
4277	625.200
4493	625.600
6137	625.600
8497	625.200
8645	625.800
11453	625.100
2497	627.200
6337	627.100
11797	628.700
929	629.100
1445	629.500
2969	629.800
161	630.500
469	630.600
4133	630.200
9189	630.100
10997	631.000
12417	630.900
4061	631.300
5397	631.500
5893	631.100
6065	631.300
6421	632.000
7117	631.500
2713	632.600
589	633.800
1081	635.000
1665	634.700
357	635.900
4905	635.100
9237	636.000
141	637.000
841	636.100
5789	636.800
7469	637.000
7653	636.900
9345	636.900
9861	636.600
10577	636.600
1853	637.100
4325	637.100
8561	637.300
10341	637.100
11601	637.400
12305	637.100
2861	641.600
6081	641.900
7685	642.500
11141	642.500
5685	643.100
41	644.300
5253	644.600
9677	644.200
10273	645.300
11113	645.400
4001	647.500
6185	648.000
4713	649.000
9665	649.900
9729	649.400
10561	649.200
909	650.300
3457	650.100
5557	650.700
8013	651.000
8421	650.700
9325	650.100
1585	651.800
3125	651.100
4901	651.700
10421	651.100
7589	652.900
9825	652.300
6225	654.600
633	656.100
2817	656.400
3513	656.500
5213	656.500
7813	656.400
9681	657.000
12261	656.400
965	657.600
2197	657.600
2577	657.200
3961	657.400
5201	657.300
10881	657.700
11909	657.100
1329	658.100
4429	660.000
4261	660.200
4017	661.900
2277	662.900
6921	662.500
8777	662.700
8925	662.100
561	663.700
1281	664.000
1769	663.300
2721	663.400
5817	663.400
11361	663.300
3617	665.400
10845	667.900
8269	668.600
10269	669.900
7465	670.200
4641	671.900
5805	672.000
7053	671.500
10153	671.200
11841	671.600
5445	672.300
1061	673.800
1113	673.600
4401	673.800
6653	673.100
12497	673.600
4933	674.900
2697	675.400
8761	675.300
11113	679.200
1613	680.300
6549	681.800
11033	681.200
8949	682.300
1393	683.200
2085	683.800
5425	683.400
6633	683.400
8549	683.600
149	684.800
545	684.800
1865	684.400
5601	684.100
12265	684.900
77	685.200
1225	685.800
4309	685.500
4357	685.600
4785	685.100
8161	685.200
8705	685.800
73	686.200
10953	687.000
4893	688.500
7605	689.000
1325	690.400
1829	690.900
5521	690.400
11309	690.500
1761	692.900
4185	693.300
3345	694.300
7741	695.500
8785	695.500
8125	697.000
8617	696.500
2397	697.800
7501	697.500
10709	699.800
9465	700.600
189	703.300
897	703.100
961	703.200
2833	703.600
3257	703.300
6425	703.900
8137	703.400
10405	703.200
4613	704.300
10437	704.200
11093	705.500
11705	708.400
1957	709.600
5425	711.800
6853	711.900
10469	711.900
3205	712.800
3641	712.300
5533	712.500
7465	713.000
8445	712.500
8733	712.200
2629	713.800
5537	713.600
5589	713.800
9525	713.200
73	714.600
3213	714.400
701	716.500
2493	716.700
6121	716.500
6693	716.300
9981	716.900
1181	717.800
5253	717.500
7165	717.900
2809	721.800
1597	722.600
4269	722.900
6321	722.400
3697	724.000
5905	723.600
12041	723.600
2001	724.300
3073	724.100
5681	724.600
11369	724.500
2237	725.200
4305	725.300
6057	725.100
12417	727.700
765	728.300
6213	730.900
10173	730.200
2101	733.600
3705	734.000
7709	733.700
581	734.600
3401	734.400
4429	734.100
6585	734.500
10229	735.000
1085	735.100
2285	735.100
3709	735.400
5625	735.600
9217	735.200
1901	736.100
2521	736.300
4729	736.700
10225	736.500
7725	739.200
253	740.900
12317	741.000
12413	740.400
2217	741.800
3825	741.500
5745	741.500
8869	741.400
9069	741.100
2301	742.200
4489	742.300
7993	742.500
10125	744.200
6649	745.500
2233	746.800
3177	746.700
3469	746.700
5821	746.500
8813	746.900
601	747.700
2925	747.500
5925	747.700
6513	747.900
6885	747.800
10009	747.500
10709	747.800
1245	748.100
2545	748.300
2965	748.500
4581	748.700
689	750.200
1985	751.000
4273	750.900
10361	750.300
10633	750.800
11377	751.000
2609	751.600
7241	751.800
10565	751.100
3361	755.300
5189	755.800
5849	755.700
9677	755.100
7685	757.200
12205	757.600
8413	759.300
1921	760.200
3781	760.700
4129	760.800
8821	761.000
701	761.700
4109	763.400
8173	764.800
10213	764.300
10817	766.500
1589	768.100
245	770.000
10197	769.600
10713	769.600
11257	770.000
1281	770.400
7129	770.300
11673	770.500
11705	772.500
4821	773.500
2825	774.100
10873	774.500
1297	775.800
4457	776.500
5521	777.600
8785	778.600
6113	779.100
10573	779.600
149	780.600
4301	780.100
5857	780.200
7245	780.200
10461	780.400
10301	781.300
4205	783.500
4797	784.600
8045	784.300
2809	785.500
4921	785.500
9953	785.200
6925	786.800
6201	787.700
11225	787.800
9153	788.100
3493	791.000
8569	791.800
11569	791.200
11401	792.600
1497	793.900
2769	793.600
6581	793.400
4189	797.500
8525	798.800
3777	799.100
4637	799.600
5717	801.000
9425	800.200
1697	803.100
10997	803.500
4305	805.000
5853	804.400
6213	804.300
7497	805.000
10569	804.700
1717	805.300
4581	805.500
7241	807.500
7245	807.400
7541	807.900
8137	807.900
5421	808.300
5601	808.800
7809	809.000
8209	808.800
1325	809.200
9381	809.100
1097	810.400
417	811.200
1025	811.300
1041	811.100
3289	811.400
7941	811.400
10505	811.200
11257	812.000
11829	811.600
12293	811.800
7553	812.400
5861	818.300
8965	818.400
3961	819.500
6501	819.200
7793	819.300
8733	819.800
10713	819.500
5897	823.000
6317	823.700
637	824.200
1829	824.800
5709	824.400
9065	825.200
12325	825.600
11929	827.000
3353	827.400
4349	827.500
11885	827.700
8409	829.200
749	830.500
2385	830.800
10961	830.200
11577	830.200
7713	831.100
5957	833.500
185	835.800
5489	835.100
3245	837.800
8981	837.400
5633	838.400
5637	839.000
10125	838.400
4941	839.900
3153	843.500
10369	843.900
421	845.000
4161	844.200
3661	845.100
10077	846.200
1493	847.800
5029	848.300
7321	849.400
12157	849.900
4121	854.600
10477	854.900
12233	854.400
1997	856.200
4969	856.200
3793	858.400
4637	858.300
2213	859.700
2429	859.700
7377	859.200
8169	859.800
9329	859.500
10349	859.600
11541	859.900
1469	860.200
4989	860.500
7937	860.100
1129	861.100
3885	862.900
5401	862.600
9837	862.600
11045	862.300
3981	863.200
10385	863.900
1253	864.600
1985	864.100
7261	864.700
9549	864.800
2913	866.000
4961	865.100
5681	865.500
7173	866.000
5593	866.300
5621	866.900
11701	866.200
9629	867.900
11473	867.300
3313	868.200
9441	869.700
9505	869.400
3005	870.400
3865	870.300
365	872.000
10189	872.400
637	873.800
6097	873.300
4269	874.400
5997	874.300
997	875.700
3797	875.800
7117	875.600
8561	875.400
3737	876.500
5821	876.600
10321	877.400
7469	878.200
801	879.500
4309	879.200
11833	880.000
577	880.300
661	881.100
11645	882.000
3209	882.800
10717	882.800
4325	883.300
6197	883.700
7217	886.800
1085	887.800
5189	887.900
5933	887.500
11609	887.900
321	888.500
1141	888.500
1965	888.800
3809	888.300
5165	888.700
841	892.000
1165	891.900
1641	893.500
6029	893.800
1765	894.100
4353	894.900
5197	895.600
5589	895.900
1377	896.600
2205	896.100
2953	897.000
8173	896.600
10065	896.300
6341	897.200
10221	898.700
3661	900.900
5357	901.100
9741	902.000
9945	901.900
8785	902.100
261	903.900
1937	903.300
2233	903.300
2825	903.900
3149	903.800
5525	903.300
5685	903.800
7741	904.000
8045	904.000
9705	903.500
11297	903.300
12105	903.400
3245	905.800
8645	905.100
10737	905.400
3513	906.600
4637	906.100
5529	906.400
9541	906.400
2237	907.500
2025	909.500
2269	909.700
6957	909.100
8513	909.100
1097	910.700
3989	910.400
4205	910.600
8557	910.900
1021	911.900
1497	911.900
3801	911.800
4085	911.600
4473	911.900
6077	911.400
6097	911.500
6237	911.800
6653	911.700
7905	911.500
8933	911.700
8953	911.300
9217	911.700
9313	911.800
11837	911.600
8421	912.900
3489	914.700
5597	915.300
7853	919.300
5401	920.400
6421	920.400
10949	920.400
7005	921.100
9237	921.100
2401	922.100
3925	922.300
7705	922.800
325	923.700
8557	923.600
10877	923.400
5773	924.400
1229	927.500
1685	928.000
4901	927.400
12241	927.300
1853	932.200
2405	932.800
4293	932.100
7465	932.500
8437	932.500
10209	933.000
4433	933.500
6881	933.200
6981	933.800
12305	933.200
10301	934.100
10493	934.100
3705	937.600
6557	937.400
11809	937.600
6385	938.400
8877	938.900
10245	938.400
11645	939.900
8705	940.700
11613	940.300
6825	941.100
11781	942.800
77	943.700
8945	944.100
4801	945.500
4805	946.000
1325	946.600
5769	946.800
5481	947.800
6133	947.900
7425	947.800
9805	947.500
2665	948.800
8981	949.800
1765	950.800
5453	950.700
8821	950.200
10929	950.400
11617	950.800
297	951.700
1345	951.100
4721	951.100
6477	951.500
6781	951.100
7369	951.300
11765	951.900
11593	952.200
309	955.600
4013	956.800
12273	956.300
12365	956.800
9253	957.100
10185	958.100
1005	960.400
7505	962.400
7897	962.500
3209	963.400
6445	963.300
6613	963.700
6633	964.000
8453	963.700
1789	965.000
4453	964.300
10169	964.600
9761	965.300
6341	966.600
8865	966.500
10025	967.300
10397	967.100
11481	967.600
9149	972.000
7281	972.400
1677	973.400
5277	973.900
6753	973.100
9993	974.100
133	979.700
1737	979.700
7493	981.400
9477	981.400
5789	984.600
6213	984.100
9949	984.500
1085	985.300
1433	986.500
2093	986.300
3449	986.200
4925	986.500
6313	986.800
8465	986.700
9541	986.500
9729	986.500
12413	986.600
12441	986.300
2509	987.800
10277	987.100
12437	987.700
10249	991.800
10465	991.500
11257	991.400
12313	991.400
701	992.100
2705	992.300
6201	992.900
6657	992.300
3933	993.900
513	995.000
5233	994.600
6377	994.300
6621	994.900
8773	994.200
11361	994.300
10325	995.500
7361	996.200
4369	998.400
10517	998.100
