# NEST version: 3.6.0
# RecordingBackendASCII version: 2
sender	time_ms
3506	159.300
7762	159.300
9710	160.700
10190	160.500
6770	161.500
6866	162.700
8462	162.800
9818	162.400
4150	163.700
8482	164.000
9982	163.900
34	164.900
162	164.300
1178	165.000
5142	164.800
5570	165.000
5638	164.800
5850	164.500
8982	164.200
9138	164.600
1090	165.200
2982	165.400
3126	165.200
4582	165.200
4614	165.500
5098	165.700
5314	165.100
5530	165.500
5934	165.600
7278	165.500
7750	165.800
9070	165.100
10514	165.200
10962	165.200
11406	165.500
9178	170.900
9966	174.300
86	177.200
7942	177.600
8270	177.700
11230	177.700
6722	179.000
7654	178.100
8062	178.300
8434	178.200
8466	179.000
8666	179.000
12266	178.600
4354	179.600
8874	179.100
8962	179.800
10386	180.000
11942	179.100
218	181.000
3366	180.900
8146	180.600
8574	180.800
2742	182.800
3518	182.400
11786	183.100
414	184.200
4882	184.700
6238	184.800
9642	184.400
9810	184.700
9838	184.200
10398	184.100
3050	185.500
7990	185.300
2102	187.600
9854	188.700
3994	189.100
4750	189.200
6994	190.100
7070	190.800
8882	190.800
2902	192.200
11922	192.200
3010	193.600
1910	195.200
7902	195.500
898	196.900
5898	196.400
11806	196.100
334	200.800
7566	200.200
4518	201.400
1426	202.200
3814	202.600
6670	202.900
1090	203.600
3946	203.300
4510	203.600
4830	203.400
5814	203.100
9306	203.100
3954	206.600
6326	206.300
9898	206.300
4958	207.700
11494	207.600
3194	210.500
6810	211.000
12110	211.900
6894	212.900
5334	213.200
7326	215.900
1318	216.200
11050	216.200
374	218.700
1018	218.100
2862	218.900
6702	218.900
2490	220.200
3854	220.700
9914	220.600
9530	221.200
910	222.100
1714	222.300
5194	223.000
7742	222.900
8130	222.100
11994	222.800
6882	223.300
8190	223.100
9830	223.300
8866	224.900
12042	225.300
2074	226.700
5182	226.700
7046	227.200
8474	227.400
9186	227.900
5066	228.100
5702	229.800
3882	230.500
5442	230.900
6850	230.100
8890	230.600
11210	230.400
4094	234.000
9506	234.000
10242	234.000
4446	234.200
1814	236.500
9454	238.000
11742	238.200
9654	239.500
10522	239.900
11326	239.700
2362	240.400
7670	241.000
7614	241.800
2726	242.900
3930	242.200
11882	242.500
3310	244.000
7114	245.000
3774	245.200
5070	245.900
11518	246.000
4750	246.100
10382	246.900
11214	246.500
11362	246.900
3430	248.200
4414	248.800
4010	250.800
110	253.600
4782	255.000
11506	254.400
12034	254.900
12474	255.000
182	255.700
2182	255.600
7730	255.500
134	256.600
2350	256.800
9402	257.000
366	258.800
5554	258.200
9170	258.800
446	259.100
5942	259.200
11866	259.400
178	261.700
1934	261.500
6658	262.900
8930	262.500
4270	264.000
5430	263.300
8874	263.600
242	264.200
790	264.900
2210	264.700
2374	264.600
5346	264.700
9294	264.600
12138	264.500
146	265.900
878	265.300
7718	265.100
8070	265.300
10810	265.100
5774	267.200
2806	270.000
2730	270.900
3118	271.600
11030	271.400
1298	272.300
5994	272.900
6894	274.000
8554	273.700
11242	273.700
5342	274.500
8606	274.100
938	275.300
3198	275.400
3238	275.500
11190	275.700
6030	276.500
12206	277.900
11918	278.800
3466	281.600
4314	281.800
6354	281.400
8758	282.300
9050	282.500
1462	283.700
1698	283.900
4318	283.500
1030	284.300
8862	284.200
3310	285.600
954	286.300
6890	286.400
7086	287.000
9150	286.200
6606	287.900
7638	287.400
1046	288.800
1294	288.600
2690	288.100
3230	288.500
9990	288.200
11558	288.700
11734	289.000
11942	288.200
11498	289.200
9770	291.000
9490	293.000
9506	294.000
6550	294.500
7718	294.700
5230	295.900
5942	295.700
9046	296.000
3410	296.500
3430	296.800
5162	296.500
5406	296.100
7110	296.600
10338	296.700
11034	296.300
11494	296.400
4266	297.500
2346	298.900
7434	298.400
10702	299.800
12042	299.400
3254	300.500
118	303.900
6418	303.200
10562	303.100
7058	304.400
9226	304.900
374	305.600
7002	306.700
9302	306.500
9918	306.200
10502	306.900
12394	306.600
1402	307.100
8278	309.500
11042	309.200
6314	310.400
8438	310.100
2842	312.800
3038	313.900
9830	313.700
10310	314.000
5286	314.400
8998	314.300
9090	314.400
6350	317.200
9170	319.500
3502	320.800
4970	320.400
8210	320.600
10906	320.500
3570	321.100
8798	321.900
9806	322.900
9946	323.000
10810	323.000
1970	323.900
4910	323.100
7666	323.400
6226	325.100
12026	325.900
4510	328.400
6414	328.800
12134	329.800
6374	330.500
9962	330.400
750	331.600
6082	331.700
11498	331.600
1726	332.700
6578	332.300
6014	333.900
12174	333.500
8582	338.100
2874	339.800
5706	339.400
6878	340.000
7946	340.000
9026	339.300
6070	340.500
7090	340.800
8078	340.200
8882	340.300
9430	340.700
1510	341.800
2166	341.200
5458	341.100
11650	343.400
3962	344.600
5742	344.100
10190	344.700
1402	346.000
9270	345.500
10642	345.600
5306	346.300
4010	347.900
7826	347.800
8174	347.700
11218	347.900
11562	347.900
5470	348.100
7854	348.500
11210	348.700
12414	350.000
230	350.700
2014	352.700
3518	352.400
5542	353.900
11918	354.200
1046	355.100
6002	355.900
5110	356.700
18	358.000
3522	357.700
5030	357.400
9714	357.800
11790	357.700
12198	358.000
4214	358.200
10022	358.200
3838	360.500
7858	361.300
3502	362.900
2694	363.600
3882	363.900
4838	363.600
5606	363.600
8906	363.900
10646	363.200
2910	365.000
8754	367.400
9386	368.000
5518	369.100
6762	370.100
3446	371.200
2902	373.100
62	374.400
6306	374.500
698	375.600
1550	375.400
2966	375.700
4646	375.100
5814	376.500
10470	376.600
1470	377.200
3274	377.100
3810	377.300
4106	380.000
4694	381.000
190	381.200
2398	381.400
8758	382.000
11754	382.000
11778	381.500
12038	381.200
4678	382.500
4706	382.300
7854	382.900
9306	382.300
5230	383.300
10698	383.100
642	385.600
9202	385.400
12162	385.800
1206	386.600
5614	390.900
7306	392.000
430	392.600
3198	392.900
4202	393.000
730	393.100
1342	393.300
5186	393.600
4714	396.700
5798	396.400
7870	396.700
9090	396.800
2874	397.100
9630	398.600
8750	401.200
8002	403.700
690	404.800
746	404.500
3730	404.900
3890	404.800
4306	404.300
4510	404.200
6826	405.000
6994	404.200
6	405.900
6658	405.100
294	407.300
58	408.300
10758	408.700
4862	409.400
954	411.200
3530	411.600
3674	411.900
4898	411.200
7398	411.800
7842	411.600
8706	411.100
3130	412.200
4634	412.300
11922	412.700
7358	414.300
4486	416.800
7654	416.500
8126	416.400
5530	417.900
2862	418.400
3462	419.400
6458	419.700
7982	419.400
9314	419.600
9914	419.800
5922	420.800
522	421.500
2842	421.200
6074	421.100
4406	422.200
5590	422.300
6258	422.200
11598	422.200
12250	424.900
1470	428.400
6938	428.600
11930	432.400
1266	433.300
9186	433.500
5774	435.200
8494	436.900
9022	436.100
118	437.300
3586	437.600
2194	438.300
3922	438.300
5342	438.200
5710	438.500
6902	438.300
10422	438.400
12326	438.400
3158	439.600
8186	442.300
4750	444.300
11358	444.500
1290	446.100
3894	446.600
4922	446.600
7106	446.400
7878	446.600
1198	447.200
1926	447.200
4502	447.600
10238	447.900
10658	447.500
11658	447.600
10002	448.400
11210	448.200
11490	448.100
8686	451.700
6810	452.900
6982	453.000
3694	453.300
7478	453.700
11042	454.800
11666	454.500
3650	455.400
4850	455.200
5974	455.300
1302	456.400
6334	458.000
8734	457.700
1758	458.100
10146	458.100
12122	458.100
2222	460.300
5450	463.500
1050	465.400
2190	465.400
4102	465.800
7206	465.400
1890	466.400
2338	466.100
8946	466.200
214	467.600
2682	467.400
3510	467.400
4466	467.700
5394	467.200
10370	467.200
8462	468.600
11218	468.600
4186	469.800
8822	469.200
9430	469.300
362	470.300
3022	470.400
4342	470.600
12410	470.400
2018	471.700
4306	471.300
5738	471.700
7310	471.700
8170	471.200
8630	471.500
11178	471.100
11630	472.600
294	473.400
7278	473.800
10522	474.900
1466	475.400
2394	475.300
8070	475.900
5078	476.600
230	477.800
4882	477.200
12090	477.400
3074	478.300
4082	478.700
5234	478.300
10786	478.900
4174	479.300
11034	480.100
3190	485.600
3670	485.300
4126	486.100
3062	487.500
11298	487.900
162	490.400
374	491.800
7510	491.100
8918	491.800
682	492.200
9250	492.800
11490	492.400
4838	493.800
5182	493.200
8834	493.600
5678	494.500
8638	495.000
10734	494.100
746	495.900
5710	495.900
7346	495.100
11334	496.400
7086	497.700
7970	497.100
8810	497.300
12290	497.100
242	499.000
5450	498.800
9342	498.800
9726	498.800
11502	498.800
4034	499.100
5514	499.600
6242	499.600
1618	500.600
10874	500.600
6062	501.200
1302	502.100
1514	503.700
1538	503.800
802	504.600
5694	504.300
12450	504.100
8578	511.600
9510	512.000
8882	512.400
10882	512.400
4958	513.800
8474	513.800
274	514.800
858	514.600
406	515.800
3878	515.800
1306	516.600
2318	516.100
8270	516.300
98	518.400
4466	519.300
6994	521.200
4182	522.900
4798	522.600
4910	522.300
7894	522.800
9842	522.800
3638	523.800
8678	523.700
9282	523.700
9602	523.600
1586	526.900
3998	527.900
4446	527.500
11070	527.400
5878	528.700
9890	529.900
5534	530.600
10238	530.800
12342	530.400
2210	531.100
6418	531.300
7762	531.600
9950	533.100
11130	533.900
2002	534.500
9314	534.800
10614	534.200
11398	534.100
10242	535.700
5550	536.500
11298	536.800
6770	537.300
7030	537.100
1534	538.800
3474	538.600
750	539.600
11974	539.700
7902	540.500
11094	541.000
10970	541.500
850	542.800
4782	542.600
10206	542.400
3482	544.600
1186	546.000
8758	545.900
3378	546.700
7758	546.200
1414	554.400
3034	554.500
6414	554.500
11034	555.000
11954	554.900
74	555.200
6074	555.800
8030	555.100
12250	555.100
8578	558.100
1362	563.600
11210	563.200
278	564.300
10502	566.100
3050	567.200
6034	567.800
8618	568.900
326	569.800
3622	569.200
6722	569.700
9730	569.200
5850	570.500
9158	570.600
9238	571.200
10386	572.900
11774	572.500
3038	573.500
12126	574.600
6890	575.400
1594	577.000
5774	577.000
8222	577.000
12094	577.000
2966	577.400
8298	578.000
11490	577.200
4990	578.100
9094	580.500
1506	581.200
6330	581.400
1790	583.900
4342	584.000
2402	584.700
4158	585.000
6118	584.500
7706	584.600
8582	584.300
3950	586.000
6546	586.000
7478	585.700
7858	586.000
11922	585.500
12118	585.900
12214	585.200
990	592.700
3142	592.900
5738	592.100
2718	593.600
4694	593.800
10962	593.400
1602	594.200
7634	594.300
11890	594.900
322	597.200
3254	599.200
3274	599.100
378	600.400
6718	600.500
8242	601.900
5098	602.800
1514	603.400
2362	603.900
2842	603.400
7334	603.100
8538	603.800
9082	603.500
4290	604.500
6602	604.600
8750	604.300
10366	604.500
8986	605.200
9990	608.700
4666	610.000
6102	609.900
4990	611.000
6890	610.900
10010	610.800
11474	610.400
138	611.700
5430	611.700
9630	611.100
3422	612.500
6930	612.200
1266	614.900
2106	614.400
2342	614.300
6298	614.900
12014	615.800
2310	616.800
4074	616.700
4478	616.200
4606	616.200
7674	618.800
11542	618.900
4474	619.400
8726	619.400
1270	623.100
750	624.700
1342	624.500
1590	625.000
2794	624.700
3822	624.300
4926	624.700
3510	626.000
8474	625.500
12438	625.600
2862	626.200
11190	626.900
5078	628.500
10918	629.000
7310	629.300
11958	629.200
5406	630.500
7022	631.600
7658	632.100
11606	632.900
3254	633.300
6042	633.600
9406	633.400
6630	636.200
7854	636.800
8626	636.200
4186	637.300
6378	637.600
7222	637.700
9222	638.000
1870	638.300
4070	638.800
526	639.600
2610	639.400
3386	640.000
3766	639.500
2918	640.400
3478	640.500
6698	640.900
12326	640.800
2410	642.200
9710	643.000
326	643.700
726	643.200
10162	643.800
1938	644.200
10106	644.100
10966	644.600
162	647.600
1386	647.300
5206	648.700
1382	649.900
2338	649.200
3670	649.600
5802	650.400
2286	652.600
8270	653.400
446	654.500
3118	654.900
3786	654.100
10790	654.500
11486	654.400
4606	656.000
1790	657.000
11194	656.100
11794	656.300
2002	659.800
890	661.700
2222	662.700
4010	662.600
7730	662.700
134	663.400
1206	664.000
6902	663.700
9146	663.500
490	664.600
902	664.600
1970	665.000
3498	664.600
4906	664.900
6202	664.800
6714	664.400
6934	664.600
8286	665.000
1682	665.300
1846	665.400
5070	665.400
6770	665.100
7398	665.300
7826	665.900
7842	665.800
12342	665.200
9822	666.700
8686	668.200
9554	668.800
1058	669.500
7242	669.800
7838	669.200
8582	669.100
750	670.400
9394	670.400
10202	670.500
10522	670.400
11926	670.400
6374	671.500
8066	671.400
8554	671.300
10214	671.300
12230	671.100
1734	674.000
5222	673.300
9842	673.800
11458	674.300
7166	675.600
2166	676.200
3594	676.900
4266	676.300
4314	676.600
5078	677.000
5850	676.400
5874	676.300
9050	676.600
11510	676.300
2314	677.700
3074	677.500
5054	677.800
7806	677.200
11082	677.600
7210	679.000
7566	678.100
12466	678.300
1362	680.200
8982	680.400
11322	680.800
10806	683.600
3246	685.500
4218	685.700
262	686.800
7934	686.700
8786	687.000
8890	687.000
934	688.000
1782	687.600
2158	687.800
3458	687.500
7086	687.100
9086	688.000
9830	687.100
10530	687.800
10626	687.600
11942	688.000
3502	688.700
8758	688.800
12006	688.100
4502	690.400
6106	690.300
7586	690.400
1730	691.400
1890	692.000
8802	692.000
6446	692.300
7826	692.800
11110	692.900
7302	693.100
7666	693.800
8030	693.300
9098	693.300
9890	693.200
10442	693.100
2390	694.500
3870	694.100
1550	695.900
10414	695.600
7182	697.500
6630	698.600
7126	698.400
7574	698.300
6002	700.000
12158	699.400
5242	701.000
11318	700.300
3262	701.200
8306	703.500
978	704.700
6478	704.400
9014	704.600
1062	705.500
2018	705.700
5162	706.700
7006	707.000
8254	706.900
10782	706.500
3978	707.300
7806	708.300
1642	711.500
7434	711.500
2982	713.000
8294	712.200
11586	712.800
12106	712.500
10094	713.600
8146	715.600
6602	716.400
9374	717.000
7758	717.700
990	718.700
2874	718.600
4086	719.000
6454	718.900
8434	719.000
9286	718.100
12266	718.900
198	719.700
642	719.400
1590	719.800
3610	719.200
7614	719.200
7990	719.400
8762	719.700
9818	719.300
11266	719.200
8306	721.900
230	722.400
322	722.600
8438	722.300
9082	722.500
11442	723.000
1434	723.700
4526	723.600
6694	723.600
4426	725.100
12394	725.300
11606	727.700
958	728.800
498	729.100
2602	729.400
42	731.900
4766	732.000
6510	731.300
1438	732.200
4270	733.500
7590	735.300
10010	735.600
5814	736.600
10850	736.500
10902	737.100
4606	739.100
3114	740.500
2382	741.700
9842	741.800
1554	742.900
5758	742.900
6022	742.100
8222	743.000
7002	743.800
10482	743.300
11166	743.300
11458	743.200
2	746.000
2362	747.500
12450	748.700
686	749.400
5822	749.700
10722	749.700
9770	751.000
5302	751.300
6498	751.500
4478	753.900
8766	754.000
1654	755.000
2410	754.400
2902	754.800
4534	754.300
1490	755.300
7362	756.400
9242	756.800
9526	756.500
10794	756.200
1330	757.400
8286	757.200
594	758.600
2986	758.400
11030	758.900
8246	759.700
8274	759.800
1694	760.600
11794	760.200
4458	761.500
6686	761.900
5710	762.300
6722	763.300
7714	763.200
8110	763.500
11418	763.500
12250	764.900
6846	765.900
9050	765.300
4486	767.600
11542	769.600
150	772.800
7078	772.700
7438	772.800
722	773.700
1886	773.300
3250	773.800
4138	773.800
12094	773.500
2770	774.200
5074	774.100
11594	774.600
11658	775.000
30	775.100
1030	775.200
5078	775.400
11726	775.200
12494	775.600
3046	776.400
5550	776.400
5686	779.800
6222	779.600
7970	780.000
11930	779.700
5022	780.800
8406	780.100
8398	781.700
10254	782.000
11282	781.100
7762	782.800
9622	782.800
12470	782.700
690	783.200
8794	784.700
11834	786.300
5142	787.500
7826	788.400
8630	788.300
12286	788.600
3650	789.400
11718	790.500
9286	791.600
4230	792.700
4874	792.300
6246	793.400
6314	794.000
9210	793.800
10038	793.200
282	795.500
4554	795.900
4718	795.400
2234	796.500
5750	796.200
11926	797.200
5542	798.900
4346	799.900
1614	800.900
4130	800.100
4178	800.100
11054	800.800
7550	801.300
7726	803.800
1490	804.500
1554	804.500
3014	804.400
3730	805.000
5254	804.100
10342	804.300
12038	805.000
6090	806.300
6498	809.800
7130	810.200
11446	810.400
5354	811.900
1106	812.300
5642	812.300
2902	813.900
2982	813.200
7306	813.400
7346	813.700
12298	813.600
2554	815.000
9918	815.000
10562	816.400
8306	818.000
8482	817.100
2482	818.500
7474	818.900
10694	818.700
11398	818.700
1734	819.600
2862	819.200
3538	819.100
4574	819.900
7562	819.600
10702	819.500
5622	822.000
11034	821.500
2194	824.600
3750	828.000
5502	827.300
4790	828.200
5358	829.000
8702	828.200
9590	828.300
11206	828.700
4186	830.700
4402	830.200
4766	831.400
7086	831.100
3694	832.600
4742	832.900
12326	832.800
342	833.700
4466	834.000
8854	833.500
11974	833.700
5570	834.300
8594	834.300
10082	835.000
2158	835.800
2214	835.800
3018	835.200
4374	835.800
3910	836.500
4438	836.300
5734	836.600
3998	837.100
726	839.600
782	841.000
7290	842.700
1402	843.600
4210	843.500
6298	844.000
9382	843.600
1098	844.200
5362	846.100
322	848.900
5466	848.500
6510	848.600
10066	848.200
1758	849.900
1966	849.100
366	850.900
5042	851.500
6554	853.600
794	854.200
7802	854.300
10234	854.600
10254	854.600
12206	854.500
3674	856.800
5134	856.900
10858	856.300
1986	857.200
5018	857.100
11686	857.200
146	860.000
9822	860.300
2230	861.800
5914	861.100
6378	861.300
10770	861.700
3622	862.500
11914	862.500
1834	863.700
9290	864.000
6030	865.800
6406	865.700
1886	866.200
2454	866.200
2862	867.000
6310	866.200
7518	866.900
7566	866.700
8698	866.200
334	868.000
4958	867.500
7414	867.100
9186	868.000
9626	867.600
10730	867.400
11202	867.200
11362	867.800
230	868.300
358	868.100
522	868.100
5506	868.300
7106	868.200
7194	868.300
8474	868.200
8594	868.100
9602	868.200
3930	869.900
2618	870.200
3022	870.800
5922	870.700
9166	870.200
922	871.800
9778	871.900
7030	872.600
3794	873.100
6062	873.200
8434	873.400
9314	873.800
12378	873.700
966	875.000
5070	874.900
7326	874.100
2766	876.000
5918	875.600
7286	875.700
9082	875.100
10458	875.300
1742	876.300
4526	876.900
82	877.300
198	878.000
3278	879.000
5114	878.400
5414	878.600
6942	878.800
7202	878.600
7358	878.700
9970	878.600
10222	878.600
12314	878.900
178	879.100
5674	879.100
6002	879.100
9414	879.400
9918	882.200
3386	883.100
5698	883.200
9422	883.800
4342	884.900
10422	885.000
98	885.700
3170	885.800
6082	885.400
6202	885.300
3590	887.700
7310	887.400
8406	888.000
11918	887.500
850	888.300
11130	889.500
2274	890.200
7326	891.200
9170	891.200
4330	893.900
4086	896.400
4258	899.300
5194	899.500
11930	899.200
710	900.500
2390	900.300
2662	903.000
274	903.100
2338	903.800
2002	905.000
2914	904.300
3074	904.100
7742	904.400
9786	904.800
9818	904.600
10746	904.800
4446	905.200
4790	905.300
6902	905.700
8214	905.300
9226	905.900
8878	906.400
10254	907.000
12338	906.400
1510	907.300
5458	907.100
5590	907.200
9402	907.700
10790	907.800
10878	907.200
8222	909.400
12258	909.500
2450	910.600
9394	912.400
5110	914.800
7058	914.800
8450	914.200
11686	914.900
3622	915.200
9038	915.800
622	918.800
7098	918.400
8758	918.400
9474	918.600
12038	918.800
378	921.000
7226	920.400
3674	922.000
5526	922.000
8262	921.400
9738	921.600
10874	921.300
9314	922.500
9850	922.100
2718	923.700
8862	923.100
1030	925.200
3482	926.100
4362	926.800
4842	926.600
3994	927.900
5054	927.900
5582	928.000
6854	927.100
11978	927.500
3310	928.700
7806	928.700
2258	929.900
2918	929.100
3014	929.700
4838	929.200
4922	929.700
6806	929.800
7254	929.400
7626	929.900
10890	929.600
3198	931.000
4062	930.300
6062	931.400
2362	933.300
5734	933.600
2138	934.400
10150	934.100
2422	935.600
294	936.700
2914	936.600
3922	936.100
938	938.800
11586	938.400
66	941.500
2114	943.600
9766	944.000
958	944.900
3418	944.300
7934	944.700
5822	945.500
1490	946.400
2326	946.900
3306	946.700
8062	946.400
10710	946.900
6686	947.400
8330	947.300
9418	947.300
2362	948.500
5742	948.400
9738	949.600
6922	951.900
5510	952.500
2250	953.900
8934	953.900
4458	955.000
9446	954.900
12338	954.800
922	956.100
1098	956.900
110	957.100
4898	958.000
7642	957.600
7658	957.700
7938	957.700
8550	957.700
9422	957.200
1914	958.200
6310	958.300
6354	958.300
7774	959.400
3710	961.300
8222	961.400
11446	962.700
8866	963.900
1778	966.100
10806	966.300
11474	966.300
4502	967.300
1566	973.100
670	975.100
5146	975.100
9598	975.800
8502	976.100
11410	976.100
3714	978.900
5738	978.700
9458	978.700
11846	978.400
58	981.400
9862	983.600
8298	986.700
11110	987.800
11318	988.300
3318	991.200
1618	992.400
3766	992.600
5610	992.500
2878	994.000
7802	996.000
10982	995.900
2982	996.100
10702	996.500
4474	998.200
8874	999.400
