# NEST version: 3.6.0
# RecordingBackendASCII version: 2
sender	time_ms
11825	157.900
2013	159.700
3889	159.800
6701	159.800
11029	160.800
10333	161.200
9817	165.200
2533	166.200
12305	166.600
765	170.200
10217	170.400
6709	171.200
9729	171.400
10337	171.500
11121	173.200
1161	174.800
8981	175.800
11177	175.900
11909	175.800
12297	176.600
1669	180.400
5745	180.500
7637	180.900
10185	180.100
1597	182.400
2593	182.400
4673	183.000
6641	182.200
7037	183.000
7053	183.000
12309	183.200
497	184.600
1041	184.600
3737	184.300
5969	184.100
7693	184.900
8357	184.600
8617	184.600
9657	184.500
11589	184.500
21	185.100
6973	185.600
11269	185.700
1829	187.100
7645	187.600
10605	187.300
11453	187.700
1445	190.800
2497	190.200
3805	190.700
553	191.500
3121	192.100
5569	193.800
7445	193.400
7617	193.100
11057	193.900
4597	194.300
9097	194.600
11357	194.300
6837	195.200
8733	196.500
5977	197.300
9545	197.300
10673	197.400
7993	198.400
10085	199.800
897	200.200
3933	201.100
5005	201.900
5201	202.000
9065	201.300
1425	203.000
7969	202.900
9793	202.900
753	203.100
2385	203.100
5097	203.600
6669	203.800
12373	204.700
5565	205.800
2633	206.800
8609	206.600
8833	206.500
9681	206.800
585	207.700
7165	207.900
12157	207.700
2845	209.500
7973	209.200
1581	212.100
9993	212.600
1793	214.800
6885	214.100
7681	214.700
1113	215.800
2785	215.500
5045	215.800
8869	216.000
12425	215.700
3301	216.500
7981	216.100
1189	223.000
6397	223.400
8725	225.100
4021	226.300
4409	226.300
12433	226.500
8413	227.300
7305	231.100
3125	234.900
1281	235.800
10153	235.900
469	236.600
4933	236.800
7545	237.400
10277	237.900
2101	241.000
3017	241.700
4973	241.800
6881	241.700
10869	241.800
10913	242.000
4453	242.200
11381	242.200
5365	245.700
2713	246.400
7937	246.400
12209	246.800
2001	247.400
2861	248.800
5793	248.400
1825	250.000
3773	249.800
9041	249.800
861	250.600
2809	250.900
7453	251.000
1765	251.100
3033	251.200
3217	251.800
5901	251.500
7501	251.800
7637	251.500
7745	251.300
2993	253.000
11145	252.900
11353	255.200
761	256.600
229	257.900
7605	258.300
9769	258.600
377	259.700
2557	259.100
4125	259.800
5821	260.000
3525	260.100
5233	260.200
6489	260.900
9565	260.800
9385	261.300
1237	262.100
3377	262.400
6169	263.700
9369	263.800
9917	263.400
12437	263.500
7677	266.700
2577	269.300
5273	272.000
4757	272.300
7805	274.600
10881	274.100
12309	274.200
1953	276.400
7117	276.400
6753	277.300
4989	278.400
8885	278.700
2409	280.200
4825	281.000
7821	280.500
8421	280.100
157	282.000
1717	282.000
1585	282.700
2685	282.200
3061	283.000
3585	282.500
5125	282.300
5589	283.000
8877	282.400
9329	283.000
11885	282.800
12177	282.500
1121	283.100
1473	283.100
6385	283.200
8909	289.300
5365	290.400
2001	292.600
5029	292.900
8821	292.300
4269	293.300
173	294.500
2149	295.300
2141	297.900
2381	297.700
2661	297.200
10365	297.500
6477	300.000
9237	300.900
9865	300.600
3209	301.500
6593	302.000
1797	302.200
2521	303.000
10273	302.200
7265	304.700
2861	308.000
6925	307.600
9457	308.000
5589	308.900
6205	309.000
1021	311.900
5269	311.700
10301	311.300
12497	312.000
7901	312.800
5997	315.400
6385	315.800
10341	316.400
2169	318.800
5677	318.800
4313	319.800
6969	319.200
7737	320.000
1017	321.000
1029	321.000
1057	321.000
1081	320.200
2057	321.000
4349	320.400
5057	321.000
5097	321.000
7965	320.500
8581	320.800
8881	321.000
9109	320.100
9297	320.900
10305	320.800
3361	322.000
4901	321.600
7769	321.200
8309	322.000
9645	321.200
11769	321.300
189	322.200
3861	322.600
4273	322.300
12045	322.200
11917	326.300
6561	328.600
12281	328.300
9877	330.400
12077	334.000
5697	334.300
7617	334.600
6153	336.400
10601	336.900
1225	337.300
1297	337.700
4849	337.400
9549	339.200
3425	340.900
11725	340.200
6065	342.700
8777	342.500
9837	343.000
1701	343.200
5937	343.600
6069	343.100
12237	343.500
6377	344.400
6525	344.900
7541	344.200
9001	344.100
833	345.300
1237	345.400
6317	345.800
7537	345.800
8341	346.000
2629	346.500
2969	346.500
3649	346.700
5717	346.400
4237	347.500
5341	347.700
10517	348.000
1681	348.300
4741	348.700
6213	348.900
3809	350.600
5977	350.800
6817	350.500
4133	352.000
3661	352.900
6881	352.700
8901	352.500
1649	354.300
4189	354.500
7045	354.400
8949	354.400
10737	354.100
9865	355.500
829	357.100
7269	357.800
1745	358.400
841	359.400
11053	360.300
1865	361.500
5633	361.800
6369	361.100
10209	362.100
10265	365.900
6693	368.000
8425	368.700
11589	368.800
989	370.800
2549	370.800
7653	370.200
10441	370.300
5665	371.400
6541	373.200
1493	374.700
7581	374.900
3305	375.400
4821	375.500
10605	375.400
7933	376.700
153	378.900
6441	379.000
8561	379.000
7193	380.000
10557	380.000
10193	380.100
11909	380.800
469	383.300
1321	384.200
6937	384.900
2349	385.600
5541	385.300
9717	386.500
11997	386.200
5189	388.200
7385	388.100
7577	389.700
1361	391.700
8797	392.500
7489	393.100
8013	393.900
129	394.400
277	394.400
2385	394.600
3701	394.300
4261	394.100
5365	396.800
7281	396.300
9073	396.900
10205	396.400
101	397.200
4305	398.000
5925	398.300
10153	398.300
8245	400.200
11789	400.700
77	401.100
8857	402.800
9541	402.500
1569	404.700
5961	404.700
7197	404.100
10493	404.900
4093	405.900
7625	405.600
11413	406.100
11505	406.300
11969	407.000
6965	407.600
12221	408.300
10869	409.700
5097	411.000
10085	410.100
6961	412.500
10461	414.300
1201	415.800
7725	415.700
2397	416.100
11065	417.000
8233	417.200
5557	418.900
12277	419.200
10633	421.400
3033	422.300
3577	424.000
2701	424.500
7265	424.200
11973	424.900
1337	425.200
2677	425.300
5613	425.300
6957	425.100
8261	426.000
10733	425.800
189	426.300
1025	426.700
2469	426.100
4525	426.300
6561	426.700
9401	426.400
10369	429.300
5389	432.400
5777	432.900
9145	432.700
3429	434.000
11309	434.900
11681	434.600
5345	435.300
6961	435.800
10321	435.800
1169	437.000
10245	436.100
8165	437.700
11085	438.000
11725	437.300
1133	438.100
73	439.300
7909	439.700
4941	440.300
12117	440.100
2245	441.700
4365	442.900
5789	442.900
5877	442.700
1685	443.200
1921	443.200
3709	443.700
10213	443.200
3529	444.200
4701	444.300
897	445.800
1417	445.700
2677	445.400
2805	445.700
3805	445.500
4177	445.900
8733	445.500
10405	445.900
11745	445.200
1305	446.600
9329	446.100
11457	446.100
6997	448.000
605	448.400
2205	448.900
2509	449.900
3793	450.600
7653	450.800
1677	451.100
4581	451.300
5233	451.100
11785	451.100
3905	453.600
4429	453.400
6109	453.800
7305	453.800
9637	453.200
9293	454.600
1701	456.000
3101	456.200
9997	456.300
11137	456.700
3909	457.500
5341	457.300
8213	458.000
9345	457.200
10065	457.400
537	458.300
9065	458.500
11273	458.100
2065	461.600
7425	461.100
7605	461.900
8473	462.000
869	462.100
1281	462.500
2577	462.900
10109	462.900
9729	463.400
10785	463.600
10817	463.900
5857	468.500
3085	469.300
1045	470.500
7793	470.800
2665	471.200
11197	472.600
5489	473.500
7577	473.500
4181	474.500
6717	475.200
7129	475.200
7309	476.500
1769	477.800
6625	478.900
8161	478.500
11205	478.100
5413	480.300
8765	480.100
9001	481.400
601	482.900
4173	483.000
6733	482.500
9837	482.900
537	483.900
4353	483.100
8017	484.000
2437	484.300
2753	484.900
4237	484.200
5029	484.200
5097	484.200
6069	484.900
8353	484.600
10553	484.900
11965	484.600
12429	484.400
1977	485.100
3209	485.100
3885	485.200
4501	485.500
5081	485.400
8773	485.500
9017	485.700
9949	485.700
10349	485.600
11617	485.800
12449	485.700
5637	486.300
3257	488.200
5165	490.400
5797	490.800
7361	490.700
7945	490.700
8881	490.700
8981	491.500
9677	491.500
12465	491.900
4209	492.600
6885	492.100
4925	493.700
7797	493.300
1217	494.500
2913	494.800
5577	494.800
10977	494.600
10953	495.100
5245	497.300
173	498.600
8957	502.000
3305	503.300
5969	503.500
7489	503.900
10729	503.100
1573	505.000
3905	504.300
4921	504.400
6069	505.300
10745	505.800
7645	507.200
253	508.600
5045	509.900
6845	509.600
8945	510.900
10385	511.000
11401	510.500
13	511.500
12437	511.300
2021	515.000
6485	514.700
7241	514.800
10361	514.300
5233	515.100
11885	515.800
41	516.800
1793	516.900
3901	516.900
7617	516.200
4489	517.700
11145	519.500
2841	520.700
4273	521.100
3925	522.600
4093	522.500
6213	522.400
6737	523.000
9613	523.400
1953	524.900
10789	524.600
4705	525.800
4913	525.500
6581	525.400
10977	525.800
11833	525.100
10713	526.700
9005	528.800
9001	530.500
1613	531.600
3405	531.700
3629	531.900
1677	532.400
3361	532.300
6037	533.700
11585	533.100
2769	535.000
3265	534.200
5549	536.100
7157	536.600
8557	537.000
9217	536.400
12465	538.000
1829	538.700
3865	538.900
5861	538.700
7225	538.100
11489	538.500
993	539.300
5057	540.000
5849	539.100
9817	539.300
8417	540.900
6917	541.100
10873	541.700
2697	542.100
7957	542.500
11021	542.300
5201	544.000
2141	545.400
1853	546.800
1517	547.100
7541	547.200
197	549.000
12493	548.700
8173	549.800
7705	550.200
9345	550.700
10533	550.500
1957	552.000
8625	551.400
3345	552.400
5569	552.600
4325	554.000
5273	553.700
333	554.300
2445	555.000
2805	554.600
4357	554.200
5593	554.100
7797	555.600
10077	555.900
10737	556.300
5657	557.500
6853	558.500
10441	558.700
10465	558.700
3225	562.400
4581	562.700
77	563.900
8705	563.800
2225	565.000
2897	564.300
3297	564.200
3465	565.000
8785	564.600
10881	564.800
701	565.400
4017	565.100
7241	565.600
7969	565.500
11841	565.200
12401	565.200
9425	572.500
4133	573.400
6097	573.200
6153	573.300
8013	573.700
11061	573.600
1729	574.200
3469	575.000
6389	574.400
7281	574.300
11657	574.200
8901	576.000
9505	575.300
9265	576.100
749	577.300
11045	577.900
11833	577.200
11853	577.300
7381	582.000
6073	582.900
6637	582.700
7573	582.200
10529	582.300
7321	583.400
2849	584.200
3069	584.200
3769	584.500
6693	584.700
10733	584.400
11917	584.500
7349	585.100
7713	585.100
10605	585.200
10109	586.900
1185	587.100
8657	590.800
5241	592.500
6981	592.600
3717	593.400
6077	593.400
7377	593.200
4309	595.000
7261	595.000
11761	595.000
11777	594.300
7493	595.200
10397	596.600
8605	599.600
11113	599.200
4185	601.800
7441	603.000
6481	603.800
9321	604.000
585	604.200
3149	604.900
4641	604.100
8017	604.800
9253	604.200
5593	606.800
1577	607.400
2489	609.000
1357	609.500
6369	609.500
8609	609.700
9993	609.800
1173	610.800
2241	610.900
3165	610.900
4381	610.100
8869	610.300
11797	610.400
469	611.200
1721	611.600
2001	611.600
7897	611.500
8785	611.600
10065	611.500
12253	611.700
4893	612.900
10741	612.100
2441	617.000
6109	616.800
7545	616.500
9509	616.900
10721	616.600
10837	616.600
117	617.100
713	617.300
8753	617.100
12361	617.200
7933	619.000
11541	619.600
3933	621.400
617	622.200
10873	622.500
321	623.400
1997	623.800
8377	623.900
9281	623.100
12069	623.100
12153	623.400
4277	624.300
1289	625.900
5225	627.100
549	628.400
12265	628.500
6425	629.900
11057	629.500
1889	630.400
6733	630.200
10505	631.300
10445	633.000
6797	633.900
9617	633.900
11105	633.600
5013	634.300
4361	635.400
11549	635.900
9237	636.800
2085	637.100
6121	638.400
3797	639.800
5729	639.600
7197	640.000
989	641.800
5353	642.600
6197	642.900
8901	643.000
11353	642.600
1589	643.200
3245	643.400
4797	643.600
6325	643.300
6853	643.200
7369	644.800
12309	644.400
1349	645.300
8645	645.200
1949	646.500
2497	646.600
5593	646.400
3201	647.200
4065	648.800
5245	648.200
885	649.300
6473	649.700
11725	649.300
1237	650.600
1937	650.200
3257	650.100
5773	650.300
9421	650.400
5721	652.600
6133	652.100
7793	653.000
10977	652.800
1109	653.900
2285	653.100
4433	653.300
5153	653.600
5273	653.200
7813	653.100
11205	653.400
393	654.300
1097	654.900
9793	655.200
11881	655.800
3529	656.800
4805	657.100
11189	657.100
10889	658.700
2833	659.400
8245	661.000
6137	661.400
10213	661.600
7633	662.500
4701	665.800
4825	666.800
7613	666.300
9361	666.700
10013	666.600
6869	669.000
3205	669.800
69	670.700
3453	670.100
4713	670.500
5521	670.700
7645	670.600
11629	671.000
4589	671.300
9837	671.600
1337	672.100
11821	672.800
10765	673.400
289	675.700
6549	675.700
9629	675.300
11977	675.400
333	676.900
3777	676.300
4309	676.900
12429	677.300
7561	678.800
8493	680.000
197	680.600
1677	681.700
6093	681.700
11429	682.000
8813	682.500
5369	683.600
1417	684.500
10753	684.500
1345	686.300
3517	686.700
8497	686.500
7437	688.000
3121	689.000
4325	688.400
5245	688.100
7193	688.400
8185	688.800
7157	689.100
8297	690.800
10009	691.000
6397	692.500
9513	693.000
11701	692.600
11833	692.400
189	693.200
417	693.600
1189	693.700
6233	693.600
12473	693.100
7789	695.900
2149	696.900
2897	696.600
4921	696.800
6585	696.400
6809	696.200
549	697.900
6489	697.600
7861	697.900
10881	698.100
1517	699.800
4925	700.000
9441	700.000
9725	699.800
1165	700.900
3617	700.500
6189	700.900
6445	700.800
7909	700.800
10737	701.000
4305	701.800
7117	701.500
8881	701.900
2309	702.400
5425	702.500
7645	703.000
7737	703.000
5601	703.900
961	705.000
1873	704.900
3401	704.100
3737	704.700
10845	705.000
6981	705.500
9233	705.700
10121	705.700
2509	706.500
4805	706.600
11357	706.300
11953	706.600
813	709.200
1829	710.200
2677	710.700
4901	710.900
6497	710.900
9597	710.900
885	711.500
569	714.500
1165	714.300
2109	714.100
5217	714.900
6541	714.400
7773	714.300
7973	714.800
1717	715.900
3425	715.600
5805	715.300
7221	715.700
8733	715.200
11289	715.100
12357	716.300
3777	717.700
11617	717.500
11453	718.400
5093	723.400
5821	724.000
141	724.500
7513	724.300
11021	724.100
8797	725.600
11273	725.600
2229	728.100
6077	728.400
2637	729.300
5721	729.800
10477	729.100
11325	729.600
11597	729.900
6509	730.500
2181	731.900
4589	731.800
7693	731.600
5365	732.100
5977	732.700
9729	732.900
10133	732.600
10301	732.400
3805	733.300
3885	735.400
8981	735.100
12117	735.700
7941	736.800
12253	736.500
12429	736.100
2561	738.800
5277	738.100
5797	738.800
11141	738.700
4961	740.200
881	741.200
337	743.000
6697	743.000
1085	743.600
7885	743.900
8009	744.200
2113	746.000
2841	745.100
10601	745.600
73	746.700
6365	746.200
10841	747.000
12233	746.500
1957	747.200
2157	747.900
3709	747.300
4029	747.100
5105	747.400
10745	748.000
12229	747.100
205	749.500
4501	749.200
6881	751.300
1353	754.700
8697	754.200
6513	755.900
2089	756.500
2969	756.600
3777	757.000
7397	757.000
8669	756.800
13	757.700
3469	757.600
3953	757.900
4857	757.700
5969	757.400
8633	757.400
41	758.900
309	759.000
1269	759.000
4801	758.200
4925	758.900
4969	758.400
9605	758.200
9921	758.800
12077	758.400
177	759.100
7129	759.200
5201	760.300
7537	763.300
10417	763.500
4305	765.400
8813	765.700
12045	766.300
453	767.200
3665	770.600
7553	770.700
12037	770.300
417	771.800
3205	771.600
4033	771.300
11673	771.100
3257	773.400
6753	773.100
5513	775.800
6981	775.700
9069	775.200
11873	775.600
1589	776.400
2389	776.900
7901	776.500
11013	776.800
2505	777.800
4049	777.600
10169	777.700
10521	777.600
3837	780.000
4201	779.300
5853	779.600
6633	780.000
1205	780.500
3945	780.500
8877	780.200
2241	781.500
2441	781.800
4677	781.900
6297	781.800
10869	782.000
3909	782.900
11885	782.500
8901	784.500
11289	784.500
1393	787.000
4921	788.700
1121	789.500
1681	789.700
2401	789.700
11629	789.200
5413	791.800
11449	791.100
6217	792.800
11401	792.500
10249	794.300
8989	795.300
1657	798.100
1701	798.500
1765	798.100
993	799.700
5745	800.100
9513	800.700
10245	800.900
2953	801.700
6041	801.300
7189	801.500
11673	801.200
1345	802.300
2377	803.800
10953	804.700
7673	806.300
3021	808.400
7053	808.500
2545	809.900
11765	809.400
9769	811.600
205	812.700
8185	812.700
12229	812.200
8745	814.900
11841	815.300
1201	816.400
1793	816.300
10065	816.100
12265	819.000
5421	821.400
9249	821.800
1273	823.000
1493	822.800
9541	822.500
10213	822.200
10505	822.300
4801	825.000
4181	825.400
4673	826.800
3205	827.800
3297	827.700
3805	827.200
5769	827.300
11181	827.500
6969	828.300
4825	830.600
4081	831.400
4373	831.800
5261	831.800
5961	831.800
6525	832.100
1469	833.400
8433	833.800
73	834.600
8793	834.800
12041	834.500
1357	835.300
2677	835.800
4433	835.800
8293	835.400
3525	836.700
6333	836.100
6405	836.300
7245	836.300
6225	837.500
5029	840.000
7561	839.300
10261	839.800
6965	841.000
1889	842.000
3053	842.000
3989	841.800
5753	841.300
4985	842.600
8073	842.300
10133	842.800
10561	842.600
11597	842.600
12401	842.800
7973	843.100
8529	848.000
8869	847.700
9265	847.200
9525	847.900
1449	848.200
4905	848.400
309	849.800
1057	849.900
11345	849.100
11381	849.500
3869	852.600
6445	852.800
1113	853.800
1873	854.000
2229	854.600
8053	854.900
8953	854.600
6845	855.300
841	856.600
1745	857.200
3469	858.500
5477	858.600
6709	858.800
8269	858.900
9289	858.500
9381	858.700
9993	858.200
10077	858.200
929	859.800
3101	859.700
6113	859.100
6421	859.500
6481	859.100
7625	859.500
8009	859.700
10545	859.800
421	860.600
537	860.600
4297	860.200
5325	860.500
5957	860.100
6397	860.600
6637	860.400
10437	860.700
9677	862.300
4809	863.800
6757	864.000
657	866.800
4093	866.200
5413	866.600
7465	867.900
10961	867.900
6077	868.900
8621	868.200
12425	868.500
197	869.200
557	869.400
4649	869.400
12497	871.000
10913	872.300
10989	872.800
1729	873.800
2421	876.200
7217	876.800
7361	876.500
161	877.100
301	877.900
1341	877.600
1661	877.800
5549	878.000
7349	877.900
8033	877.800
8649	877.700
8997	877.700
10741	877.700
8689	879.700
1497	881.200
3453	882.000
1329	882.600
9781	883.000
9901	882.300
7225	884.000
3073	884.600
149	885.400
3313	885.300
4601	885.400
4989	885.300
5377	885.700
9997	885.800
10333	885.700
6185	886.500
5841	888.000
1321	888.500
5953	888.500
321	889.500
2749	889.500
3265	889.600
5521	889.300
1485	890.500
9213	890.500
6641	893.800
11013	893.500
11557	894.300
6297	895.900
2205	896.100
5089	896.900
8697	897.800
3597	898.600
5357	899.000
10217	898.800
12433	898.600
197	899.800
2149	899.500
3769	899.100
9077	899.200
10557	900.000
12273	899.500
5733	900.500
6705	901.000
4065	901.100
5957	901.600
1861	902.300
5201	902.700
6117	904.000
9249	903.700
3661	904.600
7653	904.800
1217	906.000
1281	905.400
2209	905.700
3765	905.400
7753	906.000
12477	905.500
185	906.100
3033	907.000
8933	906.400
10265	906.800
10565	906.800
2237	907.400
5541	907.700
7361	907.100
10037	907.200
469	908.700
8169	908.200
517	909.900
3805	910.200
1853	911.400
11865	911.600
11761	912.500
2593	914.700
3921	916.000
11633	916.200
12277	916.800
6341	917.600
10709	917.600
12349	917.700
6201	919.300
10421	920.000
9065	920.500
11789	920.300
8609	922.900
10721	922.700
1085	923.200
8881	923.100
9781	924.000
6109	924.100
729	925.900
3993	925.900
1301	927.100
1261	931.000
3125	930.400
3153	931.000
2245	931.200
3209	931.700
5829	932.000
5917	931.700
6385	931.500
9537	931.300
5513	932.800
12301	932.300
7937	934.800
6041	935.700
13	937.000
297	937.000
7793	936.800
3893	937.400
6157	937.200
6797	937.800
7961	937.500
10397	937.900
1185	938.300
2217	938.100
8125	938.300
8357	938.500
10517	938.200
11889	938.100
2449	941.700
9873	943.800
3797	944.800
2717	947.900
8713	947.700
12137	947.500
12317	948.600
8841	949.500
9197	949.500
3085	950.100
8037	950.500
197	951.600
5277	951.600
8421	951.300
11177	951.200
12497	953.100
961	954.500
11705	955.400
10405	956.300
12237	957.000
9457	960.100
9877	961.000
2753	961.200
8561	961.500
9289	961.500
1589	962.700
2001	962.800
2209	962.700
2377	962.200
2397	962.200
2577	962.500
2845	963.000
4681	962.200
11965	962.600
2925	963.100
4293	963.300
4429	963.800
5589	963.100
6613	963.300
7209	963.300
8761	963.500
9833	963.200
11929	963.200
8013	968.600
10717	968.900
12325	971.100
5961	974.000
7573	973.700
8469	973.800
6425	975.400
7441	975.700
9825	975.700
1113	976.900
4273	976.500
2437	977.100
10321	978.000
10949	977.200
9761	978.400
417	983.700
3965	984.000
7973	983.100
1957	984.500
10517	985.900
253	986.200
5173	986.300
3209	987.700
8609	987.300
9857	987.100
829	988.700
4013	988.800
2197	990.000
5089	989.400
7341	989.500
10997	990.000
11105	989.700
4001	990.100
4169	990.100
5997	990.600
9237	990.200
689	991.200
11205	993.700
4433	994.500
8737	994.600
3661	995.300
5273	995.800
9321	997.500
6777	999.000
11921	999.900
