# NEST version: 3.6.0
# RecordingBackendASCII version: 2
sender	time_ms
1418	160.000
1762	159.600
5702	159.800
6622	159.600
6902	159.700
7890	159.900
8378	159.500
8454	159.800
10118	159.300
11766	159.300
2854	160.200
3158	160.200
4290	160.800
5574	160.200
7234	160.500
8838	160.100
10510	160.500
11482	160.600
1702	161.300
7898	161.400
10062	161.300
2610	165.300
6926	165.800
4650	167.700
7258	169.000
10894	169.000
1250	169.800
1694	170.900
4682	170.500
5890	170.700
6066	170.800
8554	170.200
10078	170.300
3174	172.600
6738	172.700
7214	172.100
250	173.400
10550	173.200
7622	174.900
298	175.600
2686	175.900
11126	175.200
1710	176.300
1930	177.200
1506	178.400
7930	178.100
10438	179.500
714	180.500
8486	180.700
2586	182.200
2674	182.300
5902	182.900
254	183.400
394	183.900
12170	183.800
2310	184.200
6450	184.600
10726	184.300
9434	185.800
7886	186.700
9922	187.600
4410	188.400
6166	188.100
9262	188.300
1390	189.500
3226	189.700
11090	189.400
10106	190.600
478	191.300
3990	191.200
10958	192.000
346	192.800
1778	192.400
7738	192.500
8758	192.500
10046	192.700
12254	192.900
9458	193.400
3346	194.100
6338	194.300
10742	194.600
12454	195.600
6546	198.600
5854	199.600
9298	199.800
2118	200.800
2798	200.300
194	201.200
3554	202.700
3858	205.000
10066	204.200
1282	205.500
1458	205.100
1806	205.100
494	207.000
2174	206.400
10778	206.400
2062	208.300
11402	208.900
518	210.500
3266	210.700
10582	211.600
4286	212.600
7814	212.900
2366	214.000
6542	214.000
7146	213.800
8346	213.900
12142	213.800
7282	214.700
8034	214.500
9482	214.500
10598	214.900
10678	214.300
6634	215.700
2114	216.300
4618	216.800
5486	216.300
9338	216.500
2354	217.100
2894	217.300
3198	217.900
3214	217.800
4966	217.800
8390	217.800
8654	217.400
8790	217.500
10462	217.300
11482	217.500
6514	218.200
9930	218.300
11802	218.200
362	220.300
7334	220.900
7962	221.700
1702	223.100
3098	223.100
5498	223.400
8158	223.500
9794	223.900
10266	223.800
10926	224.000
10958	223.100
11150	223.900
11842	224.000
4898	224.200
6034	224.500
3522	226.900
8746	226.700
6754	227.900
10506	227.100
11406	227.300
4918	228.800
10754	228.600
4590	229.600
1174	230.400
1474	230.500
10394	230.300
5982	231.200
2302	232.500
6290	233.700
8934	233.100
9334	234.000
9758	233.500
2910	235.000
3258	234.900
3646	234.800
8150	234.600
9614	234.400
10838	235.000
2254	235.800
11106	235.400
8294	236.200
1990	237.300
5150	238.800
2442	239.200
5002	241.100
3086	243.000
4866	242.200
4998	242.300
8118	242.900
1950	243.800
2710	243.800
7530	243.400
2042	244.900
5026	244.700
5998	244.800
6162	244.600
6518	244.200
11934	244.800
346	246.000
1078	245.300
1770	245.300
3738	246.000
5826	245.600
9042	246.000
4062	248.700
9366	250.700
11250	250.600
9214	251.800
9234	251.900
11214	253.000
6126	256.100
2282	257.500
5586	259.000
4650	259.200
7686	259.400
7830	259.700
8082	259.800
10406	260.000
10766	259.400
12078	259.600
4770	263.000
10834	262.400
2378	263.100
7350	263.200
6986	264.500
7898	264.100
10326	264.800
1762	265.400
6458	265.400
11746	265.700
6950	266.500
10018	267.700
1562	268.200
7038	271.400
12182	271.600
1502	272.100
8410	272.300
9426	272.400
11526	272.200
718	273.100
6462	274.800
1358	275.100
2126	278.900
5478	278.800
9986	279.700
12070	280.000
302	280.100
1858	280.300
10986	280.100
5266	282.600
5454	283.600
4286	284.800
1242	285.200
2038	285.600
6898	285.400
9550	286.000
9758	285.900
12058	285.400
1166	286.700
1306	286.200
2722	286.600
2790	286.900
4470	286.700
6322	286.900
7930	286.700
9006	286.300
4746	287.300
10798	287.700
4350	288.700
5002	288.100
7954	288.400
8746	288.300
10294	288.800
7862	290.800
7974	290.400
142	292.500
1050	293.100
5650	293.900
11426	293.500
3490	295.700
5598	295.200
5010	297.100
8722	297.900
6506	298.600
606	300.000
4262	299.500
11154	299.300
7702	300.800
1810	301.200
2494	301.900
738	303.100
818	303.100
906	303.700
2118	303.700
3806	303.200
5702	303.300
8118	303.400
8250	303.500
8962	303.700
8974	303.500
11122	303.500
9506	304.700
12202	304.400
3770	306.000
12166	305.500
942	306.200
2570	308.100
9690	309.900
11738	309.400
2530	310.500
4058	311.000
10650	310.500
11310	310.100
7790	311.100
650	312.100
2278	314.200
3266	314.200
10282	314.500
11454	314.700
1678	315.400
4734	315.500
3226	317.000
2598	317.300
3582	317.500
4698	317.200
10590	317.700
4822	318.500
5402	318.200
7394	318.600
12466	318.200
2462	319.100
3710	319.300
1782	321.000
618	323.900
4662	323.900
7210	323.900
11638	323.200
4814	324.900
5670	325.000
7186	324.600
8318	325.000
2062	326.000
3906	325.100
9658	325.100
10738	325.700
1394	326.200
10330	326.100
9610	328.500
5906	329.100
11906	331.000
12178	330.900
1450	331.300
9486	331.800
3186	332.800
11342	332.700
6362	333.700
11826	333.300
1918	334.700
7426	334.800
4310	336.000
11870	335.500
2634	337.400
3594	337.600
5902	337.500
11250	337.400
386	339.000
8658	338.300
9310	339.000
12150	338.400
1006	339.100
2854	339.300
4334	340.000
7406	339.800
9114	339.500
486	340.900
10286	340.300
10326	340.500
8410	341.600
10210	341.100
5958	343.000
8938	342.900
5562	344.000
6318	343.400
5122	344.900
1358	345.200
7018	345.300
4282	346.600
8106	346.700
7950	347.800
2086	348.100
9430	348.600
5790	349.800
5998	349.100
1998	350.400
3782	350.300
5246	350.300
6642	350.100
3626	352.700
290	353.900
11762	353.500
12090	353.200
11582	354.100
5950	356.100
8586	359.000
8650	361.000
1894	361.400
2738	361.300
4642	362.500
5526	362.100
6962	364.200
8234	364.400
7622	367.300
5658	368.900
6654	369.000
7062	368.300
10606	369.000
3382	369.800
5554	369.400
5746	369.900
3150	370.400
4442	372.000
7238	372.800
8646	372.500
2606	373.900
3970	373.200
9234	373.400
10946	373.900
1150	374.500
1882	374.100
2506	374.600
3098	374.200
4034	374.400
5650	374.700
7814	374.500
8094	374.900
9754	374.800
10354	374.500
11546	374.800
350	379.000
8326	381.100
3826	382.700
1862	383.400
9794	385.700
222	386.200
6234	386.400
970	387.400
1954	387.100
8746	387.500
3846	388.900
10954	389.000
2046	389.400
3550	389.600
4546	389.100
5730	389.400
10974	389.100
3906	392.000
7610	391.900
9886	391.900
4062	392.800
7274	392.600
10778	392.700
10058	393.500
11422	393.100
638	395.000
11078	394.200
8166	395.600
346	397.400
722	398.800
5782	399.800
7766	399.400
11246	402.000
12050	401.700
3070	402.200
5490	402.300
8886	403.700
1446	404.700
1786	404.600
3698	404.800
4662	405.500
7338	405.600
714	406.600
3554	406.800
7794	406.400
1770	407.900
2086	407.300
10694	407.700
6558	408.300
6102	411.300
7126	412.100
2598	413.600
4006	413.500
3110	414.600
7850	414.400
9538	416.200
3806	417.500
4250	417.800
4382	417.100
5454	418.000
9114	418.200
12022	419.000
1190	419.600
3086	419.600
7258	419.900
2546	420.200
2690	420.600
9242	420.800
1282	422.000
6442	421.800
9326	421.100
5854	422.300
8158	423.000
11426	422.400
1178	423.500
8102	423.500
8274	423.300
12486	423.200
1522	425.800
12330	425.900
1346	428.500
10538	428.800
1862	429.200
2202	429.400
9846	429.600
1826	430.900
8958	430.500
11302	430.800
6682	431.200
7330	431.100
8178	432.000
9062	433.000
11566	432.100
4298	433.200
4934	433.900
7542	433.600
3562	434.200
6546	434.300
6618	434.700
12186	434.400
7142	435.600
2026	436.500
3554	436.300
7066	437.000
9334	437.800
2370	438.600
3078	438.600
2850	439.100
3182	439.100
3654	439.200
4678	440.000
6054	439.900
10262	439.700
11466	439.300
11730	440.300
126	443.800
1974	443.600
5786	443.100
3302	444.100
6090	444.900
6238	444.900
9278	444.500
3706	445.400
10062	445.200
11374	445.500
9554	446.900
926	447.900
12146	448.900
8530	449.100
11074	449.800
11646	449.200
8098	451.200
270	452.800
1558	452.400
9618	453.000
2114	453.500
2590	454.000
7474	453.300
7282	454.400
1166	457.500
1854	458.700
10550	458.900
1542	459.500
7926	459.800
10714	459.200
10838	459.800
8198	464.800
998	465.300
6518	467.100
6082	468.700
6862	468.300
7522	468.400
758	470.000
9910	469.100
11422	469.300
1810	470.700
4286	471.000
642	472.000
3826	471.200
7094	471.100
8110	471.900
10126	471.700
10474	471.200
10626	471.800
5754	472.600
9062	472.500
10494	472.100
770	473.500
4746	474.700
3474	475.400
5546	476.000
10078	475.700
4390	476.300
1182	477.700
2694	477.500
4058	477.900
5234	477.600
6690	477.500
7470	477.500
9002	477.500
3174	478.100
3782	479.400
11450	480.800
5290	487.700
6462	487.500
7234	487.700
8302	487.700
12486	487.500
5658	489.000
7042	488.400
10986	488.500
11570	491.000
9598	491.600
394	492.900
10938	492.600
12282	493.400
4234	495.000
8054	494.800
3230	497.200
4206	497.500
10606	497.900
12070	497.900
1678	498.200
3158	498.400
6490	498.200
7354	498.600
8914	498.500
9902	498.400
10458	498.600
11814	498.500
12142	498.500
2038	499.200
2310	499.400
6638	501.300
6262	504.000
1546	504.100
5010	504.800
1114	505.200
4618	505.100
3010	506.700
5594	506.200
6006	506.500
8166	506.600
8194	506.800
8222	506.400
10958	506.500
11242	506.800
1442	507.200
1842	507.200
4322	507.200
4818	507.100
4846	507.300
7958	507.300
8026	507.100
9066	507.400
9162	507.400
11846	507.300
82	508.700
9462	508.400
2066	511.900
5714	512.900
11154	512.700
1446	513.400
4662	513.300
5402	513.300
11438	513.800
11526	513.300
7214	514.300
2538	518.100
4462	519.900
6066	520.900
7002	520.100
654	521.100
6638	521.400
8746	521.500
2962	523.000
5558	522.900
10842	523.500
7698	525.200
5518	526.400
5818	526.400
10314	526.800
11770	526.500
6774	527.100
7630	527.800
12054	528.000
1282	530.900
4122	530.900
7662	530.900
9010	530.200
2494	532.000
3082	531.900
8234	531.700
9686	531.700
5906	532.100
9998	532.100
8318	536.400
10494	536.100
3658	538.400
6214	538.900
2026	539.200
2322	539.600
5902	540.000
10946	540.000
6170	540.400
7710	541.000
8846	541.000
9154	540.800
9290	540.800
7906	541.600
11122	541.300
5282	542.900
11250	542.300
5746	544.600
11310	545.900
1238	548.800
5918	549.800
10590	549.100
1354	551.400
2474	551.900
12370	552.700
722	554.000
7190	553.600
9322	553.600
5698	554.600
630	555.800
1274	555.900
3186	555.500
6162	555.600
6546	555.100
6646	555.400
10598	555.700
6594	556.300
8942	556.700
4610	559.700
8050	559.200
2006	560.300
3634	560.500
5786	560.600
5986	560.900
6974	560.700
1974	561.300
2710	561.500
3322	561.800
5166	561.700
8710	561.200
10578	561.800
11406	561.800
11750	561.900
12078	561.400
3098	562.300
5574	562.200
10354	562.300
10042	563.300
462	565.000
3054	566.000
590	566.400
1810	566.500
3918	566.600
7414	566.900
11598	566.100
6742	568.100
9182	568.100
7318	569.800
2850	570.200
7830	571.000
8646	571.500
11122	571.800
11278	571.600
12290	572.300
5526	576.600
9798	576.300
798	577.800
4670	577.400
202	579.500
302	579.200
3826	579.800
11882	580.000
2934	580.300
2406	581.400
2606	582.500
10134	582.700
11098	582.600
7286	583.200
6142	585.000
1874	585.900
10218	585.300
10246	588.000
2582	588.300
3558	588.500
926	589.200
3858	589.500
4294	589.500
306	590.300
1978	590.400
8994	590.800
11370	590.800
5598	591.600
12066	591.100
3658	592.600
226	594.400
7206	594.300
7818	595.900
2162	596.300
3158	596.500
542	597.500
4066	597.800
8326	597.900
7418	598.100
8722	598.100
362	599.100
11646	599.900
12182	599.800
4930	600.500
6450	601.300
7622	601.700
10622	601.900
8318	602.200
11438	603.300
7766	604.200
2378	606.900
6130	606.500
7390	607.000
10630	607.700
9066	610.900
4050	611.700
10474	611.900
3874	613.000
2610	613.800
7646	613.200
12462	614.500
7162	615.900
11566	615.700
6138	616.400
7998	616.500
8166	616.700
1178	619.900
2242	619.100
5426	619.900
9122	620.800
3706	623.800
2658	625.000
4550	624.400
7538	624.900
2022	625.400
3394	625.600
4254	625.400
4890	626.000
6266	625.200
7142	625.100
7602	625.900
7754	625.400
11026	626.000
946	626.500
1678	626.600
7338	626.500
7406	626.400
8886	626.400
8950	626.800
9430	626.400
10430	626.500
5522	628.700
6178	631.100
8790	631.800
11222	631.900
4962	632.600
10930	637.900
1522	638.700
6830	638.500
5178	640.000
554	640.100
3490	641.300
5410	641.700
7282	641.300
3850	642.800
8026	642.500
11802	642.900
11302	643.700
42	644.600
7042	644.900
3010	645.500
7746	645.500
3698	646.200
7550	647.200
1002	649.000
9790	648.300
2238	649.100
8034	649.800
9774	649.900
10138	649.600
1502	650.800
5558	650.800
7098	650.500
9182	650.300
11406	650.200
3398	652.200
11274	652.700
2690	653.500
11242	653.500
3522	654.200
7010	654.700
7038	654.400
1630	655.100
2174	655.600
4430	655.800
5050	655.700
7790	655.300
8530	655.100
12222	655.800
10358	656.100
4106	660.000
7050	659.700
450	661.100
5326	661.700
6958	661.900
8538	661.700
7886	663.400
2310	664.600
4006	664.200
8102	666.000
8118	666.000
10262	665.700
10818	666.100
1582	667.700
10558	667.900
12142	667.500
4710	669.100
6358	670.900
10318	671.800
6558	672.900
10154	672.500
2746	673.600
3770	673.300
5754	673.300
5918	674.500
3594	675.500
6114	675.300
7690	675.500
8266	675.200
1974	676.500
2506	676.100
3590	676.800
8666	676.400
8974	676.100
722	677.500
814	677.400
958	678.000
5870	677.200
6690	677.100
7498	677.300
8150	677.900
11134	677.800
11538	677.700
11962	677.600
9134	680.500
10642	681.000
4398	681.400
7170	681.900
3266	683.000
3666	682.600
2646	684.000
7814	683.600
2066	684.900
6614	687.400
10018	688.300
3098	689.100
8006	690.400
4602	691.800
11322	691.300
1690	692.300
4022	692.100
4950	692.100
5718	692.100
6174	693.600
8654	693.100
7146	695.000
5938	696.200
6502	696.900
3218	697.500
8182	697.600
8458	697.100
4346	698.300
10430	698.900
8018	699.600
10306	699.300
11970	699.100
5178	702.500
10750	702.100
3118	704.000
5598	703.700
10602	703.800
7786	704.100
2346	706.600
5670	707.000
6410	706.600
7282	706.500
7770	706.600
8746	706.100
9910	706.800
10802	706.800
2358	707.200
4378	707.100
7446	707.500
7482	707.600
10214	707.600
8842	708.900
9678	708.900
4490	710.300
6474	710.500
1366	711.200
3242	711.100
7042	711.200
10634	711.700
12406	711.800
4266	712.100
4958	712.500
8610	714.500
9798	715.900
7498	718.300
8070	718.900
6646	719.400
7186	720.000
8914	719.400
9190	719.100
12442	719.900
1930	720.800
10774	720.700
11726	720.200
12210	721.000
4710	722.300
1850	726.300
2294	726.500
586	727.800
6862	729.800
6922	730.700
12318	730.800
5122	731.400
6162	731.200
7518	731.500
9574	732.900
5266	733.500
3426	734.700
11566	734.900
2610	737.700
6898	737.500
8346	737.500
1622	738.200
3334	738.900
5830	738.500
9254	738.100
10622	738.900
11466	738.600
842	739.800
1354	739.100
5746	739.300
10466	739.300
1114	740.400
10686	741.000
7186	741.900
7770	741.300
10306	741.500
6574	742.400
12070	742.200
11694	744.300
1094	745.900
9246	745.900
70	746.500
2674	746.700
7458	746.700
614	747.800
718	747.200
10282	747.500
1962	748.200
6582	748.400
8106	748.100
8970	748.700
10394	748.700
10630	748.300
7486	752.700
2438	753.500
7098	753.500
7258	753.700
7462	753.600
8238	753.300
1494	754.700
5786	754.700
6562	754.400
9850	754.700
1182	755.100
6490	755.300
11866	755.500
9230	756.200
10598	756.400
7590	757.300
9978	760.000
7814	760.200
9130	760.200
9790	760.900
11902	760.200
3522	761.900
4854	761.200
714	762.600
1038	763.000
2122	762.900
5206	762.100
8018	762.200
12362	762.400
3450	763.100
10742	763.800
1246	766.000
4262	765.300
9578	767.400
11750	768.000
2114	768.200
2590	769.200
12370	769.100
754	772.400
2802	772.400
2990	772.900
54	773.900
882	774.000
1690	773.400
2050	773.800
158	774.900
426	774.100
2702	774.300
3086	774.900
3094	774.900
6038	774.200
7450	774.800
7570	774.900
9618	774.700
11966	774.700
3218	775.200
4642	775.500
4950	775.200
7778	775.200
7830	775.400
7914	776.000
8446	775.600
8534	775.100
9102	775.400
9118	775.100
9878	775.200
12486	775.600
10826	776.500
12210	779.000
758	780.800
2406	780.900
11262	783.000
906	783.900
1498	783.800
1582	783.800
2302	783.800
4746	783.400
6926	783.500
8958	783.600
666	784.800
4278	784.800
578	785.800
3602	785.300
10138	785.900
2026	786.900
7974	786.600
8162	786.800
8250	786.900
8774	786.800
11698	786.500
874	787.200
1882	787.100
4246	788.200
6466	788.500
7062	788.200
10078	789.000
10506	788.800
11738	788.600
510	789.100
1950	789.200
2614	789.500
6922	789.500
10166	789.700
1102	793.900
4438	794.000
5910	793.100
222	794.400
2438	794.200
8426	794.500
11546	794.800
11710	794.500
514	795.600
3394	795.300
4134	795.400
8442	795.700
10262	798.800
3362	802.200
6838	802.100
1166	804.800
4726	804.800
5494	804.800
9610	804.500
10714	804.800
1638	805.500
5842	805.800
8730	807.700
10046	807.300
570	808.700
1818	810.200
2818	812.500
5734	812.600
4814	815.800
9494	815.600
11842	815.800
6518	817.600
11934	817.600
866	819.400
2930	819.800
4166	819.200
4570	819.300
9102	820.200
814	821.100
2514	821.600
9554	821.800
10986	821.500
1650	822.700
1658	823.200
3186	823.800
12018	824.000
370	825.200
418	825.700
2118	825.700
4918	825.600
10830	825.300
4470	826.200
5490	826.300
11766	826.700
8486	828.600
3118	829.500
7974	829.100
9266	829.200
11466	829.300
7486	830.200
9774	830.200
1262	831.500
2062	832.300
8646	833.400
9158	834.800
10826	834.100
5930	836.300
11750	836.600
9438	837.300
1242	839.900
6738	840.500
7954	840.700
9574	840.400
12226	840.300
5778	841.100
11882	841.500
8838	842.800
862	845.600
6038	845.100
6754	845.700
6918	845.300
10742	845.500
12078	845.900
766	846.800
1066	846.800
3302	847.000
6782	846.500
7502	847.800
8266	848.800
2702	849.700
7734	849.200
9030	849.500
842	850.900
8374	850.800
8426	850.900
9114	850.900
9334	850.800
1690	851.600
1946	851.500
2590	851.200
3098	851.400
3590	852.000
3686	851.700
5990	851.300
7594	851.900
8602	851.900
9794	852.000
10942	851.400
558	852.500
1458	852.500
1486	852.400
1854	852.300
3790	852.300
6114	852.200
8730	852.600
9870	852.100
1166	853.400
3574	853.400
4378	853.600
6294	853.200
10922	853.100
2174	854.900
5246	854.900
2302	856.000
2442	855.500
5026	855.900
9678	855.700
2038	856.200
2282	857.000
6974	857.100
8770	857.300
626	858.600
12050	858.700
12282	858.500
11262	859.300
10530	865.700
11522	865.800
12054	865.500
11802	866.200
9954	867.400
11126	870.600
2430	871.600
4194	871.400
7366	871.800
6434	872.400
1434	874.900
3082	874.900
4358	874.600
6570	874.500
8022	874.400
8350	875.400
694	876.100
10510	876.700
1622	877.700
3626	877.300
5986	877.100
6490	877.600
8134	877.100
8666	877.400
5790	878.700
10474	878.400
10738	878.800
206	879.200
1962	879.100
2574	879.300
10138	879.300
10498	879.200
3830	882.200
6618	882.600
838	883.100
8138	883.900
5730	884.300
8094	884.800
9674	884.100
9758	884.500
10578	884.900
11986	884.200
11198	886.800
486	889.900
4746	889.100
5990	889.700
6506	890.000
4890	890.200
5258	890.200
5758	890.500
3134	891.200
5034	892.000
5166	891.800
5826	891.900
9638	891.400
106	892.800
482	892.100
1154	892.500
3474	892.900
4118	892.900
7782	892.600
8362	892.300
9814	892.500
10826	892.200
11290	892.800
11786	892.900
7954	896.700
354	897.600
9262	898.900
1102	900.100
5962	900.200
10358	900.100
1794	901.700
3054	901.600
5330	901.100
5682	902.000
3214	902.100
3522	902.900
7594	902.700
9494	902.400
9774	902.800
3942	903.700
5282	903.100
5558	903.100
6266	903.600
11118	903.200
5626	904.800
7174	904.700
9582	904.100
4602	905.600
4974	905.600
6862	906.000
7642	905.400
1842	907.000
12382	908.000
186	908.500
9886	909.100
10842	909.400
94	910.300
4418	911.500
7710	911.600
9410	912.000
4678	913.300
6582	913.400
2886	915.200
10286	916.000
4322	916.900
8222	918.600
578	919.400
7150	921.900
610	922.700
5890	922.900
9366	922.900
4366	923.900
6990	923.200
3058	924.400
10462	924.400
10990	924.100
1046	927.900
11422	927.900
1406	928.200
3266	929.700
1354	930.600
5690	931.300
10858	932.000
11634	931.900
1134	933.000
2130	932.400
8782	932.100
10538	932.700
10578	932.900
11126	932.700
2042	933.300
2798	933.200
4618	933.100
10218	933.500
6970	937.000
2294	937.300
4062	937.700
6158	937.200
7554	937.800
7318	938.200
9162	938.200
11694	939.100
7442	942.500
9214	946.200
10058	946.500
5618	948.000
8790	947.400
11234	947.600
10326	949.900
1542	950.600
4146	950.700
4662	950.600
11670	951.700
10334	952.800
9142	954.000
11274	953.500
7282	954.400
8158	955.300
7850	956.100
2502	957.600
2722	957.700
2778	957.800
3506	957.400
6594	957.100
8338	957.700
1710	958.600
3418	958.800
4746	958.700
6642	958.100
7258	959.000
9062	958.100
10818	958.500
11938	958.700
8782	959.300
10122	959.600
1786	965.500
4038	966.000
5554	965.500
9658	966.000
10594	965.800
11046	965.800
534	966.400
6922	966.700
6970	966.600
7426	966.100
7786	966.200
9858	966.500
962	967.800
6506	967.100
4398	968.700
186	969.900
6558	969.100
8654	969.100
10634	969.200
1854	970.300
5094	971.000
7406	972.000
10474	971.700
3110	972.800
9118	973.000
9754	972.100
10318	972.100
10714	972.800
3258	973.400
4234	974.600
5050	974.400
6646	974.800
8622	974.600
11966	974.700
542	975.900
2826	975.100
11566	975.600
3826	977.300
102	978.500
10518	978.300
8018	979.400
8050	979.900
7410	980.900
8950	980.800
2446	982.000
3914	981.500
4322	982.000
5010	981.500
7126	981.600
9442	981.200
11998	981.800
11550	983.500
4578	985.000
11906	985.200
6006	987.800
7042	988.400
8430	988.800
10470	988.100
5410	990.200
6390	990.800
6734	990.800
9946	990.300
11622	990.400
12210	990.900
9758	991.300
558	994.000
9254	993.500
5014	994.700
10214	995.500
11534	997.700
7966	998.400
