# NEST version: 3.6.0
# RecordingBackendASCII version: 2
sender	time_ms
2556	159.200
9656	159.600
10420	159.500
4680	160.100
1480	161.800
3488	163.800
10296	163.500
10300	163.800
11484	164.000
4784	164.200
8972	164.700
9940	164.700
10992	165.000
156	166.600
7480	167.100
9452	167.400
11552	167.500
2200	168.300
11180	168.100
280	170.600
4940	170.600
8432	171.000
11872	171.000
6252	171.600
1036	174.600
4364	175.400
9776	175.500
11096	175.300
5264	177.200
12000	177.900
4460	178.300
4792	178.400
10776	180.400
676	181.300
1208	182.600
11176	183.300
11012	185.000
11284	184.200
1248	185.900
1856	185.500
11972	185.900
2076	187.700
4812	187.800
8720	187.900
11380	187.800
508	188.100
2252	188.400
2436	188.100
1384	189.500
3264	190.000
6952	189.900
8940	189.900
11744	189.100
2656	190.900
5104	190.800
7100	191.600
8516	191.100
9336	191.600
11120	191.100
1136	193.200
3128	194.000
9608	194.700
2144	195.500
4520	195.800
5396	195.800
6784	195.500
6968	195.300
7312	195.900
3372	196.600
7368	197.000
10692	196.400
1520	197.200
2992	197.300
6176	197.400
8880	197.200
9808	197.400
696	198.100
4948	198.700
1976	201.200
9068	202.800
11528	202.300
11612	203.800
6148	204.400
9412	204.100
4064	205.500
6068	205.300
11900	205.200
2188	206.300
4784	206.300
8008	206.100
1304	207.100
8428	207.500
9948	208.100
11232	208.100
5032	210.900
8416	211.900
8976	213.100
8924	214.500
11348	214.500
11388	214.400
12276	214.700
9892	215.200
1324	216.700
7168	216.500
12056	216.700
7044	219.400
10052	219.100
1156	220.300
3700	221.200
4560	221.900
4604	221.300
372	222.600
944	222.900
3456	222.900
6816	222.600
8052	222.300
12304	222.300
936	224.000
1032	223.800
2272	223.900
2588	223.200
3468	223.400
3560	223.700
3628	223.900
3816	223.900
4616	223.800
8656	223.100
8920	223.100
9028	223.700
11396	223.800
12420	223.100
7356	227.800
11656	229.900
7924	230.300
11536	230.600
12388	230.500
11344	232.000
8240	235.900
9136	235.800
12492	235.800
132	237.700
5232	238.000
9912	237.900
1312	238.300
1740	238.300
4340	238.100
7108	238.300
9812	238.500
9972	238.800
10196	238.300
10836	238.500
10872	238.100
6808	239.400
11460	240.800
2716	241.200
2652	243.200
6940	244.900
2040	245.600
4612	245.300
6784	245.400
7840	245.100
9096	245.200
9408	245.600
1764	246.900
2464	246.400
4972	247.000
11376	246.800
900	247.700
1180	247.500
1708	247.700
8816	247.700
8936	247.500
2208	248.600
11156	252.400
2848	253.600
6176	253.200
5788	254.100
8260	254.400
10688	254.400
5048	255.400
3708	256.100
8516	256.400
8144	259.700
9288	259.300
608	260.300
2916	260.600
5140	260.900
5740	260.600
10412	260.700
10916	261.000
996	261.600
2296	261.900
2668	261.400
3096	261.700
3692	261.700
4596	261.300
8088	261.800
11116	261.500
4672	262.500
10880	262.500
11976	262.100
2080	265.800
6756	267.400
9368	267.300
10068	267.900
3740	268.900
6212	269.000
2832	269.300
2900	269.800
7424	269.700
7700	269.600
11504	269.800
580	270.700
1416	271.000
10028	270.800
10600	270.300
6888	272.000
12080	271.600
9684	273.000
2188	273.400
7100	273.200
1976	274.400
5484	274.300
10144	274.900
10696	274.300
2320	277.100
6416	279.900
3304	281.200
3628	281.400
1168	282.600
2524	282.600
5592	282.700
9032	282.600
9520	282.900
10344	282.500
3208	283.900
5268	283.800
7708	284.000
7996	283.400
9568	283.300
12136	283.300
12448	283.900
536	284.700
2128	284.800
7268	284.300
8772	284.200
9280	284.700
9316	284.100
944	285.700
2936	285.100
5108	285.300
5736	285.800
6924	286.000
7572	285.900
10508	285.600
592	286.900
3124	286.100
3652	286.900
3736	286.300
4660	286.500
5988	286.400
6392	286.200
6748	286.600
9812	286.500
10084	286.500
10492	286.300
5520	287.900
8216	291.900
7552	292.300
11400	294.400
128	295.400
1132	295.300
3328	295.300
4032	295.700
9952	295.800
516	297.000
1352	296.200
1912	297.000
4696	296.400
4704	296.700
4812	296.800
7808	296.900
9416	296.900
4	297.200
472	298.000
3644	297.700
5888	297.200
8140	297.300
9792	297.600
11228	297.200
10556	299.700
3088	300.600
2208	301.400
8508	302.100
9076	303.000
1784	303.900
7704	303.800
9784	303.100
10352	304.000
72	305.000
384	304.800
7444	304.800
7804	305.000
11640	304.200
12420	304.800
2448	305.300
6320	305.100
8284	305.200
1916	307.800
1384	308.700
4828	309.000
1152	309.300
5268	309.900
1156	311.000
5404	310.900
10204	310.500
10708	311.000
4544	311.600
5088	311.100
9304	311.100
9672	311.900
12368	311.600
240	312.600
2996	314.300
8924	315.200
10436	317.300
2764	318.800
11912	319.400
9512	323.800
2844	324.100
5692	324.700
7452	324.100
8460	324.900
10760	324.400
4576	325.300
10540	325.100
11512	325.100
1192	328.800
5176	328.800
8120	328.500
8520	329.600
568	330.500
5816	330.500
396	331.500
528	331.300
3556	331.800
5776	331.700
5928	331.800
11052	332.000
11192	331.300
6552	332.200
10944	332.300
4512	333.500
4672	336.800
5556	336.400
3580	337.100
9168	337.800
8720	338.700
11176	338.800
792	339.600
8356	339.200
4216	340.800
2248	342.000
704	343.100
7400	343.300
10416	343.100
3380	344.700
2032	346.900
2164	346.300
5656	347.800
6252	347.700
8736	347.900
9880	347.300
10888	347.800
180	348.400
2036	348.100
4048	348.200
4916	348.100
11840	348.800
11944	348.600
2736	350.300
5276	351.500
10348	353.800
1248	354.400
3084	354.500
3396	354.900
5576	354.400
7372	355.400
10384	355.700
12008	356.900
2520	358.400
2604	359.900
7612	361.300
320	362.100
7676	362.800
96	363.400
1564	363.800
1940	363.300
2316	363.300
3016	363.100
3736	363.400
5896	363.300
8428	363.400
8476	363.200
8716	363.500
8972	363.500
2156	364.100
3628	364.500
4608	364.700
6788	364.400
7552	364.500
8864	364.600
10696	364.600
108	365.300
1536	365.200
4520	365.100
5388	365.100
5868	365.600
7640	365.100
7860	365.100
9288	365.100
2436	366.800
6384	368.000
12424	367.500
11812	368.100
6372	369.300
8216	370.000
512	371.800
1340	371.900
4108	371.700
4932	371.400
8840	371.100
9952	371.900
10700	371.200
632	372.200
1220	372.400
3308	372.300
8340	372.500
11388	372.300
7696	373.100
72	375.000
7356	374.800
10276	374.100
10176	376.700
10196	377.000
1172	377.300
4596	377.300
9944	377.600
11568	377.100
3540	381.100
5200	381.700
8832	381.600
10608	381.300
11760	381.400
12092	382.900
3876	383.500
7808	383.200
12372	383.700
7044	385.600
9304	385.700
10060	385.100
9076	386.700
2408	388.900
5700	389.700
6252	389.600
12408	390.900
1708	392.800
1664	394.900
6392	394.100
1836	395.500
7708	396.600
1132	397.100
4020	397.400
5512	397.700
292	399.000
2376	398.400
3808	398.600
6124	398.600
11536	398.500
2856	401.900
3780	401.500
6612	401.500
8976	401.600
660	402.900
8768	403.000
8944	402.900
12	404.000
2388	403.800
3076	403.300
5628	403.500
6684	403.200
9068	403.600
10108	403.700
10228	403.700
10252	403.500
10296	403.600
11612	403.900
12168	403.400
10792	404.800
7156	408.300
5216	410.000
264	410.800
3936	410.700
1036	412.900
5548	412.800
12040	412.100
3516	413.400
9292	413.700
9312	413.100
6452	414.700
9360	415.800
9580	415.900
11556	416.500
1708	417.100
3676	417.300
7192	417.100
7864	417.500
9452	417.900
11328	417.400
4188	418.100
9004	418.800
8984	419.800
3100	422.000
7108	421.100
10064	421.900
10616	421.500
10764	421.700
1140	422.600
12480	424.700
3876	425.500
10476	425.800
7248	426.600
10760	426.300
2460	428.400
8364	429.800
9020	430.600
6992	432.300
12440	432.200
4240	433.400
6056	433.900
7900	433.600
9316	433.500
10016	434.500
11184	435.800
2376	440.900
11416	440.200
3440	441.700
6068	442.500
6192	442.900
5944	443.300
9096	443.500
10392	443.100
752	444.800
1324	444.900
5448	444.400
9168	444.300
11600	444.100
10240	445.200
4980	446.600
4820	448.500
8024	448.200
11780	448.100
576	451.300
1608	451.300
3356	451.500
5560	451.300
7512	451.100
8540	451.100
9104	451.200
11804	451.100
96	452.800
28	453.200
4888	453.400
7152	453.600
9672	454.700
9956	454.200
10108	454.400
3748	455.200
6088	455.800
10548	455.400
1800	456.300
8468	456.400
5232	457.400
6128	458.400
332	459.800
2604	460.000
3208	459.400
3436	459.700
6308	459.500
9028	459.800
9416	459.800
10444	459.600
10588	459.400
676	460.800
3832	460.300
8684	460.900
11352	460.500
4336	463.300
4712	465.900
5732	466.400
9960	467.400
1180	468.300
9124	468.500
360	470.000
700	469.500
7572	470.400
6420	472.100
11760	472.300
5176	477.200
12080	477.600
4932	478.400
5964	478.300
8184	478.200
1496	479.300
2048	479.300
8996	480.100
9148	481.500
44	482.500
6344	482.500
9136	482.800
2180	483.700
8960	483.600
10536	483.500
2776	484.500
4020	484.600
4076	484.200
6748	484.100
8172	484.100
9048	484.500
9244	484.300
10568	484.400
12068	484.400
12184	484.800
6408	485.500
6924	485.100
10352	485.100
3124	487.600
11332	488.800
10476	489.300
96	493.300
2864	494.500
3580	494.800
3712	494.700
6588	495.000
736	495.400
7404	495.100
8296	495.300
8388	495.700
10784	495.200
11836	495.500
12432	496.800
2540	497.200
4408	497.300
7208	499.800
844	502.900
3516	502.700
5340	503.000
8748	502.800
10832	502.100
12208	502.200
108	503.700
2008	504.800
4344	504.200
4592	505.200
11528	505.700
11868	505.600
12480	505.400
3532	507.300
11624	507.300
2912	509.000
4832	509.700
156	511.100
3076	511.400
7696	511.400
1468	512.700
6468	512.400
11632	515.900
11828	515.700
916	518.000
2764	518.900
5292	518.800
6968	518.300
6980	519.300
7236	519.700
7996	519.500
10364	519.500
11512	519.900
2936	520.400
10568	520.100
2768	525.200
5264	525.100
8628	525.100
3556	526.100
8432	526.500
1032	527.900
1800	527.800
10276	527.300
2008	529.500
2412	530.000
8228	529.900
11156	529.800
8976	530.600
4680	534.000
5312	534.600
7356	535.000
10756	536.500
12356	537.000
1628	537.800
2236	537.200
5308	537.300
11800	537.300
7400	538.200
10224	539.600
7204	540.800
1916	541.200
10236	541.700
11532	541.900
2832	542.600
11600	542.900
1124	543.600
6184	545.000
7988	545.000
9048	544.900
748	545.400
3692	545.500
9568	545.700
6108	546.300
4244	547.800
7152	547.500
9540	547.500
224	548.800
292	548.800
3048	548.800
7572	548.700
11104	548.600
8388	550.500
8732	550.700
11432	550.200
12032	550.400
72	552.600
208	553.600
12468	553.900
3468	554.200
2344	555.700
3096	555.500
6088	556.000
9532	555.700
11816	555.600
12268	556.000
148	556.300
1300	556.500
1564	556.900
1680	556.800
5780	556.100
7928	556.200
7980	556.600
9972	557.000
10020	556.500
10760	556.700
10944	556.800
10392	557.100
1520	558.900
8112	559.600
7636	560.800
10548	560.500
2148	562.300
2180	563.400
8856	563.800
10344	563.500
8356	564.700
5344	565.400
5896	565.600
9912	566.600
10768	566.300
92	567.200
3368	567.400
10616	567.200
10356	570.300
3076	572.000
8708	572.000
11380	571.200
896	572.700
1016	572.100
6788	573.500
9248	573.600
6748	574.900
7276	574.100
9364	574.200
12312	574.600
5316	575.400
7860	575.600
9792	575.800
10648	575.100
12352	575.700
5908	579.000
9504	578.100
3148	579.200
7920	579.700
8324	579.900
10520	579.900
11052	579.200
2008	581.900
3652	581.800
7652	583.000
11536	582.800
6232	583.400
6808	583.300
160	584.400
4792	585.700
11252	585.400
10320	586.200
4812	588.600
5072	588.500
2312	589.500
5432	589.700
5460	589.700
6220	589.300
10276	589.900
3468	590.700
5544	590.800
5924	590.700
7584	590.800
12120	590.900
11912	591.600
8468	593.700
9548	593.700
11800	594.200
1428	595.600
1584	595.300
236	597.000
2496	596.900
8904	596.400
10888	596.300
10992	596.600
552	597.100
5188	597.200
7444	598.100
48	599.500
332	599.800
1664	599.900
2464	599.100
4932	599.300
5140	599.600
8300	600.000
9740	599.900
9960	599.600
704	600.200
6772	600.100
10760	600.700
1840	601.400
2372	601.200
3292	601.400
4820	601.600
11744	601.500
1996	604.900
4616	605.000
5256	604.800
10064	604.800
11188	604.600
10612	605.600
11720	607.800
84	608.300
212	609.900
2008	610.000
3264	610.700
8328	610.600
2956	612.000
3168	611.500
5976	611.900
8364	611.600
9500	611.900
9728	611.900
4636	612.900
8220	612.200
8360	612.600
12008	613.000
4560	613.700
6372	614.200
11400	614.500
1072	616.000
2348	615.100
4504	615.600
4696	615.500
6344	616.000
11692	615.400
6392	616.200
7136	616.400
9308	616.200
4676	621.500
8532	624.000
2268	626.000
4032	626.000
4748	627.900
5036	628.800
8196	628.900
11640	628.500
4020	629.200
288	631.200
9524	636.000
12276	635.800
2252	636.100
3928	636.300
8416	636.500
1288	639.000
5868	640.000
6888	639.700
1432	641.000
11852	640.500
12144	640.900
3296	642.300
4620	642.800
10208	642.900
10704	642.900
7372	643.400
860	644.600
2928	644.400
4644	645.000
9832	645.600
6056	646.300
7368	646.700
9960	646.400
632	647.200
2296	647.600
4284	647.200
4828	647.500
10044	647.700
10348	647.200
2284	648.100
7236	648.100
10700	649.300
10816	649.900
884	652.400
3860	652.900
7228	652.800
1096	653.500
4608	654.000
8020	653.900
11408	654.000
2388	655.000
2436	654.200
9532	654.800
12208	654.900
1848	656.000
11208	655.700
11272	655.600
7408	656.100
9012	656.400
9924	656.900
3088	658.000
9072	657.900
8636	658.500
1052	660.400
3528	660.100
5512	662.900
10728	662.400
2668	663.400
2036	664.100
3380	668.100
3840	668.300
6860	668.800
2768	669.800
2636	670.300
3696	670.300
8388	670.200
9288	670.200
11156	670.100
11596	671.000
3944	671.200
7400	671.300
12336	671.800
1024	677.000
9740	676.500
10616	676.800
2300	677.400
2584	677.700
5200	677.200
5868	677.200
7460	677.500
7636	677.600
8504	677.100
9164	677.700
11536	677.600
2652	678.200
2992	678.300
4872	678.200
3920	679.100
4948	679.200
6112	679.800
8744	680.800
568	681.100
1056	681.300
8616	681.200
9912	681.900
1408	682.900
2244	683.000
2568	682.300
2796	682.600
6080	682.800
7432	682.500
9124	683.000
10224	683.000
11144	682.100
11460	682.300
12208	682.800
1852	683.100
3844	683.800
2200	684.900
4840	685.300
7748	685.400
10128	686.000
11292	685.100
1000	689.600
5644	690.000
3348	690.600
1348	693.000
6120	692.200
9576	693.300
10588	693.300
11312	694.800
928	695.900
5340	695.900
6648	697.500
8452	697.700
11284	698.000
12184	697.600
6464	698.500
8856	698.900
7764	699.600
8096	703.500
228	705.000
4024	705.000
9280	704.800
624	705.900
736	705.100
2148	705.200
4128	705.900
4440	705.100
5416	705.100
6772	705.600
4784	706.400
4820	706.800
9292	706.100
10804	706.200
2072	707.300
332	708.900
8116	708.100
9956	709.200
2640	710.400
5620	711.800
296	712.400
448	712.800
648	712.500
8128	712.500
4400	714.000
2156	714.700
3776	715.000
5308	714.300
6408	714.900
6952	714.700
11352	714.200
2580	715.300
3168	715.700
3868	715.400
7160	715.700
3664	716.300
3888	716.800
4200	716.800
3948	717.300
8456	718.700
9012	718.600
11440	718.100
1856	719.400
9340	719.500
796	720.500
5692	720.400
5868	723.700
6852	723.600
2344	724.800
5556	725.300
8024	725.300
9728	725.800
12136	725.800
2504	726.600
2888	726.200
4408	726.200
5476	726.500
5544	726.400
6348	726.100
7840	726.200
7996	726.100
11208	726.800
620	727.500
7048	728.900
1640	730.300
7356	732.000
10204	732.100
504	734.100
5108	734.500
5504	734.600
2860	735.600
3644	736.000
4680	735.600
660	736.300
6444	737.000
7040	736.600
7208	737.000
10912	736.900
340	737.200
1100	737.400
1156	737.900
2524	737.700
4640	737.300
4712	737.500
9812	737.200
11176	737.800
2252	738.200
3984	739.800
4948	739.600
6596	739.100
1396	740.800
2208	740.100
2668	740.900
10476	740.100
1360	743.800
10904	744.000
44	744.400
1888	744.400
4708	744.800
6344	744.700
11252	744.300
6672	745.100
10520	747.000
956	747.800
1708	747.600
8728	747.100
7228	748.800
5088	749.700
1096	750.400
2944	750.800
3864	750.100
4360	751.000
6564	750.700
2048	751.400
4780	751.500
9452	751.800
10416	751.900
5312	753.300
11884	753.400
816	757.900
2928	758.000
10752	757.600
11828	758.000
12160	757.400
1288	758.100
92	763.200
10016	763.700
9280	764.600
2248	765.100
11408	766.100
5352	768.800
2176	769.500
7748	769.900
5120	770.100
11068	770.200
11976	771.000
2008	771.300
6756	772.000
4560	772.500
5592	772.200
828	774.200
9656	774.300
11276	774.400
2936	777.700
5464	779.000
9316	778.400
11744	780.000
204	780.400
3876	780.300
7420	780.600
8716	780.400
10420	780.200
10880	781.800
9124	782.600
9412	782.700
2136	783.300
3448	784.000
5164	783.700
10956	783.400
12420	784.000
2128	784.600
2216	786.700
6940	786.800
4748	787.900
6848	787.300
8592	787.800
7456	788.300
8184	788.100
11332	788.400
2696	789.500
5124	789.400
10012	789.700
11720	790.000
580	790.400
9044	792.200
1652	793.600
2604	793.400
9172	793.400
3440	794.700
4636	794.300
6072	794.200
7264	795.000
7992	794.800
228	795.900
6076	795.400
11612	795.300
12012	795.200
12372	795.300
12336	796.100
148	800.700
9740	800.200
10016	800.700
1824	801.500
1056	803.300
6156	805.300
4092	807.800
3552	809.000
5588	808.800
6684	809.500
2308	810.800
3372	811.000
4552	810.700
9200	811.000
8932	811.700
10912	811.600
1152	812.800
5732	812.300
160	813.800
296	813.500
10296	813.900
1192	814.600
4912	814.800
5556	814.700
7772	814.600
10520	814.700
12472	814.200
5996	816.600
2912	817.700
9524	817.200
2232	818.700
6304	819.000
12296	819.000
4560	820.000
6088	819.800
2448	820.800
5400	820.100
188	823.600
10712	824.200
10816	824.100
11328	826.800
3904	827.700
5372	828.800
9504	829.000
10164	828.100
10868	828.800
8880	829.800
11976	829.200
7636	831.000
896	831.100
1840	833.900
1640	835.000
2048	834.900
7816	834.200
9516	834.800
152	836.000
3964	835.700
7404	835.300
10584	835.200
12140	835.800
2968	836.100
4660	840.000
8944	839.400
5628	840.800
100	841.200
4308	841.900
4676	841.300
4956	841.700
6528	841.500
8064	841.500
8192	841.500
8404	841.400
10344	841.300
10600	841.700
10700	841.700
11440	841.100
8068	843.900
3708	845.700
7052	845.800
228	847.000
5236	846.300
5944	847.000
8112	846.300
9248	846.100
9304	846.600
1068	847.800
5912	847.200
5960	847.800
7900	847.100
11276	847.800
800	848.400
4284	848.400
5468	849.000
7268	848.100
11656	848.300
12260	848.700
2792	850.200
5700	850.800
988	851.600
8768	852.400
284	853.300
3692	853.100
2548	854.600
3804	855.000
4088	854.700
4932	854.400
5860	854.600
11572	854.900
12248	855.000
10624	855.400
11692	855.700
6232	857.600
580	858.600
1952	859.900
1984	860.400
7304	860.900
8976	860.300
4812	861.200
9556	862.000
9144	862.600
2076	863.800
7440	863.800
7696	863.900
1256	865.000
12388	864.100
328	866.900
7908	866.900
12196	867.000
1640	867.500
10416	867.700
11552	867.100
11720	867.500
4636	868.600
8296	869.600
3088	870.700
164	872.000
3296	871.900
4460	871.400
5352	871.300
11504	871.200
11840	871.800
1380	873.300
7568	873.200
9380	873.200
9972	873.400
1452	876.200
2348	877.200
5996	877.600
8388	878.000
12056	877.200
9020	879.700
11812	879.700
12160	879.400
1996	880.100
2768	880.100
8916	880.100
8720	882.700
11148	882.900
3264	883.100
5568	884.300
6384	884.900
8972	885.000
480	885.400
7988	885.800
10068	885.200
11748	885.100
3740	888.500
5988	888.100
6208	888.900
7752	888.500
8508	888.600
2996	890.000
3696	889.900
7264	890.000
1208	891.000
1624	890.800
1876	890.800
2616	890.700
2960	891.000
4596	890.300
4940	890.200
11624	890.700
1688	891.100
5124	891.100
11416	894.200
4256	896.300
4520	896.200
5092	896.200
1216	897.100
1464	898.800
3936	898.700
8900	898.400
4416	899.400
8796	900.000
3748	902.700
4716	904.000
5028	903.500
2624	904.400
8840	904.600
11816	904.600
5316	907.700
12220	908.000
348	908.700
1740	909.300
3960	909.600
6724	909.700
10140	909.600
10808	909.600
4148	910.400
4348	910.900
7148	910.700
2216	911.800
11640	911.200
12272	913.800
6528	914.400
3816	916.300
6516	918.100
8760	919.300
2616	924.400
5612	924.700
92	925.300
6728	925.300
5660	928.400
10288	928.900
10420	929.700
2540	930.600
1800	931.900
1804	931.500
4244	931.700
8848	931.800
9616	931.900
1056	932.200
1668	932.200
3552	932.600
5648	932.900
8516	932.800
9532	932.500
9576	932.600
11376	933.900
12428	934.000
3024	934.700
11872	936.000
3824	937.300
1484	939.200
3348	939.400
10208	939.200
412	940.700
4632	940.900
7824	940.700
11440	940.400
5892	941.300
560	942.900
7764	942.300
884	943.700
12184	943.600
320	945.800
5312	947.000
7636	946.800
8968	946.300
4856	947.800
8572	947.600
9368	947.100
1776	948.300
1844	948.300
8972	948.200
10756	948.600
3076	949.100
6440	949.600
10648	949.500
7228	951.000
11900	950.200
1452	952.200
3864	952.100
4436	952.200
10800	953.000
11580	952.900
6612	953.400
7160	957.600
2236	958.700
1896	959.200
3652	959.300
7308	959.600
9608	959.300
10932	959.600
1380	960.200
4020	960.100
5400	960.900
7652	961.800
8276	961.700
9884	961.800
1108	962.100
3012	962.200
3148	962.500
3852	962.800
6208	962.400
7292	962.700
8988	962.800
9600	962.400
10996	962.900
11824	962.500
6516	967.100
2652	970.600
3472	971.600
1020	973.700
3128	973.700
3580	973.500
10912	974.000
736	974.700
8432	974.100
8704	974.400
11708	977.700
1768	979.100
1904	979.100
10288	979.900
784	980.900
4148	980.700
7268	980.800
160	981.400
8572	981.600
10016	981.100
11596	981.900
1836	984.000
10608	984.500
5096	986.000
10412	985.200
1580	986.200
10992	987.400
7420	988.800
6116	989.200
11072	991.800
11812	991.200
12036	991.200
76	992.100
1000	992.600
5316	994.100
11244	994.500
1600	995.500
8128	995.400
1944	997.400
948	999.000
1364	998.500
2524	998.500
3024	998.600
1108	1000.000
1324	999.100
1912	999.500
3124	999.900
4416	999.900
4460	1000.000
7816	999.700
9120	1000.000
10364	999.400
11852	999.100
