# NEST version: 3.6.0
# RecordingBackendASCII version: 2
sender	time_ms
7306	157.600
854	158.200
4358	158.800
6874	158.400
7690	159.400
5750	160.600
6534	162.000
8934	161.200
5766	162.800
5778	162.100
478	163.400
2994	163.500
8570	163.500
3482	164.900
6470	164.200
8494	165.000
186	165.600
322	165.800
414	166.000
2178	165.900
3794	165.900
4098	165.900
4730	165.300
4906	165.500
5154	165.800
5610	165.500
5946	165.900
6878	165.900
7034	165.800
7154	165.700
7574	166.000
8286	165.300
8786	165.700
9274	165.600
9406	165.200
9962	165.600
10722	165.600
11490	165.600
11662	166.000
11686	165.700
11874	165.900
4170	166.300
5106	166.500
12114	166.100
10426	173.400
5134	175.500
8378	176.000
2434	176.900
10282	177.000
166	177.800
6322	177.300
12394	177.900
7402	180.700
1294	181.500
2198	181.800
8190	181.900
8986	182.000
7702	182.300
2294	183.200
2482	183.200
8638	183.700
1618	184.600
2550	184.200
10298	184.100
11390	184.200
890	185.200
1846	186.000
7166	185.100
5630	187.100
742	189.000
11486	188.500
4042	191.400
6886	191.500
2	192.500
2342	192.700
6314	192.600
1330	193.900
8578	193.600
9430	193.100
10610	193.900
11650	193.300
390	194.300
3250	194.500
4674	194.500
11442	194.900
10178	195.100
5054	196.300
9750	196.900
4714	197.300
918	200.100
5578	200.900
7382	200.500
4502	201.500
6794	201.900
5846	203.600
9174	203.800
12286	203.400
11658	204.700
3910	205.700
4174	205.700
6202	205.600
2214	206.800
2806	207.000
5422	206.500
6110	206.700
7306	206.200
7830	206.400
9626	207.800
1626	208.900
262	209.300
1014	209.300
1766	209.300
3718	209.200
4910	209.900
6750	209.200
10374	209.400
5066	211.700
7006	211.200
10034	211.300
2394	213.100
4906	213.300
8102	213.700
8786	213.900
786	215.000
5098	214.300
5722	214.600
7550	215.000
11030	214.400
10202	215.300
6458	216.800
11458	216.800
1654	220.100
7318	220.200
8042	221.000
4258	221.400
12310	221.200
426	222.300
2894	224.700
710	225.500
2714	225.800
4838	226.900
5770	226.200
9414	226.800
11954	226.400
18	227.700
2402	229.000
3498	228.800
5974	228.600
6230	228.400
6346	228.200
10174	229.000
11894	229.100
2318	232.000
7614	231.100
3310	232.200
4286	232.100
9294	232.100
494	233.800
2354	233.300
7166	233.800
8966	233.500
3298	235.200
7806	235.900
2642	236.100
11058	238.100
11922	239.900
3130	240.300
3246	240.100
11618	240.100
6894	241.900
7750	241.600
8998	241.200
562	242.200
2358	242.900
5346	242.200
7078	242.400
7990	242.900
10254	242.900
2702	243.700
8550	243.500
11338	243.100
7070	248.400
3822	249.700
9498	249.800
2794	250.300
3962	250.200
12498	250.700
10290	251.200
1662	256.600
3030	256.600
11818	257.200
2966	258.100
12326	258.800
1594	259.800
5030	259.300
7438	259.100
2562	260.500
490	261.600
3834	262.000
5646	261.800
9174	261.100
10274	261.300
11658	262.000
12006	261.200
1370	262.100
4362	262.300
7054	262.500
6218	263.700
7534	264.000
11118	263.600
2566	265.500
3566	265.800
4730	265.800
11274	266.500
6226	269.700
1734	270.900
2890	270.600
8550	270.700
8714	270.600
8990	270.200
1030	271.500
2434	273.100
4446	273.700
2170	275.900
9526	275.600
11906	275.200
4210	278.000
230	278.100
6762	278.800
8678	278.100
862	279.500
3910	280.600
8270	280.500
9590	280.700
5394	281.600
5830	281.800
9058	281.900
4758	282.500
4934	282.900
5802	282.700
8698	282.200
10426	282.400
2154	283.200
6198	283.900
9830	283.100
4154	284.800
5446	285.000
12250	284.800
3514	285.700
10118	285.700
2786	288.000
1014	290.800
8982	291.700
5922	292.500
8578	293.000
5834	293.300
2498	294.900
11378	296.000
7654	296.200
11166	296.800
1534	298.500
1034	300.100
5978	300.800
750	301.400
2298	301.500
2390	301.500
4382	301.100
8158	301.500
9598	301.600
9714	301.500
11586	301.300
390	302.700
6762	302.200
8110	302.600
286	303.800
3130	303.300
3490	303.200
6486	303.600
8190	303.900
8206	303.800
12442	303.900
1938	304.500
2154	304.800
6858	304.200
3682	305.300
11266	305.400
8766	308.000
10762	307.800
12026	307.900
12266	307.800
5098	308.400
9246	308.500
5806	310.800
6678	312.000
11394	311.700
670	312.300
1562	312.100
3994	312.100
4230	312.800
4750	312.600
5742	312.100
8270	313.800
11894	313.500
2694	314.900
4894	314.100
5422	314.100
12450	315.100
11006	318.400
4214	319.100
4526	320.500
2074	321.600
1790	324.500
2350	325.600
3202	326.000
514	327.400
11258	327.600
11190	329.000
4478	329.300
7378	331.300
2250	333.700
5814	333.200
2258	334.900
7310	334.400
10534	334.200
10890	334.500
11334	336.000
12006	335.100
910	336.600
5098	337.300
8854	337.100
2162	338.400
2866	338.100
4994	338.200
12154	338.100
1646	339.300
8366	340.700
3330	341.300
7834	341.400
2810	342.900
4502	343.000
6334	342.700
7706	342.500
8934	342.700
7262	344.500
4150	345.500
9514	345.900
2754	346.300
5358	347.700
8878	347.300
3246	348.300
4210	348.800
4426	348.600
8714	348.100
10858	348.200
12414	349.800
3454	352.100
4582	355.000
10370	354.400
11614	354.500
5350	355.300
6286	355.800
7882	356.800
9966	357.200
10238	357.600
12238	357.900
3038	359.900
6302	361.600
10718	361.900
4518	363.900
9078	364.900
3538	365.400
6806	366.000
50	366.600
7086	367.000
7138	366.800
11130	366.100
12038	366.200
150	367.800
258	367.700
2434	367.100
1034	368.600
8786	368.200
138	370.100
4486	370.600
5710	371.100
8882	371.500
9206	371.600
9970	371.200
11494	371.900
3342	374.000
11530	374.000
1150	374.300
3510	374.800
7230	374.300
8370	374.100
7910	375.200
8850	375.600
1286	376.100
6786	377.500
7842	377.700
8354	379.400
506	381.600
1026	381.500
1902	381.500
4782	381.800
5238	381.800
10962	382.000
1214	382.300
10522	382.700
4938	383.200
9598	383.300
9890	383.900
6326	385.000
6118	387.700
11822	388.100
7090	392.300
3298	393.700
6894	394.600
7978	394.700
1342	396.500
7602	396.300
8406	396.300
1594	398.300
4090	398.900
1606	399.900
2726	399.900
2894	399.100
3806	399.900
4194	399.400
5798	399.600
9570	400.000
10030	399.600
11190	399.900
11774	399.400
910	400.100
2250	400.200
3778	400.300
5582	400.300
8270	400.300
9226	400.400
11150	400.100
11794	400.200
238	403.900
3938	403.200
2214	404.600
11386	404.500
12110	404.200
3946	405.300
2550	406.500
2878	408.100
11742	409.000
12494	408.500
1574	411.000
2182	411.800
3022	411.900
5590	411.900
2234	412.200
4430	412.100
6030	412.200
6374	412.300
7222	412.300
3458	414.600
3758	414.200
3726	415.700
5042	415.700
6378	415.100
8634	416.000
12102	415.500
3438	416.400
8310	416.100
9710	416.200
7566	418.200
8594	419.000
1590	419.600
10338	419.800
12438	419.700
830	420.500
4094	422.400
4466	423.900
11574	424.400
12238	425.800
7658	426.300
8946	427.600
6870	428.900
4074	429.300
6078	429.900
6146	429.700
7562	429.500
9762	429.700
2662	430.700
7982	431.000
6294	431.300
7578	431.500
8342	431.200
11926	431.700
8066	433.000
8902	433.100
10022	433.800
2538	435.700
254	438.400
5098	438.500
6010	438.300
3478	439.100
11010	439.800
2106	440.400
8702	440.700
1266	441.800
1318	442.700
9174	442.900
1798	443.100
4014	444.900
9510	444.900
6058	445.700
11074	445.600
12466	445.200
5110	448.300
8842	448.600
2314	449.400
5742	449.700
10574	449.300
11458	449.800
5090	450.500
10922	450.400
11734	450.200
8110	454.300
4042	456.000
1018	456.200
10446	456.200
11202	456.700
6746	460.500
7114	460.800
6798	462.700
3930	463.400
6346	463.800
10126	464.400
4266	465.300
5378	465.200
8242	465.200
9918	465.300
3450	466.800
4518	466.900
9670	466.600
11334	466.300
750	467.200
1530	467.300
2510	468.000
4486	467.700
6210	467.100
11794	467.100
6454	468.400
8534	470.000
8862	470.800
242	472.100
790	472.800
1098	472.300
2222	472.400
4294	472.200
6262	472.800
6426	472.600
6942	473.000
10186	472.700
10570	472.600
10690	472.400
10882	472.500
11454	472.600
166	473.200
2010	473.300
10338	473.200
11954	473.900
278	477.800
5310	477.200
3254	478.800
5674	478.500
6826	478.400
9166	478.700
1086	479.600
2862	483.700
10202	483.900
6018	484.400
10522	484.500
4174	485.200
5490	486.000
8946	486.400
74	487.700
2978	487.100
5422	488.700
2706	489.100
8686	489.100
1010	490.400
2874	490.100
4378	490.900
4990	490.200
12458	490.700
8058	495.000
12394	496.400
6014	497.700
4906	498.900
6226	498.200
6262	499.000
9662	498.800
9854	498.600
1006	499.500
3014	499.300
3034	499.600
4386	499.700
4542	499.600
10074	500.000
11594	499.100
4898	500.400
11418	500.900
4778	503.700
2198	504.500
8698	505.000
9318	504.800
3170	505.700
4678	505.500
5130	505.900
8342	505.800
9946	505.700
9950	505.800
10010	505.900
746	506.700
7186	506.800
9598	507.000
10030	506.300
3198	508.400
8802	510.100
10050	510.800
11606	511.200
5686	512.800
7574	512.400
9158	512.100
6166	513.800
3966	515.000
9630	514.800
12222	514.900
1074	515.700
3750	515.300
10646	515.600
3478	516.700
3774	516.700
4910	516.900
562	517.300
4054	517.600
5610	517.600
9634	517.500
1302	518.100
1342	518.600
5102	518.400
5250	518.800
5638	518.300
6146	518.600
7102	518.400
7582	518.600
10290	518.100
10890	518.400
2470	519.100
7654	519.400
3254	523.800
3674	523.900
8998	523.400
11910	523.800
1078	524.500
2402	524.200
2794	524.400
7466	524.100
8262	524.300
8398	524.300
3306	525.300
4922	526.000
1514	527.000
3018	526.800
3218	526.900
4166	527.000
7218	526.200
5138	528.000
7642	527.800
206	528.700
782	528.100
1118	529.000
2358	528.700
2866	528.600
4070	528.700
6374	528.700
6626	528.100
6850	528.600
8462	528.500
9186	528.600
9410	528.600
9738	528.900
10786	528.500
11042	528.300
12306	528.900
12418	528.800
5186	529.200
7194	535.600
11610	536.100
5234	537.900
2002	538.400
2362	540.400
4014	540.900
12042	541.000
5514	541.100
9446	541.100
2834	542.800
8394	542.600
9562	542.900
4150	543.900
4298	543.600
162	544.400
7058	545.100
1986	546.700
1462	548.500
6350	548.100
1058	549.500
7202	550.000
8286	549.200
8358	549.900
5030	550.400
8618	551.000
9202	550.800
11846	550.700
574	551.200
4994	551.100
8798	551.200
9498	551.200
1702	553.500
4282	554.400
1682	555.600
1518	556.400
5386	556.900
2642	557.400
3518	557.900
9166	557.800
9326	557.600
3270	558.600
7970	558.600
8050	558.200
9106	558.600
9370	559.000
10994	558.300
11366	559.000
1254	560.700
12106	562.000
5018	562.900
9862	563.100
10718	563.100
2714	567.800
10166	567.700
11578	569.000
9990	569.200
3650	570.900
3878	570.300
138	572.000
2466	571.500
2774	572.000
3882	571.800
9662	571.100
9882	571.900
10006	571.500
642	572.400
950	572.400
2538	572.200
11446	572.200
414	573.600
4266	573.200
8314	573.900
7614	574.200
746	576.700
4746	576.600
5798	576.700
6894	576.700
10398	577.700
1118	578.300
8270	578.100
9078	578.300
8882	579.100
9198	579.700
190	580.800
1322	580.600
2274	580.600
3966	580.800
4446	580.700
4474	580.900
6602	580.500
7242	580.300
7430	580.100
8578	580.800
7594	581.100
7846	581.500
9562	581.500
50	582.700
6826	582.700
7578	582.400
8946	582.600
9478	582.400
12094	582.300
12446	582.700
1886	583.200
2102	583.200
5922	583.100
5102	584.200
7838	585.300
11914	586.000
3822	586.900
2230	587.100
2234	587.400
5446	588.300
6106	588.200
7106	589.400
10238	589.200
10646	589.700
10822	589.500
2226	591.200
2558	591.300
9838	591.700
2422	596.800
4206	596.700
11130	596.900
378	597.600
750	597.700
2082	597.200
2926	597.200
10498	597.200
12362	597.400
1122	601.100
3310	602.000
3350	601.800
5090	601.400
5418	602.000
6938	601.900
11398	601.800
9902	602.600
9022	603.900
11042	603.500
11562	603.800
3106	604.400
7222	604.300
454	605.400
1030	607.900
7918	607.500
1366	611.000
1938	611.000
3814	610.200
2046	612.600
2682	613.100
3762	613.700
3586	614.300
4014	614.900
2706	615.100
8462	615.600
8674	615.800
9098	616.000
9746	615.400
11798	615.900
10658	616.800
5150	617.400
11606	617.400
3062	619.000
9146	619.800
3950	620.200
10886	620.400
3750	621.400
1386	624.100
10190	624.800
2354	627.700
10782	627.400
5934	629.800
6570	629.100
8474	629.100
11734	629.200
1238	630.400
2110	631.000
6678	630.700
6746	630.200
9714	630.400
11722	630.300
6750	633.000
6846	633.300
12046	634.500
6218	635.600
10374	635.300
2562	636.400
5230	636.900
7978	636.300
3142	637.300
3726	637.900
8362	637.900
10874	637.100
4842	638.800
8394	638.200
9050	638.600
9806	638.300
5146	639.300
6478	640.000
1606	641.400
3390	641.400
5458	641.100
6402	641.900
9510	641.800
7578	643.000
10934	642.200
11478	642.900
2870	643.600
4902	643.100
7962	643.400
9490	643.200
1722	644.400
1534	645.600
10238	646.600
2874	647.400
8822	647.200
8954	647.100
12010	647.500
2118	648.800
5426	649.500
3618	650.100
9598	652.100
10690	652.100
9830	653.900
12238	654.600
442	656.800
2386	656.900
3502	656.700
7158	656.600
9270	656.300
12406	656.800
2478	657.400
9382	657.500
3470	658.600
6874	659.000
8926	658.900
10718	658.900
1122	659.900
5074	659.400
6606	659.500
4994	660.400
6942	660.400
530	661.900
2354	661.900
5382	661.400
598	662.900
4850	662.600
4942	663.000
234	663.400
1886	663.600
6950	664.000
8618	663.400
2814	665.700
6794	668.300
6086	669.500
7226	670.000
7414	672.900
2338	675.000
594	676.000
2266	675.500
1478	677.100
54	678.800
6770	678.700
11094	679.100
12418	680.700
4002	681.700
5406	682.900
114	683.600
6958	683.800
8678	683.900
1726	684.200
5814	684.600
7674	684.900
11410	684.900
8510	685.900
9714	686.300
7834	689.400
6526	692.700
11506	692.800
6894	693.200
5934	694.600
8578	694.500
406	695.500
5194	695.300
9838	695.200
5866	696.300
6906	696.200
11622	696.500
4142	697.300
7862	697.200
7902	697.400
2894	699.000
4730	698.200
6810	698.700
9902	698.100
1342	699.100
1866	699.700
7246	699.500
12058	699.300
1642	701.000
3958	700.100
7154	700.300
7466	700.800
3814	701.600
11682	701.700
5646	703.000
5734	704.900
5814	705.200
1646	706.500
12138	706.900
1046	709.000
6058	708.900
6890	708.300
9082	708.500
890	710.500
7242	711.600
11182	712.900
718	713.700
6426	713.100
10138	713.400
9038	714.200
9762	714.800
5286	716.000
8310	715.900
9258	715.800
2878	716.100
12386	716.800
710	717.400
1422	717.200
9662	717.600
10570	717.600
8126	718.600
8230	718.300
10758	718.600
134	720.500
2458	720.600
6966	722.500
3450	723.700
1514	724.500
5414	724.800
6498	724.500
7322	724.700
8394	725.000
726	725.100
1670	725.200
9206	725.700
11690	725.100
2298	727.400
2230	729.800
2894	729.800
4742	730.100
9642	731.300
12430	731.900
2330	732.700
7974	733.300
5638	734.900
142	735.200
294	735.800
5802	735.600
6798	735.600
10862	735.600
11334	735.400
11410	735.300
11858	735.800
6310	736.100
2982	737.700
5254	737.800
6770	737.800
8214	737.800
2434	738.400
2558	738.700
6554	738.700
7002	738.600
7166	738.900
8966	738.500
9778	738.700
5878	739.400
6626	739.600
7594	739.200
3254	740.900
5150	740.200
5462	740.500
11082	740.700
8042	741.300
9938	741.400
1878	742.700
8506	742.500
2578	744.700
3198	744.900
7358	745.000
7874	745.000
9730	745.000
3978	745.300
4030	746.300
4306	748.200
3390	749.400
7934	750.900
9226	750.400
2538	751.900
3402	751.100
5750	751.500
7626	751.400
8786	751.800
10030	751.700
10810	751.400
3282	752.100
4882	752.500
5978	752.100
10302	752.500
10310	752.300
11418	752.600
12258	752.900
114	753.400
10098	754.300
7058	762.000
8698	763.600
12482	764.900
1046	765.200
2478	765.200
6550	765.600
790	766.900
1538	766.900
2074	766.900
2714	766.800
3366	766.600
5614	767.000
5710	766.100
6286	766.900
6942	766.800
9982	766.500
11910	766.900
7290	767.100
7750	767.100
11226	767.300
902	768.100
11130	769.600
2542	771.100
7670	771.700
3378	773.800
10250	774.000
9326	775.200
9770	775.600
2346	776.900
6902	777.800
258	779.900
1618	779.900
4478	779.800
5770	779.500
2002	780.500
3194	780.300
4778	780.700
1322	781.400
9314	781.500
6222	782.500
8674	782.800
1466	783.500
2374	783.400
11486	783.400
2362	784.100
5530	784.400
1814	786.800
5534	787.000
11590	786.400
454	787.900
802	787.700
1334	787.500
1362	787.400
2482	787.500
9430	787.300
1734	788.700
4802	789.000
7718	788.100
1526	789.600
4730	789.200
11798	789.800
12494	789.700
1966	790.100
6254	790.500
6374	790.500
8094	790.600
12054	790.600
12118	790.400
12298	794.000
374	794.800
810	794.200
7874	794.700
9130	794.600
11926	794.300
3062	795.700
7202	795.100
11754	796.000
5866	796.300
6466	797.900
2134	798.100
8562	799.000
2226	799.700
10038	800.300
4882	801.500
6698	801.200
12250	802.600
2994	805.800
3374	805.300
3922	805.500
10862	805.800
11498	805.700
7106	806.200
6598	807.600
4042	808.100
8362	808.800
2018	810.600
3610	810.600
3838	810.600
4386	810.700
5310	810.400
5478	810.400
8706	810.100
11318	810.800
1654	811.700
8834	811.100
10030	811.500
2510	812.900
4458	812.200
5622	813.300
6146	813.600
6374	813.500
3966	815.000
4054	815.000
4046	816.000
4274	815.400
5638	815.900
6906	815.600
11294	815.700
11530	815.100
4778	816.100
7382	816.300
2566	817.600
11050	817.200
3306	818.100
12294	818.500
3878	820.000
10786	820.500
12386	820.800
2558	824.200
4554	824.500
3246	826.000
8882	825.400
2402	826.800
3238	826.700
3930	826.200
1758	827.700
3962	829.000
4218	828.400
690	829.600
3026	829.400
4994	829.300
9298	829.200
182	830.100
514	830.300
2422	830.900
2642	830.900
2330	831.700
3854	831.700
6226	831.200
6382	831.900
8466	831.700
9542	831.500
10546	831.600
12034	831.100
3986	834.000
8126	835.300
7278	837.000
1086	837.700
1266	837.800
3350	837.300
3278	839.800
4170	839.800
4622	839.100
5186	839.200
6194	839.900
7638	839.600
8406	839.800
10378	839.700
11774	839.300
538	840.900
1006	840.500
3314	840.500
3994	840.200
8718	840.300
9714	840.600
10778	840.200
3910	844.800
2518	845.900
2622	845.600
4730	845.500
6550	845.900
6730	845.400
7722	845.400
9002	845.500
2198	846.100
4114	846.800
5162	847.100
2490	848.600
4898	848.400
22	849.700
6578	849.400
9730	849.200
5970	850.900
8186	850.200
1090	851.500
9226	851.300
950	853.800
2190	853.200
8042	853.200
1934	854.800
2830	854.600
6994	854.300
8394	856.700
6430	857.600
1918	858.900
9526	858.800
2154	859.500
5734	860.400
7534	860.300
6230	861.700
9082	861.200
1730	862.300
7250	862.600
9830	862.200
4258	863.200
7490	863.100
5798	864.900
3122	865.700
5878	866.600
10386	866.300
11010	866.200
274	867.400
2910	867.800
8882	868.300
8974	868.600
9078	868.300
10690	869.300
11398	869.300
11654	869.300
10950	872.000
6558	873.600
7398	873.900
1818	874.500
2754	874.500
5242	874.600
10302	874.600
1206	875.100
7306	875.700
7882	875.800
1590	876.900
1662	877.000
1674	877.000
2718	876.300
2958	876.100
3850	876.300
5742	876.600
8818	876.600
9430	876.200
9914	876.500
12030	877.000
914	877.200
1906	877.500
6458	877.100
6906	877.500
7058	877.600
7714	877.700
9506	877.300
10134	877.100
10202	878.000
5310	878.500
5418	878.400
10162	878.600
4882	879.900
7806	879.100
8098	879.400
10190	879.200
10222	879.900
10806	879.300
11418	880.000
2982	883.400
3198	885.100
4406	885.100
1386	886.800
118	888.200
5626	888.700
7562	888.100
11102	888.200
11686	888.600
1506	889.900
754	892.900
3994	892.600
12406	892.900
1530	893.500
7550	894.000
10770	894.600
2014	895.500
3890	895.200
6850	895.700
9510	895.500
9886	895.300
5670	896.600
8874	896.400
9446	897.000
9710	896.200
50	897.800
1002	897.200
1178	897.100
1370	897.800
2482	897.500
3310	898.000
3330	897.600
1778	898.400
9806	898.800
3494	899.500
5506	901.600
7442	901.200
686	902.800
1618	902.400
2230	902.500
2454	902.200
5646	902.900
7566	902.200
12126	902.800
3338	903.200
4426	903.300
6002	904.000
9990	903.500
10490	903.200
11058	903.100
7826	904.300
2726	905.700
3714	908.400
3806	908.600
438	909.400
4538	909.500
11330	909.500
930	910.300
6598	911.100
730	912.700
1262	914.000
242	914.700
4274	915.000
5230	914.900
8694	914.300
9202	914.500
11054	914.600
1590	915.200
5778	915.600
6406	915.500
326	917.000
12038	917.100
3314	918.500
3394	919.200
6474	919.100
8378	919.800
4074	920.800
4830	921.900
9226	922.600
11818	922.800
8686	923.300
6834	925.500
2714	926.700
3198	929.100
5578	930.800
3786	931.900
4062	931.200
4434	932.000
3262	933.200
7790	934.200
11010	934.500
12418	934.900
8726	935.600
2890	938.100
78	939.200
4358	939.800
6942	939.400
14	940.300
1178	940.200
9286	942.000
3878	942.700
10706	942.500
1434	944.900
1958	944.400
2922	945.900
3742	945.300
4474	945.500
5374	945.700
6290	946.000
6310	945.600
7302	945.500
2998	946.600
3038	946.600
3750	946.200
8698	946.800
10454	946.600
12250	946.800
6950	947.300
7906	947.600
7962	947.700
9542	947.600
2166	948.600
4698	948.600
4434	949.600
11822	949.400
3246	951.800
9594	951.900
4522	952.300
8174	952.300
10242	952.700
418	954.100
1662	954.900
10206	954.800
90	955.100
2526	955.300
8990	955.300
9026	956.000
10146	955.800
850	957.500
5626	958.300
9854	958.900
12258	958.500
782	959.300
4586	959.500
11350	959.900
966	960.900
2694	964.600
7006	965.000
10586	964.500
2286	967.900
7862	967.600
142	968.300
6250	968.700
2518	969.500
11586	969.800
2850	970.100
11394	970.800
9890	971.400
2386	972.400
2102	973.900
5462	974.600
6154	974.600
490	975.600
10526	975.600
10702	975.900
12434	975.800
6758	976.100
7182	976.100
8510	976.200
5182	977.800
274	979.200
7894	979.200
774	980.300
5074	980.800
5262	981.400
8138	983.000
10614	982.700
3974	983.500
6946	983.300
9418	984.500
4078	985.800
5102	985.100
7090	985.300
7994	986.000
1402	986.900
3814	986.100
4574	987.000
4910	986.500
5702	986.900
6302	986.700
10186	986.500
10302	986.600
22	987.500
1738	987.500
2902	987.100
5934	987.600
6058	987.400
6242	987.600
7834	987.100
10030	987.100
10254	987.400
1602	991.300
6082	991.500
11798	993.700
6222	994.600
9882	995.400
12042	996.000
6722	996.300
12014	996.900
3338	997.800
8030	997.800
8306	997.600
1318	998.600
2782	998.800
3610	999.000
7250	998.600
10962	998.700
114	999.600
2866	999.500
8726	999.100
