# NEST version: 3.6.0
# RecordingBackendASCII version: 2
sender	time_ms
10701	157.800
8025	158.700
9461	158.500
205	159.800
7801	159.200
6025	160.100
6237	160.100
6833	160.400
6877	160.800
8845	160.200
9209	161.000
12093	160.100
317	161.200
5337	161.300
8261	161.800
5693	163.000
6737	163.900
737	164.400
10897	167.600
4245	168.500
5125	168.300
6001	168.400
7777	168.100
9093	168.700
9593	168.200
3745	171.000
9817	170.500
11333	170.500
12433	171.000
5033	171.800
5993	171.400
7225	171.800
7409	172.000
8565	171.500
10589	171.100
1601	174.500
12393	176.000
3421	176.800
10373	177.400
3097	178.700
1725	180.200
949	181.400
9057	181.300
5133	182.700
6517	182.500
11385	182.200
461	183.900
9989	183.700
3149	184.900
3453	184.800
5545	184.600
5973	184.100
9597	184.300
10177	184.600
437	186.000
7413	185.400
2877	188.000
4213	187.100
11721	187.700
3673	188.200
7337	188.400
10113	188.800
381	189.700
1649	189.100
2653	190.000
2957	189.500
6969	189.600
10049	189.700
10425	189.400
10477	189.300
11513	189.800
12181	190.200
6865	196.500
6673	197.200
8789	197.300
293	198.900
9101	198.300
10297	198.400
7649	199.800
2041	200.800
10701	200.800
10893	200.700
1209	201.900
11845	201.600
11253	203.800
3105	204.600
3581	206.900
6665	207.000
12445	207.000
8769	208.000
4481	208.900
5917	209.000
10041	208.300
1233	209.800
7177	210.200
10285	210.900
2557	211.900
4505	211.900
5213	211.100
6025	211.900
6101	211.300
7405	211.800
8597	211.400
9621	211.200
10705	211.200
12125	211.600
12161	211.900
7953	212.300
11689	214.500
11041	215.100
3957	217.400
493	219.000
3637	219.800
6437	219.400
12025	219.900
6829	220.200
7553	220.800
9445	220.200
849	222.800
1713	223.000
12029	222.300
2297	223.500
3241	223.400
3465	223.500
7825	223.700
11529	223.600
809	229.000
649	229.600
3421	229.700
8077	229.200
901	230.400
4817	230.500
7729	230.600
10113	230.300
11149	230.900
4093	232.000
12249	231.100
6389	234.400
333	235.500
9341	235.600
10985	236.300
12445	236.600
2817	237.600
4417	237.200
9777	237.900
6901	239.200
4957	242.500
5185	247.900
7065	247.800
9153	248.000
10005	248.000
1601	249.000
1993	248.200
11241	249.800
6713	250.800
11841	250.900
9885	252.000
769	253.900
3685	254.700
4117	254.300
5037	254.800
9033	255.000
9969	254.400
3025	255.200
3673	255.800
5061	256.800
4253	258.300
6241	258.600
1973	259.800
2789	259.700
5929	259.600
7289	259.200
8113	259.200
9901	259.400
11077	259.500
11757	259.900
193	260.100
9497	260.700
11301	260.700
11737	260.400
8297	261.100
1557	263.900
7837	264.900
8229	264.900
9585	264.700
705	265.300
4229	266.000
5317	265.100
11717	265.100
8805	266.400
10929	266.400
2565	268.400
6393	269.000
11157	268.100
11533	269.000
661	269.300
1637	269.300
2117	269.100
3009	269.500
10429	269.900
10981	269.500
1949	270.800
4601	273.400
10541	273.400
4321	276.200
4573	276.800
9	277.200
3049	277.300
6293	277.800
8769	277.200
12221	277.500
1525	278.500
10221	278.200
11037	278.700
10797	279.100
8701	284.800
6045	285.200
9469	285.100
3721	287.400
11933	287.400
8861	288.300
9049	289.600
9481	289.100
9533	290.900
1749	291.900
4329	292.000
8217	291.400
10537	291.100
12257	291.900
3545	292.200
3105	294.700
4153	295.400
369	296.700
441	297.000
1945	296.800
5437	296.200
9345	296.400
1213	297.500
1941	297.400
5921	297.700
10685	297.800
3685	299.600
145	300.700
5837	300.700
12129	300.700
8085	301.500
11281	301.500
5285	302.400
4241	304.600
7953	305.700
11445	305.700
2801	306.200
7913	307.000
9273	306.600
273	307.600
413	307.700
1365	307.700
2033	307.600
9037	307.700
9581	307.500
1149	308.400
5517	308.200
1261	310.300
3857	310.200
4889	310.500
6261	311.700
7665	312.000
1369	312.200
2929	312.100
9753	313.700
10005	313.300
11465	313.300
11989	313.700
10521	317.900
741	318.400
5649	318.200
12081	319.500
10661	320.700
10061	321.600
4281	322.800
6537	326.000
11425	325.700
6173	326.500
693	327.900
4685	327.400
10401	327.300
11089	327.700
11133	330.100
2557	332.500
237	334.000
3509	333.900
11329	334.100
409	335.700
7777	335.500
7877	335.600
2981	337.400
6493	337.700
3381	339.000
7757	338.400
165	339.800
10409	340.000
5113	341.100
8673	341.900
9897	341.700
2885	342.100
4077	343.700
7421	343.800
8381	343.400
9885	343.200
12221	343.800
1457	345.700
9173	346.000
1921	346.400
2653	346.500
3761	346.700
7209	346.700
9329	346.100
10653	346.700
10701	346.500
773	349.000
3525	348.400
8373	349.000
10081	348.200
11793	348.600
11857	350.900
5905	352.400
7557	352.900
2257	353.300
5333	353.300
7457	354.000
4249	354.400
11801	354.300
12033	354.500
12301	355.300
5605	357.000
7889	357.600
11209	357.300
925	359.500
9689	359.600
12409	359.800
12481	360.400
1949	363.000
2733	362.700
12445	363.100
2273	364.800
4009	365.000
5305	365.700
1413	366.700
6609	366.200
5177	367.900
8741	367.900
10709	367.700
7721	370.300
8941	371.300
2425	372.900
7825	373.600
8265	374.900
8789	374.800
2977	375.700
3161	375.600
597	376.900
1561	376.100
4753	376.600
4833	376.600
5009	376.400
9285	376.700
3093	378.000
5121	377.700
6741	377.600
7509	378.000
7993	377.900
9977	378.000
10533	377.100
621	378.200
2029	378.900
11709	378.100
5737	379.700
6481	379.500
9065	381.900
10049	381.100
1437	382.800
2517	382.400
4345	383.300
7089	383.500
1609	385.600
2117	386.800
5941	386.700
2249	387.500
2813	387.500
8429	387.700
481	388.500
2353	388.400
3273	388.300
4697	388.400
7233	388.500
7949	388.600
8853	388.100
9449	388.500
12241	388.200
1533	391.500
3333	391.900
7405	394.600
7865	394.900
8985	395.200
5333	396.600
8337	396.500
1105	398.300
2893	398.800
11073	398.800
11445	398.900
7161	400.000
10693	403.000
10541	403.500
2289	405.000
821	405.700
5157	406.700
8305	406.200
10705	406.800
12185	406.600
3557	407.100
4341	408.600
53	410.000
1885	409.500
5733	410.800
5917	410.900
6749	410.600
1705	411.600
10549	411.200
1209	414.200
4485	414.600
5309	414.600
273	415.200
385	416.000
505	415.600
5085	416.000
8489	415.600
11117	416.000
2473	416.200
11933	416.700
12001	416.600
7593	417.400
4241	419.100
2653	420.600
4689	420.300
6049	420.600
8205	420.200
12181	420.200
6929	421.800
8521	422.600
12457	422.300
4873	423.300
10013	424.000
11437	423.200
11573	423.200
5181	424.900
6589	424.300
8601	424.600
11153	424.900
849	425.100
2017	427.900
6673	429.800
7233	429.300
1145	431.000
6249	430.400
10285	430.900
12013	431.000
713	431.800
4405	431.100
5585	431.200
1605	434.900
5141	434.200
8261	434.100
4865	435.800
657	436.900
2793	436.400
9133	436.800
11069	436.300
4317	437.100
4953	437.200
7717	438.100
10061	438.900
857	439.400
1885	439.300
8129	439.400
11005	439.200
6873	440.800
9449	442.000
10829	441.900
8837	443.800
10201	444.800
361	446.400
3725	447.000
11469	447.700
7661	448.900
8737	449.900
11605	449.700
8517	450.700
10457	450.900
11869	450.400
1141	452.800
5297	452.500
10797	452.100
11565	452.300
1557	453.100
609	454.200
12457	455.900
5441	456.400
7897	457.200
8397	457.900
1533	458.100
7565	458.500
1749	460.700
8601	460.800
2461	461.800
8361	461.500
817	462.400
6021	462.400
1541	463.700
4425	463.100
5149	463.800
6005	463.200
9737	463.200
53	464.200
2709	464.300
2853	464.800
3133	464.800
3157	464.500
6533	464.200
7209	464.400
11073	464.200
11269	464.100
8521	465.300
8625	466.000
10005	465.800
61	469.600
1601	469.600
12441	469.600
741	471.100
5373	471.900
5757	471.400
221	473.000
7445	472.600
7597	472.800
12033	472.400
849	473.600
3913	473.300
7293	473.300
10265	473.100
4185	474.600
7213	474.200
441	475.800
9853	475.200
9409	476.500
3245	477.600
4513	477.700
10045	477.800
3253	478.300
8345	478.600
11013	478.400
9393	479.100
10049	479.500
8585	480.200
9689	481.000
6245	481.800
2769	482.500
11313	483.200
2305	485.300
1689	486.900
7337	486.100
4505	488.000
5725	488.000
7061	487.900
4441	488.700
7001	488.300
8321	488.700
8537	489.000
9141	488.500
9521	488.500
9889	488.700
909	489.200
4113	492.700
1573	494.200
5129	495.700
4345	498.000
57	498.500
1437	498.100
11005	498.900
11393	498.600
11773	499.000
6813	499.500
7917	499.400
12221	499.300
12397	499.400
10541	502.900
11657	502.300
5073	504.100
10237	504.400
7169	505.100
7649	505.900
949	511.800
4149	511.800
2097	512.800
2729	512.200
12249	512.600
3521	513.600
1773	515.200
6877	515.200
1397	518.000
5669	519.000
9601	518.100
10361	518.300
137	519.200
1265	519.400
7929	519.500
8229	520.000
9301	519.800
11185	519.100
11581	519.200
12389	519.300
2249	520.100
7433	520.700
10137	520.800
10673	520.800
5333	521.200
7877	521.500
10909	522.400
4481	523.700
213	524.700
3241	524.700
3589	524.700
4117	524.700
5381	524.100
7033	524.500
7833	524.400
11985	524.500
969	525.900
1653	525.500
6265	526.000
265	526.200
3637	527.000
4693	526.100
5433	526.400
5837	526.300
25	527.300
6497	527.500
5509	528.200
12165	529.600
457	532.000
933	532.000
10929	531.500
3433	533.800
12013	533.600
5917	534.500
10521	534.100
11169	534.500
1	535.200
1725	535.400
9785	535.900
11445	536.600
6873	537.500
2465	538.600
8977	538.500
7649	539.700
11245	539.800
6125	541.000
6945	540.300
7089	541.800
12057	542.000
257	542.700
1633	542.800
5461	543.000
8177	542.200
10501	542.200
11089	542.100
3561	544.000
1249	544.400
12229	544.200
3025	545.500
4385	546.000
4829	545.600
8273	545.100
381	547.000
2221	546.200
2937	546.800
4697	546.800
11005	546.900
957	547.900
5713	547.100
11081	547.300
2709	548.200
7945	548.200
3373	550.300
8389	551.500
7577	553.900
8801	555.900
11153	556.200
4997	558.800
5465	558.300
11161	558.800
945	560.000
4213	559.100
5005	559.700
6929	559.400
9177	559.300
581	560.700
6165	560.600
6261	560.500
1457	561.700
3857	561.500
7477	561.900
10585	561.300
5405	563.100
681	564.700
1525	564.300
6173	565.600
11037	566.000
93	566.100
4345	566.300
6905	566.800
10429	566.200
9521	567.700
2973	568.100
9445	570.000
809	570.300
4165	570.900
6749	570.600
53	571.600
1193	571.200
1857	571.100
8853	571.500
9141	571.700
3153	572.500
7469	572.700
8837	572.600
11809	572.500
1157	573.200
2529	573.400
4197	573.300
4725	573.200
8257	573.600
11333	573.800
369	575.000
841	574.700
9301	574.900
9349	574.600
9557	574.600
11881	574.500
12081	574.500
10129	576.800
11101	577.000
2933	580.100
7529	580.100
349	581.500
773	581.100
6689	581.600
10033	581.800
2253	582.700
6521	582.100
8453	582.200
9965	582.200
4525	584.700
3761	585.300
10145	585.500
353	586.400
1581	588.900
2977	588.800
7837	589.200
7841	591.500
3573	593.800
5689	594.300
9529	595.000
11709	594.400
1777	595.700
5149	596.000
10649	595.900
11265	595.400
7229	600.900
7337	600.400
237	601.100
705	601.600
1073	602.300
1537	602.700
6181	602.600
6893	602.200
7601	602.500
8593	602.700
12301	603.000
4997	603.200
7609	607.000
241	607.500
977	607.700
7461	607.100
3749	610.500
8101	610.400
10677	611.200
317	612.600
2513	612.300
2825	612.600
5909	612.600
11277	612.700
11517	612.100
12453	613.400
3345	615.000
7313	614.700
7213	615.200
9773	615.500
1577	617.000
4389	616.200
6725	616.300
11229	616.600
81	618.600
12389	618.300
3273	619.100
6337	620.400
9749	620.900
4485	621.400
9821	621.200
3077	624.000
10793	623.300
8349	624.300
11201	624.300
2029	627.400
9777	628.200
10221	628.200
11869	628.100
12473	631.200
1933	634.800
2857	634.300
4385	634.800
2049	635.300
4657	635.800
865	636.400
5913	636.500
6269	636.300
6433	636.500
6597	636.500
10225	637.000
11161	636.600
12097	636.100
969	637.100
2129	637.100
5981	637.500
8281	639.000
8969	638.300
11001	638.600
12441	638.300
7093	641.700
5529	643.100
8329	643.300
9521	644.000
11765	644.000
11809	643.900
4177	646.000
9409	645.800
4545	647.900
6685	648.000
7253	647.700
8837	647.900
1857	648.700
2929	648.900
3733	648.600
9881	648.900
9	649.700
437	649.300
1073	649.900
1785	649.700
2785	649.900
3673	650.000
5213	649.600
5465	649.900
5985	649.800
7101	649.100
7337	649.700
7373	650.000
7389	649.900
8149	649.600
8729	650.000
9813	649.900
10041	649.500
10429	649.900
10853	650.000
1521	650.100
3945	650.400
4265	650.100
6161	650.200
7053	650.400
7469	650.900
11845	650.400
12085	650.100
621	654.600
2937	658.200
2997	658.600
4585	658.900
8501	658.900
6665	660.000
6977	659.200
7817	659.900
9373	659.500
441	660.700
1049	660.600
1525	660.400
2941	660.500
4829	660.300
7989	660.200
8129	661.000
8181	660.700
3105	661.100
9397	661.400
10601	661.400
6045	663.300
4405	664.900
285	665.900
3117	665.700
6737	665.600
8249	666.900
8305	666.700
11413	666.600
9129	667.400
3557	668.900
8101	668.200
12093	668.400
3541	669.900
9201	669.200
9617	669.300
241	670.100
397	670.800
949	670.300
2797	671.000
3441	670.700
4213	670.700
4357	670.700
4601	670.600
4865	671.000
12473	670.800
1661	672.000
6101	671.300
7729	671.700
53	673.100
169	673.700
2741	673.700
7185	673.500
7825	674.000
8429	673.200
11933	673.800
437	674.800
1713	674.100
6125	674.700
9713	674.200
9765	674.200
10905	674.500
12029	674.200
5141	675.100
9461	675.100
8657	678.200
3881	679.700
9969	679.400
1137	680.300
7201	680.700
7857	680.300
5837	681.100
6417	681.700
5121	682.300
9869	683.000
1373	683.900
7333	683.800
11621	683.300
9305	684.900
2357	685.300
10909	688.500
7313	690.000
8385	689.800
8445	689.900
9045	689.800
6241	690.600
3381	691.500
233	693.900
2537	693.600
6173	693.800
12453	693.500
1933	694.900
2641	694.200
6161	694.700
525	695.700
685	695.800
4413	695.200
9697	695.800
9725	695.900
4257	696.200
805	697.200
2785	697.200
10653	697.600
3857	698.400
7133	698.200
7945	698.500
8305	701.000
8849	700.600
2097	701.200
6149	701.900
6801	701.100
8249	701.100
8973	701.700
10489	702.000
285	702.500
3721	702.400
5221	702.600
5653	702.500
8149	702.400
8621	702.200
11281	702.200
12169	702.900
12245	702.100
4585	704.800
11005	707.000
11285	707.100
4213	712.700
6345	713.500
7781	713.500
3565	714.900
10289	714.900
10157	717.700
8205	718.800
497	720.700
705	720.400
821	720.900
6001	720.800
11597	720.200
4345	721.700
7009	721.100
7461	721.800
8253	721.900
8373	721.900
9745	721.800
10677	721.700
6841	722.400
7153	722.100
7981	722.800
10413	722.500
445	723.400
2129	723.800
1633	725.500
8077	725.900
5461	726.200
7473	726.100
9785	726.500
10809	727.700
12485	727.800
645	728.400
11161	728.500
11281	728.200
11933	728.400
9425	731.500
925	732.200
4833	733.100
1525	734.800
6069	735.000
8673	734.700
11185	734.300
11305	735.100
7065	736.900
8521	736.100
10693	736.500
481	737.300
681	737.200
53	739.000
3253	738.400
8109	738.500
10253	738.400
10685	738.400
11133	741.100
665	743.400
2629	744.200
9161	744.500
65	746.600
1437	746.300
3009	747.000
9673	746.100
2597	748.000
2649	747.300
4841	747.800
6185	747.100
7649	747.500
10681	747.700
2933	748.600
3249	748.800
3373	748.400
6449	748.200
7389	748.400
9125	748.500
11385	748.100
12321	748.100
10521	749.700
1665	751.900
4009	752.500
9641	752.700
313	753.900
4069	753.700
4909	753.400
4541	755.900
5965	755.700
6773	755.800
11717	757.000
12385	756.300
293	757.800
6605	757.800
6933	758.700
3585	759.900
4209	759.700
4425	760.000
9881	759.900
889	760.600
1329	760.800
8037	760.100
11165	760.900
2017	761.600
5229	763.900
7169	763.300
9573	763.200
5133	764.900
8153	764.300
10365	764.600
11945	765.200
6761	768.500
6249	769.500
9461	770.200
3505	771.200
8477	771.800
817	772.900
2869	773.000
11081	772.500
11173	772.300
629	776.500
2541	777.100
6049	778.000
8129	778.400
12285	778.400
3133	779.100
6621	779.700
7729	779.700
10549	779.900
8713	780.900
10297	780.400
3185	786.000
9349	785.400
11581	785.700
61	786.100
2473	786.300
4293	786.400
8325	786.800
9053	786.600
1525	787.500
1893	787.700
4173	787.100
5237	787.500
4685	788.300
4101	789.100
7929	789.500
9369	789.800
2961	790.200
4385	790.800
6473	790.600
7333	791.000
9273	790.600
9365	790.700
1881	791.200
5301	791.400
8381	791.600
11041	792.000
11697	791.500
12329	791.700
12461	791.400
5405	792.200
9297	792.100
10253	792.600
941	797.000
5617	796.800
12013	798.800
4089	799.700
4733	799.700
6685	799.800
8069	799.600
8837	799.400
7601	800.700
9673	800.300
2173	802.600
7917	803.700
8305	804.200
12069	804.500
2793	805.500
4321	805.900
5281	805.600
6449	806.000
8845	805.400
1465	806.600
2513	807.000
6517	806.900
6889	806.100
12453	806.200
3037	807.200
3225	807.300
3289	807.100
3341	807.300
4437	807.100
8505	807.500
801	812.500
6529	812.500
8149	813.000
10149	812.700
12397	812.500
797	813.200
5869	813.400
6173	813.300
10985	813.400
1913	814.600
7477	814.200
6933	816.000
9669	816.000
1577	816.600
2305	816.600
7989	816.600
5765	818.000
7485	817.300
8701	818.000
10129	817.900
11861	817.800
3681	818.300
7413	819.100
11513	820.000
1281	820.800
4665	820.400
6045	821.100
6737	823.000
8077	822.900
9201	823.000
9741	822.500
65	823.500
4145	823.300
5609	823.900
9125	823.800
11165	823.900
12241	823.600
1529	824.700
2649	825.000
4685	824.300
12301	826.000
93	827.900
81	829.800
193	830.800
1401	830.700
4229	830.200
6833	830.700
9309	830.700
9409	830.800
9529	830.500
10545	830.400
625	831.500
3773	831.800
7913	831.700
11113	831.200
11553	831.600
673	832.100
9733	833.100
4705	834.800
789	835.700
5761	836.900
11473	836.600
3249	837.200
4149	837.300
9349	837.200
10585	837.600
11877	837.500
1817	838.400
9561	839.200
10449	840.000
1541	841.800
1457	842.500
2893	842.900
6893	842.900
7069	842.900
5177	844.000
6149	843.700
11301	844.000
10457	844.100
349	847.900
3421	847.900
8277	847.600
9641	848.000
2393	848.800
7125	848.200
4213	849.200
3441	850.800
7837	850.700
9569	850.200
1193	851.900
2653	851.800
9141	852.000
10141	853.600
11561	855.800
1545	856.600
12341	857.300
613	858.200
2753	858.700
4485	858.700
573	860.600
12105	860.400
8573	862.400
7313	863.900
2813	864.800
3949	864.200
11905	864.800
481	865.900
5105	865.100
5117	865.900
5409	865.400
9885	865.200
4957	866.100
2357	869.800
4405	872.200
7049	873.500
7761	873.300
7781	874.500
11261	874.100
2873	875.200
11817	875.800
11981	876.900
4601	878.500
7509	878.800
9357	879.900
5229	882.000
6569	881.100
9141	881.600
389	882.100
1049	882.800
693	883.600
1805	883.700
2281	883.700
3913	883.500
4793	883.600
7081	883.700
1857	884.300
8785	884.700
10701	884.300
10101	885.100
11213	885.900
461	886.700
1661	886.800
7325	886.400
8801	886.800
8197	887.500
2909	889.400
4789	889.100
8477	889.900
12185	889.800
3373	890.800
4465	890.400
5129	890.400
5313	891.100
7125	892.000
233	892.100
2949	892.200
6469	892.500
7493	892.800
8205	892.200
8257	892.700
9133	892.400
9893	892.800
10693	892.200
11233	892.400
1681	893.200
3685	893.200
5005	893.300
5917	893.700
8101	893.200
8913	893.500
11869	893.500
11973	894.100
8149	895.100
1389	896.900
5893	896.900
7017	896.200
7665	896.200
3281	897.700
11621	897.900
573	898.600
5017	899.000
7357	898.800
533	900.800
1621	900.700
2037	900.300
3337	900.500
4405	900.100
7829	900.100
8301	900.400
3757	901.500
3909	901.700
6897	901.400
11209	901.200
9585	903.000
1665	903.900
2069	903.300
2693	904.300
4549	905.000
9485	904.300
3545	905.900
3917	905.400
5225	905.300
6977	905.900
1989	906.500
10057	906.500
11697	906.100
11961	907.800
6021	910.700
1809	911.100
6205	911.400
793	912.800
2477	912.600
385	913.100
4009	913.400
8849	913.600
11373	913.600
6873	914.100
7917	914.200
7081	915.500
5973	916.600
1609	917.600
2353	918.000
5673	918.200
7977	918.700
8225	918.400
9297	918.400
11665	918.700
2981	919.100
7209	919.200
10325	919.200
3761	923.300
4753	923.900
9897	924.400
4761	926.000
5581	925.600
8905	925.200
11905	925.900
989	926.200
1257	926.600
5825	926.100
8629	926.600
9601	926.200
12249	926.800
1573	927.200
2361	927.700
10681	927.500
8457	928.300
6893	929.500
5497	930.700
6737	930.700
8049	930.600
12221	930.600
2813	931.800
9397	931.800
9617	931.700
10621	931.200
7221	932.300
8589	932.900
4513	933.100
11729	933.100
5457	934.700
10221	934.900
12025	935.100
12293	935.900
7133	936.400
1385	937.700
1581	937.300
10137	938.000
11197	938.800
2201	940.900
5037	940.300
3509	941.300
7945	941.200
8205	941.300
8365	941.400
9749	941.500
9765	941.300
4005	942.800
3813	943.100
9789	944.200
11545	944.800
5129	946.000
5433	945.700
8873	945.800
1409	946.800
4485	946.400
5661	946.500
5241	947.300
5945	947.400
8181	947.700
9269	947.200
1057	948.500
11741	949.900
633	950.300
941	950.800
4505	950.400
2425	951.900
4573	952.000
5209	951.700
8061	951.600
9141	951.200
2757	952.200
11817	952.100
6177	953.100
2317	954.900
413	960.000
4057	960.300
9285	960.200
9421	960.300
1637	961.200
5009	961.100
5093	962.000
897	962.900
901	963.300
8025	963.500
933	964.500
3301	965.000
6681	964.800
6749	964.600
7889	964.600
11433	964.500
12173	964.700
1413	965.900
1777	965.900
2901	966.800
3357	968.900
12485	968.200
6265	969.400
8397	969.400
609	970.400
1385	970.800
1525	970.400
5225	970.800
10669	970.600
10717	971.000
821	971.900
3777	972.000
7841	973.900
8249	973.300
4405	976.000
11925	976.800
8929	977.100
10649	977.500
10701	977.900
805	978.300
1509	978.700
4225	978.800
5193	980.700
3417	981.200
3693	981.600
3929	981.900
12397	981.200
905	982.100
3881	983.000
8261	982.300
11777	982.500
12341	982.700
8385	985.400
10021	985.300
10441	985.400
12197	987.600
1601	988.700
6877	989.400
1373	990.100
1561	990.300
1785	991.200
2289	991.900
4285	991.300
4865	991.600
693	992.900
3093	992.200
4333	992.800
10145	992.700
12149	992.300
349	993.100
1197	996.400
7461	996.900
10705	996.500
