# NEST version: 3.6.0
# RecordingBackendASCII version: 2
sender	time_ms
4842	157.800
4402	158.600
4338	159.600
7294	159.800
10690	159.500
3890	160.500
1342	161.700
9614	161.900
3622	162.300
4302	162.300
6258	162.600
7270	162.500
3694	163.300
4582	163.800
5090	163.500
8602	163.900
2426	165.000
3850	164.200
5974	164.900
6034	164.100
6398	165.000
8294	164.600
11082	165.000
650	165.300
1578	165.600
1942	165.900
3098	165.100
4398	165.700
7114	165.900
7278	165.900
8070	165.800
10782	165.500
11406	165.100
11454	165.200
2438	168.900
5106	168.900
226	169.900
2902	170.900
4922	171.000
6062	170.700
6886	170.900
11626	170.600
14	171.900
2302	171.300
4938	171.800
3798	172.300
8658	173.000
11198	172.400
11762	172.300
2950	175.600
2218	178.500
3570	181.200
2966	182.500
2990	182.700
7686	182.100
3902	183.800
7466	184.100
8622	184.400
9038	184.300
6686	185.700
7614	185.900
9466	185.100
12450	186.400
3138	187.800
3938	187.300
4762	187.800
6526	187.500
6598	187.900
10250	187.300
8398	188.800
1786	189.600
1790	191.800
3638	192.900
7802	192.100
1118	193.800
1614	193.400
5538	194.300
8374	194.300
238	196.000
6098	195.300
1206	196.500
1654	196.200
5778	196.700
12458	196.800
12474	196.800
1270	197.400
1862	197.200
198	198.900
8170	198.500
8750	199.000
530	199.700
2166	199.400
3458	199.200
6022	200.000
2626	200.800
10358	201.000
8042	202.000
9402	201.500
10826	201.300
11294	201.500
11554	201.300
486	202.100
2226	204.300
5798	204.400
2354	205.400
8222	205.400
4390	206.600
5842	206.800
526	208.000
2498	208.000
7498	207.800
8242	207.900
10310	207.900
11110	207.800
354	208.300
2966	209.900
7230	209.900
8742	210.700
962	212.900
4090	212.700
5190	212.800
6430	212.300
10986	212.900
1938	213.100
11050	213.900
11374	215.000
1046	215.600
5550	216.400
62	219.100
4450	219.600
6942	220.000
822	220.300
1846	221.000
5174	220.800
6238	220.600
9914	220.700
2210	221.200
9982	221.200
12102	221.100
1662	223.000
3442	222.400
3518	222.100
8210	222.800
8494	222.600
11614	223.000
12034	222.900
2858	223.800
4726	226.000
8946	226.000
11894	225.200
3890	227.800
12414	228.800
4834	229.500
11638	229.700
5590	230.300
4518	232.700
9642	232.200
730	234.700
1522	234.700
2406	235.000
9550	234.800
938	235.600
1370	235.900
1594	235.500
2202	235.600
3202	236.000
3230	235.300
4206	235.100
4334	235.300
6270	235.700
7214	235.800
7490	235.700
7622	235.900
8118	235.900
8978	235.200
12482	236.000
3462	236.900
4418	236.500
4994	236.200
5822	236.800
6866	236.300
9866	236.100
11462	236.900
12106	236.100
7086	240.400
3838	241.800
3870	241.200
6894	241.100
7434	241.700
8254	241.300
8418	241.900
9614	241.500
10690	241.200
12078	241.400
858	242.800
3030	242.800
642	243.500
950	245.800
1562	246.100
8290	246.900
9110	246.200
9730	246.800
10398	246.300
1206	248.300
2870	248.200
3586	248.700
8102	249.300
11306	250.100
1950	251.600
1342	252.300
1474	253.000
12206	252.700
11502	254.800
6934	255.400
3570	256.200
11818	256.700
8510	260.000
9218	259.400
3190	261.000
12446	260.700
7130	261.600
514	262.800
7726	263.900
8902	263.900
9114	264.000
11666	263.800
2858	264.200
5186	264.700
10762	264.800
798	265.200
3982	265.300
6970	265.700
10858	265.800
11514	269.600
138	270.800
2642	270.400
5006	270.400
11722	272.200
2434	274.400
2658	276.000
6902	275.200
9786	276.500
2094	277.500
8890	277.200
1582	278.200
5578	278.400
4370	279.600
5230	279.900
8502	279.700
10354	279.400
7290	280.300
3170	281.300
2002	283.100
6670	285.000
10378	284.900
5294	285.200
7490	285.400
9206	285.300
918	286.400
2258	287.300
346	289.500
2454	289.700
8634	289.600
11678	289.200
10654	290.300
5726	294.400
1154	296.400
5502	296.900
5322	297.900
6218	298.700
6486	299.600
2894	300.800
3158	300.400
6366	300.900
8034	300.800
9070	301.000
12450	300.800
1014	301.700
1202	301.400
1562	301.100
4318	301.100
1578	302.300
822	303.300
4250	304.800
5498	304.600
10986	304.200
1166	305.400
8170	305.400
11214	305.900
11390	306.200
7066	307.500
4610	309.100
5730	309.400
2754	310.100
3718	311.000
7522	310.200
1254	311.900
1150	312.700
7798	313.100
9850	313.700
1794	315.000
3946	314.300
6394	314.500
4374	315.500
8062	315.100
3914	316.100
3994	316.800
7022	316.100
11042	316.500
6286	317.300
150	319.800
3482	319.400
8350	319.500
8578	319.300
9214	319.600
1722	321.000
3634	321.000
5614	320.900
5990	321.000
9710	320.200
1594	321.200
3106	321.600
3354	321.200
6430	321.400
7810	321.100
8910	321.100
10094	322.000
10314	321.700
11190	321.800
12442	326.000
8010	326.900
8482	327.800
8854	327.900
12206	328.300
574	329.700
1046	329.400
3286	329.300
2962	330.400
6322	330.400
6366	330.900
8358	332.800
626	333.400
2578	333.300
8486	333.200
11706	333.700
12182	333.700
8630	334.500
3570	336.600
8190	336.300
12378	337.000
682	337.800
2354	337.100
3898	337.700
7726	337.700
9090	337.400
12334	337.600
1114	338.500
5242	339.800
1726	340.600
2518	340.500
3262	341.700
5070	342.000
5350	341.200
7746	341.400
9342	341.800
9558	341.500
794	342.800
810	342.300
8906	342.500
5362	343.600
3078	345.100
2814	347.100
3446	347.400
9022	347.400
9598	347.800
10410	347.500
9110	348.100
50	350.900
1518	351.000
4618	350.700
7450	350.500
11418	350.500
10486	352.000
12274	352.200
4882	353.600
2046	356.700
1342	357.700
7294	357.100
1574	358.200
1902	359.000
3466	358.900
4622	358.300
6858	358.900
10390	358.800
10526	358.800
6806	360.000
8554	359.700
3142	360.100
11698	362.400
4598	366.000
506	366.400
3674	366.600
4214	366.800
5998	366.900
9650	366.600
1430	367.600
1466	368.000
1758	367.900
2646	367.200
4054	367.700
4322	367.800
5478	367.900
6246	367.800
6898	367.700
7842	367.900
10374	367.100
698	368.800
1138	368.700
2282	368.200
2694	368.700
4074	368.200
4442	368.800
6358	368.800
9190	368.100
3518	370.200
10830	370.500
1018	371.200
3618	372.200
6210	374.000
7422	373.200
11726	373.800
3286	377.000
8714	376.600
11474	376.700
282	377.200
4010	377.100
4086	377.500
9930	377.300
10054	377.200
6530	378.500
1910	380.900
9058	380.600
3834	382.000
5810	381.700
2742	382.900
5002	382.400
6534	382.600
5302	383.400
6010	383.100
10162	383.700
1866	384.500
2558	384.100
2774	385.000
3374	385.000
4158	385.000
4642	384.600
4838	384.500
5402	384.300
5442	385.000
5642	384.800
7354	384.600
7542	384.900
7558	384.300
7982	384.500
8062	384.800
8190	384.900
8254	384.600
9178	384.200
10398	384.900
10554	384.300
11158	384.800
11346	384.200
11854	384.400
12350	384.700
3542	385.100
9806	385.100
10202	385.500
10330	385.100
2002	391.300
9482	393.500
1854	394.500
1190	395.400
2138	396.500
6202	396.400
7098	396.500
526	399.700
9210	399.500
5454	400.500
7878	401.600
8818	401.600
1070	402.700
2530	402.700
7086	402.600
7922	402.800
8250	403.000
10326	402.300
12094	402.700
6718	403.200
4534	404.500
2162	406.200
2110	407.800
9430	407.200
4558	409.000
5646	409.200
5818	409.100
6886	409.600
7054	409.600
7250	409.400
7534	409.500
9246	409.400
12458	409.300
12226	410.200
3726	413.300
6370	414.900
10010	414.600
6018	415.400
10538	415.300
12170	416.100
10638	419.600
5054	421.100
6906	421.400
3326	422.100
10930	422.300
3798	423.900
3870	423.200
1898	424.200
2578	424.200
4870	424.500
7370	424.500
8422	424.300
8882	424.500
11946	424.200
246	427.600
862	427.800
3026	428.500
5102	428.700
10954	428.400
1310	429.400
2662	429.100
3514	429.700
4954	429.700
5846	429.400
438	430.200
1214	430.100
1830	430.700
10294	430.500
12138	430.700
11286	433.800
11530	433.800
7930	434.300
9366	434.100
9578	436.000
2250	440.400
4582	440.900
8510	440.900
7762	441.300
9502	441.700
11070	441.300
5418	443.500
11230	443.600
5022	446.000
8230	445.400
2274	447.800
2742	447.600
8010	447.700
8986	447.700
9230	447.500
2554	448.600
3950	448.600
4006	448.700
5622	448.600
9714	448.100
11366	448.200
10518	449.900
302	450.900
1074	450.500
11686	451.500
366	452.500
4778	452.800
6746	452.200
8574	455.000
11402	459.000
1050	460.200
2802	460.400
7970	460.100
8998	460.300
354	461.300
3562	462.000
4362	461.400
190	462.400
278	462.700
3166	462.700
3810	462.200
8370	462.200
9046	462.200
12334	462.100
8642	464.000
1554	464.300
12102	464.200
394	465.900
2958	466.600
6250	466.300
11026	466.800
2602	467.700
7478	467.400
8030	467.300
754	468.900
3454	468.100
4202	469.000
5826	469.000
6730	472.800
8146	473.400
8962	473.700
10186	473.500
4646	474.500
11582	474.200
11710	474.900
11982	474.300
4046	475.100
12230	475.900
5566	477.500
3262	478.900
3410	478.500
1038	479.200
2394	479.800
3718	479.100
7918	479.900
10902	479.600
11742	479.200
3390	481.700
10862	481.900
12330	482.200
11346	484.000
2454	484.900
6458	484.900
6906	484.800
7258	484.200
1758	485.700
698	486.500
7426	486.400
3458	487.700
3798	487.500
6302	487.700
10746	487.800
2234	491.900
10150	491.800
1410	492.500
4266	493.500
1274	495.000
5474	495.300
6042	496.000
10410	495.700
5546	496.400
10094	496.900
1194	497.700
3478	497.200
4826	497.900
2866	498.200
9726	498.600
4002	499.200
5274	499.800
6110	499.700
6246	499.900
9686	499.900
9918	499.100
1734	500.100
3542	501.000
5502	501.000
6226	500.200
6918	500.600
7934	500.900
8534	500.900
10698	500.100
10914	500.300
1422	501.200
10846	501.600
3454	502.300
11566	502.300
7694	504.800
3926	505.300
6238	505.800
6406	505.700
8506	505.100
9526	505.500
9826	505.300
10070	505.300
9434	506.200
11018	506.200
5110	507.600
5726	507.500
10326	507.400
2718	508.100
6478	508.400
7338	508.200
8446	508.700
4410	509.400
8026	509.200
34	510.900
4170	510.600
4758	510.700
6926	510.900
12474	510.800
10338	511.200
8710	513.800
11266	514.900
4238	515.700
9946	515.400
4442	516.500
8750	516.600
12050	516.400
450	517.600
10958	517.600
5762	518.300
11030	518.600
4994	519.100
10	521.800
10370	522.900
4718	524.400
7146	526.000
9690	526.600
4794	527.900
6670	527.800
7082	527.400
7526	527.100
10166	527.900
11698	527.400
2162	528.100
6426	528.700
9230	528.100
9878	528.200
10038	528.200
10450	528.300
5102	532.300
502	535.200
4778	535.400
12418	535.600
4054	537.800
5038	538.200
11050	538.600
5046	539.500
9558	541.900
9714	542.100
2138	543.200
174	544.800
3386	544.900
5938	545.800
8186	545.200
12326	545.300
11210	546.200
3018	551.000
5142	553.000
2034	553.700
2770	553.200
7398	553.100
4150	554.400
4694	554.400
6462	554.600
10566	554.100
11414	554.700
11858	554.700
9494	557.800
114	559.800
8062	560.300
6986	561.400
4042	563.500
7254	563.100
8746	564.800
11942	564.500
8426	565.100
11890	565.800
10234	566.500
11802	566.700
90	567.600
1550	568.500
6366	569.000
8126	570.300
11134	570.500
7438	572.700
1278	573.500
4354	573.900
4982	574.000
5226	573.200
8086	573.900
10694	573.400
11226	573.300
1990	576.200
4750	577.700
7594	577.300
10006	577.800
7454	578.200
8966	579.000
1814	579.700
202	580.600
2390	581.400
7810	581.600
10670	581.300
7106	582.900
8298	584.300
8598	585.000
5986	585.700
4010	586.300
4482	586.700
2622	588.600
7266	588.600
11898	589.000
2314	589.400
2342	589.100
4738	589.300
4962	589.400
642	590.200
6866	591.600
7210	591.300
2234	592.400
3674	592.800
4898	592.900
7070	592.700
7982	592.700
8638	592.600
9670	592.700
11894	592.200
12090	592.500
1734	594.800
1618	597.400
9646	597.800
1886	600.700
8286	600.700
11598	603.400
2566	604.800
2670	604.700
5534	604.300
1842	605.500
2238	605.600
3318	605.500
6306	605.500
9242	605.800
110	606.300
4498	607.000
5130	606.900
5134	606.600
9258	606.700
2958	607.300
2982	607.200
5782	607.300
9686	608.400
3578	609.100
6086	610.900
11690	614.000
2422	615.000
2538	616.700
4178	617.400
6582	617.500
8978	618.000
10194	617.100
11646	618.600
10038	619.600
4730	620.300
6770	620.700
7562	620.200
526	621.500
3566	621.700
9218	621.500
11430	621.600
1098	622.700
10406	622.900
11298	622.500
12158	622.400
4634	623.300
9790	625.900
4230	626.900
3518	628.000
2682	628.100
9530	628.800
10034	628.800
11090	629.300
7058	634.900
9510	634.600
11878	634.500
12134	635.000
626	635.300
12138	635.600
3002	636.700
1446	637.100
8530	637.400
646	638.600
2818	639.200
4882	639.600
1466	640.500
4810	640.200
4938	640.300
5978	640.400
6478	640.200
482	641.400
770	641.900
1058	641.900
5958	641.700
6310	642.000
8162	641.900
8910	641.900
9202	641.500
9710	641.500
3118	642.200
3798	642.600
5510	642.200
10082	642.400
3658	645.000
1730	647.200
8462	648.600
9854	652.900
2230	653.500
5054	654.700
10414	654.300
9498	655.100
1242	657.600
3418	657.100
11642	657.500
11742	659.000
78	659.300
8498	660.000
8642	659.500
9434	659.900
3070	660.500
12082	661.100
2178	662.900
9714	662.600
11158	662.400
5146	663.200
1494	665.000
8154	665.400
10918	665.800
4926	666.600
8482	666.500
1690	667.500
8702	667.500
742	668.800
11478	670.000
6710	670.500
10002	670.500
1166	673.800
11202	674.000
9946	674.800
10282	674.100
8550	675.700
11222	675.700
566	676.600
1666	676.500
4750	676.800
12230	676.600
9074	677.300
11306	677.200
3998	679.900
5186	680.500
7102	680.900
6790	681.900
12410	681.100
2922	685.000
11702	685.100
7054	687.000
9450	686.300
4770	688.600
5362	688.500
342	690.000
4258	689.100
9846	689.300
11778	689.100
11974	689.700
1802	691.300
9650	692.000
4674	697.000
9330	696.200
11094	696.700
3194	698.100
8162	698.900
8866	698.700
9082	699.000
610	699.700
1070	700.000
3986	699.600
6330	700.000
12306	699.800
18	700.100
1110	700.300
9730	700.700
6270	702.000
7438	701.300
366	704.000
11218	703.300
1046	705.700
1390	706.000
5646	705.400
6622	705.700
11562	705.900
4502	706.300
8862	706.600
11802	706.200
4182	709.800
8642	709.900
11674	711.000
10330	711.300
1554	714.600
790	715.200
9654	716.800
11766	716.300
4782	717.100
4406	719.000
354	720.000
10958	720.900
1794	721.600
4102	721.500
12026	722.600
814	723.700
8830	723.500
11306	723.500
746	724.600
8410	724.300
2582	725.900
2794	725.500
6694	725.900
10962	725.300
9490	726.700
1534	727.900
3106	727.300
4850	727.400
4994	727.600
10310	727.600
966	728.300
1654	728.200
1806	728.600
3570	728.900
5270	729.000
6566	728.400
7834	728.500
8634	728.600
9430	728.500
10326	728.400
11142	728.800
12442	728.900
5474	729.100
6802	729.300
6910	729.300
6982	729.400
9166	729.100
9890	729.100
10146	729.200
10982	729.300
362	732.600
2106	732.300
4886	732.500
5122	732.600
3130	733.200
2486	734.400
142	735.200
7818	735.400
8286	735.700
10270	735.300
3890	736.800
3926	736.900
6018	737.900
6782	738.000
4110	738.900
11206	738.700
9606	740.800
986	745.400
2754	746.600
1454	747.100
2954	747.700
3542	749.000
4114	748.300
9642	748.600
9630	749.300
7234	750.800
10530	750.700
2390	752.100
8134	752.200
10106	752.400
3958	753.300
6250	754.000
9714	753.200
222	755.000
3222	755.000
4394	754.800
6534	754.300
9018	754.400
11678	754.700
11874	754.900
12158	754.200
11330	755.500
9778	757.900
5146	758.800
7986	758.900
12394	758.100
1886	759.900
8110	759.800
2142	760.900
4658	760.900
6806	761.000
7682	760.200
7914	761.000
11366	760.200
4266	761.400
6350	761.200
10862	761.800
2946	762.700
4254	762.100
8986	762.200
12126	762.700
2926	765.000
10638	764.700
3714	768.200
11534	771.400
314	772.900
4946	772.100
5530	774.000
2210	775.000
3690	774.300
4898	774.600
10398	774.900
1806	775.200
4058	775.200
6754	775.700
10858	775.200
11054	776.000
11430	776.000
9934	777.600
2154	779.500
5346	780.700
8226	780.800
3430	784.500
7522	784.100
9662	784.300
6946	785.600
4342	786.200
1162	787.300
9194	788.100
5594	789.300
11118	789.800
12410	789.500
11546	790.300
12374	793.200
3674	794.500
4542	798.400
4682	799.000
1646	800.800
8214	800.900
8514	800.900
11838	800.100
4378	801.200
5714	801.800
9318	802.900
1142	804.500
6702	804.600
7438	804.900
11738	804.300
5526	807.000
1254	807.600
1822	807.500
7226	807.400
8242	807.200
8906	807.900
10702	808.000
442	808.300
7714	808.400
2022	810.700
4338	811.600
1502	812.200
1698	812.700
8046	812.400
1626	813.600
1906	814.000
6818	813.100
9526	813.800
754	814.700
3890	814.900
12494	815.600
6330	817.600
710	819.300
2870	820.000
2358	820.700
2478	820.300
6846	820.300
7814	820.700
10926	821.000
11238	820.800
2262	821.300
3710	822.000
4534	821.300
4990	821.700
6066	821.500
10430	821.400
11358	822.600
2038	823.200
1130	825.300
2730	826.000
5582	826.000
7398	825.600
9766	826.500
1490	827.500
3362	827.700
4970	827.800
5610	827.500
6654	827.600
7602	827.500
7642	827.500
8418	827.300
974	828.500
11586	829.000
1074	829.200
2626	829.200
6166	829.800
6934	829.400
590	830.700
1302	830.800
7742	830.500
2834	831.900
5418	832.000
5482	831.100
7002	831.900
3098	833.000
4370	832.700
9630	832.200
10426	832.100
666	833.200
9382	833.300
1330	835.300
4646	835.400
1682	836.900
8058	837.700
8650	837.400
5254	838.100
8602	838.500
9138	838.700
12282	838.500
1902	844.800
4706	844.700
6730	844.100
11194	845.000
3114	845.800
4794	845.700
6290	845.100
9902	846.800
370	847.800
466	847.400
898	847.300
4230	847.200
4394	847.600
1674	848.800
2706	848.900
7694	848.400
8842	848.700
9350	848.400
12146	848.400
714	849.200
814	849.200
1102	849.300
2286	849.900
3142	849.500
4698	849.200
5114	849.200
8662	849.500
9558	849.400
10026	849.100
11154	849.400
12026	849.100
12470	849.900
6518	852.500
12494	854.000
7358	855.100
11258	856.000
12398	857.300
10202	859.600
3650	860.200
934	862.200
2994	862.100
10286	862.600
11446	862.400
7110	863.700
6066	867.600
958	868.800
6046	868.800
11650	868.300
3178	869.600
7262	869.200
4178	870.100
10530	870.500
11826	870.700
1254	872.100
2674	872.900
4518	872.900
9422	872.600
1870	873.400
5702	873.700
7870	873.900
4754	874.200
10506	874.400
11574	874.700
118	875.700
3654	875.600
4322	875.800
5734	875.100
5946	875.300
9598	875.300
10690	875.900
1278	877.000
2178	879.000
710	880.000
2942	879.400
10806	879.100
4274	880.400
5886	880.900
6078	880.900
8542	880.700
4254	881.700
6342	881.300
6922	881.900
9290	881.900
9390	881.800
2058	882.500
2850	883.400
3106	883.100
3726	883.400
4602	883.700
5182	883.900
8226	883.500
12014	883.700
402	884.800
2914	884.500
5066	885.700
1050	886.200
4962	887.400
2998	888.100
6382	889.000
6698	888.800
11886	888.200
8162	889.200
11350	889.500
198	890.400
318	890.100
8574	890.100
8890	890.200
12426	890.200
278	891.300
1782	891.300
4426	891.300
11234	891.400
3594	892.900
12174	892.100
6842	893.600
7198	893.300
134	898.300
4074	898.300
5374	898.100
1450	899.100
2298	899.200
7466	900.000
9038	899.700
11310	899.400
2390	900.700
2538	900.500
4010	900.100
4402	900.200
4662	900.400
6318	900.500
6534	900.300
10114	900.700
11022	900.400
4270	901.300
5986	901.100
12314	901.900
9994	902.700
6962	904.000
350	905.400
434	906.500
1570	906.400
1866	906.800
3086	907.000
11950	906.700
12338	907.000
7846	907.200
8306	907.500
11562	907.200
11666	907.300
230	909.400
586	910.400
922	911.500
3194	911.800
6858	912.400
2642	913.900
10614	913.300
5050	914.800
5914	915.500
6466	915.800
11918	915.400
1714	916.200
11762	916.300
214	918.000
10222	917.600
4878	918.800
8702	918.400
302	919.600
8502	919.300
4778	920.700
8266	920.900
5282	921.400
6790	921.500
7346	924.700
9670	924.200
11858	924.300
8242	925.200
9782	925.700
6502	927.000
11174	926.800
11946	926.900
7430	927.100
5926	928.500
12498	930.400
2102	932.000
11846	931.800
10538	932.700
12086	932.600
11738	934.600
5018	935.400
6362	940.100
9086	941.900
1666	942.600
6750	942.400
11030	942.100
2238	945.900
8090	945.800
9898	945.600
778	946.700
2338	946.700
9194	946.900
858	947.400
954	947.300
2046	947.600
3306	947.900
4830	947.600
7586	947.900
9326	947.400
10818	947.700
12130	948.000
12390	947.800
3274	948.400
4282	948.300
5194	948.300
2226	950.600
7994	952.700
742	953.900
5286	953.400
5518	954.000
1898	954.600
2618	954.700
3382	954.700
3822	954.800
7782	955.600
1514	956.300
3286	956.700
8050	956.900
11674	956.700
7510	957.100
10038	957.600
11046	957.400
11726	957.700
818	960.900
8038	961.600
1558	963.000
3458	963.000
382	963.900
5662	963.800
7190	963.100
9970	963.700
2722	964.900
7018	964.200
8846	964.900
1890	965.200
2926	965.100
7674	965.600
2970	967.000
5478	966.300
9422	966.500
11458	967.000
4258	971.600
9038	971.900
9774	971.900
9802	971.200
2582	973.000
4286	972.700
6398	972.400
10554	972.900
11646	972.400
11950	972.800
3194	978.000
4294	977.500
4654	977.700
6862	979.000
8314	978.900
3850	979.100
3902	979.500
4342	979.900
6866	979.200
9962	979.800
1630	980.500
3522	980.700
3674	980.600
6818	980.500
8234	980.500
11698	980.700
662	981.400
3242	981.300
12210	981.500
1722	982.300
7082	983.700
8410	984.800
8586	984.700
12146	984.800
906	985.700
7906	985.700
266	986.600
782	986.400
1422	986.700
3870	986.300
7090	986.500
7882	987.000
9574	986.500
11466	986.400
190	987.900
1590	987.700
1850	987.100
2178	987.600
3082	987.100
4306	988.000
6334	987.400
6530	987.400
7182	987.700
7194	987.700
9282	987.100
9430	987.200
9486	987.700
9930	987.600
10022	988.000
10478	987.500
11246	987.700
11582	987.400
12290	987.300
1670	988.300
9146	988.100
9870	988.100
7002	992.300
1126	994.500
10130	994.600
174	995.300
5210	995.500
8174	995.800
10206	996.500
126	997.800
990	998.000
5022	997.800
