# NEST version: 3.6.0
# RecordingBackendASCII version: 2
sender	time_ms
11268	157.400
4380	158.300
7412	160.200
10724	160.900
248	161.500
1276	161.600
1764	161.700
2716	161.900
2780	161.100
3532	161.800
4732	161.700
7044	162.000
10636	161.500
11164	161.600
11884	161.200
11968	162.000
5908	162.100
12372	162.100
8608	164.600
9024	164.600
9636	164.400
564	165.200
3060	166.000
3940	165.500
2260	166.600
3308	166.100
4804	166.900
9352	166.600
10132	166.800
10596	166.400
6444	167.100
8612	167.900
9204	167.300
9800	167.600
10908	167.100
3808	168.500
6404	169.500
6436	171.700
5184	172.200
8992	172.600
5748	173.100
6456	173.500
7544	174.600
11616	176.800
3256	177.100
4384	177.700
9764	178.000
10380	177.500
4176	178.200
4952	179.600
2728	180.300
3684	180.100
5652	180.300
10308	180.800
11600	180.100
2824	181.300
4276	184.900
12404	184.200
6480	185.100
1552	186.700
1736	186.200
1844	186.900
2688	186.200
4120	186.200
6420	186.400
10896	186.700
4624	187.200
6560	187.100
7376	187.700
572	188.800
1136	188.400
8768	189.400
9640	190.800
1084	191.400
3548	191.200
5136	191.500
3052	193.000
7532	193.000
652	193.600
920	193.600
2088	193.100
2988	193.200
5952	193.700
8784	193.800
8960	193.500
2204	194.300
3792	194.400
4444	194.900
6308	195.000
6816	194.800
7844	194.500
96	195.900
2512	195.100
11364	195.700
9184	196.600
11316	197.000
4544	197.500
4580	197.900
8512	197.400
11860	197.600
4728	199.000
9304	198.900
9820	198.800
9824	198.300
2588	200.000
3452	199.600
9800	199.600
10348	199.200
2104	200.300
7564	201.000
8812	200.700
248	201.600
1160	201.300
5192	201.500
7948	202.000
9056	201.900
1960	204.900
1996	206.500
2716	206.500
11100	206.300
11308	206.200
6292	207.100
520	211.300
772	211.300
2004	211.700
7168	211.900
8776	211.400
604	212.200
1196	212.700
2800	213.500
4060	213.200
9984	213.500
2636	215.000
6496	214.300
7804	214.200
8404	214.500
1540	215.900
3068	215.500
5780	215.300
6036	215.100
6212	215.900
6348	215.800
1636	216.100
3800	216.600
7076	216.300
8284	216.200
12384	216.400
656	217.100
10172	217.300
10644	217.200
10752	217.100
10824	217.300
10916	217.200
3384	222.900
4160	223.200
6820	224.000
10148	223.900
6000	224.800
8896	224.800
7116	227.700
8200	227.600
9936	227.100
3224	228.700
4964	228.300
1028	229.700
5280	229.600
392	230.600
6064	230.800
7056	230.700
8164	231.000
10280	230.700
10636	230.200
10772	230.900
9928	231.200
3144	233.000
4940	234.000
1608	234.700
3804	234.300
4428	235.000
7784	234.400
11544	234.500
8404	235.900
5316	236.200
10432	236.300
4624	238.400
2784	239.500
4448	239.600
4840	239.100
1544	240.800
3596	240.900
7196	240.800
9668	240.300
4064	241.800
9240	241.800
10408	241.100
3624	242.600
12060	243.600
4108	246.400
6972	246.800
7908	246.200
9840	246.100
1860	247.300
2892	247.800
7656	247.200
11424	247.100
3376	249.700
360	250.800
9768	250.700
11172	251.000
3924	251.700
5908	251.300
1444	252.900
9348	252.400
2600	253.500
11204	253.900
6172	254.700
8788	254.200
576	255.200
3044	255.100
6532	257.000
7976	256.700
10332	256.500
10340	256.400
11536	256.300
12452	257.200
580	259.800
1596	259.800
2368	259.600
3656	259.700
8852	259.500
2648	260.600
7544	260.700
8616	260.700
8632	260.600
11468	260.900
12244	260.100
9424	261.500
11772	262.800
5828	263.200
7836	263.100
11776	264.500
5188	268.000
308	268.400
7760	268.700
1260	269.700
3280	270.000
1292	270.900
2592	270.100
7280	270.800
684	271.400
4264	271.900
516	272.900
1788	273.000
12160	272.100
1344	273.400
9856	273.800
10532	274.000
956	274.900
1384	274.900
1932	275.000
2636	274.200
5856	275.000
6332	274.700
7492	274.600
304	276.000
1568	275.600
3204	276.000
6704	276.000
8508	275.900
8740	276.000
11756	275.800
1284	276.100
1744	276.900
9980	276.600
10156	276.300
10976	276.600
8904	279.500
9784	279.500
3568	280.200
4356	280.100
8084	280.900
9528	280.500
10220	281.000
10872	280.400
12224	280.500
208	281.200
1676	281.400
4772	281.100
8248	281.400
1244	282.300
4428	282.300
10972	282.600
11796	282.200
900	283.300
7576	283.600
9252	283.200
4868	284.700
6104	284.200
11436	285.000
4732	289.900
1100	291.000
9084	290.400
9652	291.000
9900	290.300
2068	291.400
2988	292.000
3684	292.000
4104	291.300
9708	291.700
368	292.200
4604	292.100
5244	292.200
5780	292.100
2644	293.300
2080	294.800
3104	294.400
4380	294.400
10012	294.900
3116	295.500
9344	295.800
10048	295.100
11292	295.300
11924	297.900
264	300.600
12436	301.400
772	303.000
2692	302.700
6348	302.200
6904	302.700
7728	302.200
9552	302.900
2172	303.500
7928	303.700
7952	306.500
9596	309.900
524	310.700
3428	310.700
10640	310.100
11776	310.300
6064	311.500
7080	311.700
6248	313.100
7780	313.600
8588	313.100
9296	313.200
2132	314.900
3780	314.700
3880	314.500
108	315.300
1604	315.100
6628	315.200
9744	315.400
3488	316.300
10488	316.600
6556	321.000
9008	320.800
10024	320.600
2204	321.200
10732	322.000
9300	322.800
2976	325.300
7632	325.600
352	326.600
424	326.300
8632	326.900
9004	326.800
1444	327.100
4332	327.100
7696	327.400
9312	327.500
9628	327.200
9756	327.500
12300	327.200
10612	329.700
1012	331.600
10184	332.200
2480	337.000
8908	336.900
4840	338.200
5172	339.600
12204	339.200
1636	341.000
4484	340.800
5208	342.900
2944	344.900
3896	344.600
4380	344.600
204	345.800
1748	345.100
4536	345.800
5092	345.300
8752	345.100
10380	345.600
2204	346.800
6760	346.300
6844	346.200
11548	346.200
3400	347.400
6084	348.500
7900	348.400
5320	349.400
7620	349.800
8248	349.700
6468	351.000
9824	350.700
1424	351.100
3716	351.600
5104	352.000
11880	351.300
12412	351.100
7244	352.300
2224	354.200
9388	354.600
10576	354.300
4480	355.300
7920	355.600
11172	355.900
1192	356.300
1392	360.300
4408	360.400
6048	360.300
7552	360.700
7740	360.200
11024	360.200
9980	361.100
2336	363.900
4468	364.800
372	366.500
2592	366.500
10648	366.800
1196	367.700
2748	367.100
4844	367.100
6388	367.100
6972	367.700
10964	368.900
628	370.000
2356	369.100
188	371.000
7536	370.600
5784	371.300
3640	373.400
3716	373.800
4128	373.400
11568	375.900
8672	377.000
5796	378.200
9172	378.600
10860	378.700
1500	379.200
8372	379.400
4888	381.500
4512	382.500
5000	384.000
1948	384.200
6536	384.600
7792	384.800
1344	385.700
6816	385.700
2472	386.600
4484	386.500
9080	386.600
10632	386.100
8556	387.100
10388	388.000
12044	388.000
12056	387.900
5272	388.100
380	390.400
2260	390.800
8420	390.400
5132	392.700
5760	392.700
9480	392.200
9016	393.600
28	394.800
1120	394.400
5696	395.000
728	396.000
7312	395.300
9156	395.600
3132	396.100
5016	396.800
7724	396.900
2012	397.500
6328	398.200
7096	398.500
9976	398.200
4952	399.900
4976	399.700
5936	400.000
1308	400.100
2868	400.800
3940	401.900
4992	401.500
360	402.800
460	402.600
2484	403.000
8440	403.000
1448	403.400
3764	403.200
3812	403.100
9064	405.900
4120	407.000
2204	408.000
6872	407.500
9872	407.500
10780	407.500
32	408.700
2836	409.000
5508	409.000
9212	409.100
1932	410.100
7604	410.200
10036	410.100
5052	411.700
11336	411.800
9604	412.400
12392	413.000
5784	413.100
6420	413.400
7996	413.200
8696	413.400
8844	413.800
364	414.700
1184	414.800
7148	414.400
332	415.700
6996	415.600
7408	415.500
9852	415.100
840	416.400
1712	416.500
5680	418.700
1516	419.600
2892	420.100
3040	420.100
9176	420.600
9736	420.100
3988	421.800
9068	421.700
2100	422.200
4196	422.300
4260	422.400
12216	422.600
8012	427.200
10948	428.300
1744	430.800
12204	431.100
10000	432.600
6732	434.900
3424	436.900
4248	436.500
7364	436.500
9388	436.700
88	438.000
1472	437.500
4600	437.700
8212	437.500
9444	437.600
2024	438.100
3492	438.400
4844	438.800
1980	440.000
8712	439.300
9400	439.200
152	440.500
1028	440.800
5604	441.100
6788	441.600
4988	444.000
5916	443.600
9640	444.200
6288	445.300
6680	445.700
7472	445.300
4304	446.800
6140	446.600
6704	446.400
10492	446.500
4700	447.400
9360	447.400
10144	447.600
2612	451.800
3044	451.300
9528	452.000
10824	451.500
12492	451.800
10132	452.100
8000	453.800
736	454.600
3916	454.500
7440	454.800
11716	454.700
10124	457.600
10760	457.900
10496	459.800
5340	463.900
9264	463.300
1044	464.900
9628	465.000
4928	465.900
5856	465.400
1196	466.400
5368	466.700
6268	466.300
6776	467.000
7064	466.300
9080	466.900
10980	466.300
2660	467.700
6624	468.700
1636	469.800
12436	469.300
2608	471.100
7980	471.100
6812	472.500
3064	475.200
7788	475.300
7976	476.200
5212	477.500
768	479.000
6916	478.500
9924	478.900
4260	479.100
8148	479.100
6616	483.200
3408	484.300
5780	484.200
10856	484.200
216	485.600
9416	485.700
12456	488.900
11604	489.900
7116	490.100
11792	490.700
9460	491.300
10468	491.200
1296	492.400
2704	493.900
4796	493.400
4896	494.700
5604	494.400
6872	494.800
10952	494.600
11788	494.700
12288	495.000
5996	496.000
5420	497.700
7020	497.900
7660	497.300
11820	497.700
2980	498.200
8952	499.700
3404	501.000
3632	501.000
12400	501.000
4464	501.800
2632	503.900
6424	503.400
4848	505.900
3564	507.000
7560	506.700
448	507.900
8736	507.200
12476	507.500
3568	508.200
9908	510.600
7832	512.600
1924	513.300
4000	513.800
576	514.800
2956	514.700
3912	514.700
8272	514.500
12360	514.300
3428	515.300
11436	516.900
12416	516.900
9776	517.200
11316	517.800
8060	518.600
5072	519.600
7100	519.600
4036	521.400
4724	522.500
5964	522.600
3772	523.300
6256	523.300
7532	523.300
9712	523.400
3932	525.000
4468	525.000
11776	524.900
1088	525.400
5304	525.700
5392	525.200
10260	525.400
676	526.300
1116	526.200
3360	526.900
7280	526.600
8964	526.200
852	527.500
2024	527.200
2260	528.000
2784	527.700
3680	528.000
6348	527.300
7704	527.800
7820	527.100
9152	527.900
9528	527.600
11252	528.000
196	528.200
7712	528.500
12408	531.500
2172	533.000
7520	532.700
4084	533.900
812	534.200
8180	534.800
8232	534.800
10088	534.800
10268	535.000
788	535.700
1264	535.400
6064	535.500
6832	535.900
7628	535.100
8276	535.400
8484	535.500
10980	536.200
10724	537.600
3180	540.000
8056	540.600
6868	541.900
10012	541.800
1424	542.600
2004	543.000
3656	542.400
3812	542.800
11264	542.400
7172	543.600
8544	543.100
8788	543.700
3400	544.400
4256	544.200
6456	545.000
9660	544.800
2836	545.200
10508	546.500
1364	547.800
9416	547.600
5196	548.800
8784	548.300
8080	550.700
112	551.700
228	552.000
1780	551.100
3448	551.100
4844	551.800
7572	551.500
8332	552.000
10524	551.900
664	552.100
1120	552.600
4788	555.000
9452	554.300
11980	554.500
6540	560.000
7896	559.600
8264	559.400
10360	560.000
4040	560.200
10992	562.500
12132	562.900
11964	566.700
1184	568.400
6632	569.900
6144	570.600
9564	570.500
4772	572.000
4924	571.800
12268	571.100
1176	572.300
2560	572.300
12500	573.800
304	575.800
12328	575.900
6872	576.100
12456	579.000
1680	580.700
11216	580.400
6628	581.800
36	584.900
904	584.500
4120	584.600
6668	584.900
1636	585.500
2940	585.900
3804	585.800
5480	585.700
6760	585.500
6904	585.200
7752	585.900
8428	586.000
11912	585.500
1132	586.700
2296	586.600
3800	586.200
4816	586.100
5876	586.500
6256	586.500
7072	586.400
7456	586.100
8064	586.500
8788	587.000
9188	587.000
9220	586.400
9284	586.300
11676	587.000
11732	586.500
2104	587.100
4956	587.200
8360	587.100
9500	587.500
9696	587.300
10908	587.300
12320	587.200
312	592.800
380	593.900
3792	593.600
4436	593.600
5056	593.600
5892	593.500
10376	593.100
460	594.600
2084	595.000
4488	594.300
9140	595.100
2904	596.900
2700	598.000
3504	597.300
11384	599.100
820	600.100
12128	600.800
6168	601.300
2092	603.200
7036	603.300
7032	605.100
10964	605.800
12424	605.600
176	606.600
6084	607.800
2588	608.500
9108	608.600
8060	609.300
8108	610.400
8696	610.200
8712	610.600
3856	611.900
9964	611.300
1864	612.200
8708	612.200
8752	612.800
8960	612.400
5668	613.200
5764	613.100
10332	613.500
11040	613.100
9168	614.100
9324	615.300
2656	616.400
6700	617.200
10092	617.300
116	618.800
1120	618.100
5304	618.500
4380	619.400
7564	619.500
7664	619.600
8504	619.400
9508	620.900
10424	623.500
6328	625.800
10980	626.300
488	629.700
2024	629.900
4448	630.000
6024	630.000
7892	629.400
11784	629.900
2752	630.400
4160	632.000
9788	631.900
9468	632.800
680	634.000
1004	633.800
2560	634.000
9112	633.100
11480	633.100
9736	634.400
1640	635.200
2080	635.700
6732	635.600
11564	635.600
11920	635.400
1564	636.800
880	640.500
3572	640.400
4352	640.900
1260	641.500
3892	641.800
4768	641.800
5916	641.800
8308	641.100
972	642.900
8684	642.800
7968	643.800
6360	644.800
8540	644.500
10280	644.500
12484	644.800
4588	645.700
8108	647.200
8224	649.300
9668	649.400
6972	650.300
4124	652.000
10000	652.000
10884	651.400
3164	654.800
9644	655.300
12344	655.400
6968	656.200
9928	657.300
10908	659.000
4324	659.400
5368	659.300
10436	660.300
1568	662.100
3812	662.700
7640	662.400
2512	663.300
6872	664.200
3784	666.800
4540	666.600
5968	666.300
8012	666.400
9800	666.600
5468	667.600
1660	668.900
2392	668.100
2672	668.700
3832	670.900
6616	671.000
8548	671.100
10632	671.600
5048	673.800
6652	676.000
172	676.700
7564	676.900
11908	676.600
10684	677.700
2880	678.300
6836	678.600
5632	681.100
512	682.600
716	683.000
10960	682.700
4796	683.200
11644	684.900
9196	686.400
116	688.800
520	688.600
2812	688.500
6576	689.900
11716	689.700
12452	689.400
640	693.400
3284	694.600
9628	695.000
2368	695.900
4128	695.700
5080	695.500
7836	695.500
10192	696.000
1832	696.400
3424	696.600
5284	696.300
5856	696.600
7360	696.500
7892	696.600
8504	696.100
12284	696.100
5244	698.000
9160	699.000
7128	699.200
8608	700.000
3228	701.000
3688	700.300
4864	701.000
6912	700.400
8556	700.900
9476	700.100
9988	700.600
8032	703.800
8400	703.500
9440	704.100
12116	705.000
2088	708.600
6412	709.200
6768	709.800
2644	710.200
5972	710.700
5688	711.900
11664	711.300
240	712.800
2292	712.400
4428	712.700
6348	712.300
9480	712.200
316	716.000
1600	719.000
2096	719.000
10244	718.700
3792	719.100
5836	719.600
9204	719.500
376	720.400
8824	720.100
11932	720.100
5864	723.500
2664	724.900
3704	724.600
6820	724.100
9744	724.400
5596	725.500
6432	727.000
196	727.600
708	727.400
3256	727.100
8484	727.300
11100	727.100
3544	728.900
4268	728.200
11112	728.500
12308	728.900
4848	729.100
10576	729.200
4192	732.000
6308	732.500
11668	732.300
11740	732.100
9628	735.000
1652	735.900
6556	736.100
9804	737.000
36	737.400
1148	737.200
5276	737.300
6840	737.100
11524	737.800
11980	738.000
5752	738.100
7920	738.400
8672	738.600
10656	738.600
11408	738.500
1924	743.100
4272	744.300
6316	744.100
10072	744.300
11444	744.700
1628	745.100
4868	745.600
220	746.700
1316	747.000
788	750.000
7832	749.200
3668	750.600
8148	750.800
9424	750.700
2840	751.200
5168	751.900
5888	751.800
2120	752.500
2384	752.700
5844	752.100
8412	753.000
12476	752.700
932	753.100
1956	753.400
7020	753.400
8312	753.200
9976	754.800
11440	754.900
4744	755.400
4788	755.500
12068	755.600
1508	757.000
1796	756.400
4212	756.200
10668	756.100
11100	757.000
8776	757.300
484	759.600
2704	759.900
6236	759.900
8740	760.000
9320	760.100
5104	761.200
6124	761.600
6916	761.500
300	762.900
2836	762.100
5196	762.500
9420	762.200
11136	762.500
2000	763.100
2220	763.700
2352	763.400
7040	765.000
9492	765.300
2336	767.500
8180	768.700
12088	768.500
4492	769.300
6224	769.100
12292	769.800
2092	770.700
5224	770.200
8204	770.800
11112	770.700
5820	772.000
8080	772.000
8680	771.600
9312	771.900
12148	771.400
1532	772.500
9480	773.000
464	773.100
3772	773.900
8404	774.500
3148	775.800
4448	775.500
9108	776.000
176	776.900
10408	776.800
12336	776.300
2644	777.600
4468	778.000
9284	777.100
9348	777.900
7340	779.000
7924	778.500
8036	778.300
10460	778.500
10544	778.800
11584	778.600
12412	778.800
496	779.600
8936	779.200
11668	779.200
5508	780.900
6696	782.900
832	783.900
2692	784.000
9708	783.600
3432	784.400
5980	784.600
11188	784.600
6328	785.500
584	786.800
10188	786.700
932	787.200
7240	788.000
8716	787.200
2872	788.100
9940	788.100
1924	790.600
2052	790.600
2276	790.200
3408	790.900
11896	790.800
4804	792.500
10524	793.300
12344	793.200
8812	796.700
452	797.700
3072	797.400
10580	797.800
11932	797.600
492	798.600
2700	798.600
5588	798.400
11516	798.700
12104	798.700
576	799.300
6648	799.200
5296	800.900
7684	800.500
11484	800.800
7524	801.700
8084	801.100
9140	801.300
9220	801.200
9700	801.300
796	803.500
9208	803.400
11172	804.000
1948	804.900
2708	804.700
8100	804.900
8536	804.600
10940	804.500
11232	804.500
3492	807.500
4424	808.000
5768	807.200
6976	808.400
7268	808.100
9088	808.300
9580	808.400
9736	809.000
928	809.800
5556	809.500
2636	810.300
404	811.200
548	811.300
4248	812.500
6348	812.500
7516	814.900
8436	815.000
8764	814.700
12060	814.600
3272	815.500
3956	815.300
6324	815.800
6700	815.700
10684	815.600
1748	816.400
1796	817.000
6948	816.400
1964	817.700
5016	817.300
12376	820.700
4136	821.900
10092	821.800
2840	826.400
9988	826.800
11760	826.400
11832	828.900
12172	828.400
12452	828.200
1008	829.200
5348	831.200
7252	831.400
3764	833.900
7232	833.300
9116	834.400
1616	835.900
864	836.600
10316	837.000
1544	838.000
2444	838.000
7520	837.700
8416	837.300
9424	837.800
2084	838.500
2612	838.900
3480	838.900
4800	838.700
5416	838.800
7832	838.700
9008	838.100
9896	838.500
9916	838.100
10020	838.800
208	839.200
368	839.700
1376	839.200
1380	840.000
1440	839.900
1992	839.500
4628	839.900
6780	839.900
6824	839.600
9860	839.600
10512	839.100
11016	839.200
11804	839.300
11976	839.800
12032	839.900
12484	839.500
6296	840.100
12164	840.100
9128	846.100
4292	847.600
8276	847.700
8	848.800
2484	849.400
3916	850.700
7332	850.100
9064	850.300
10252	850.100
8364	851.700
3068	852.300
3968	853.000
10548	852.500
464	853.600
2636	853.200
2660	855.700
7340	855.900
8292	855.900
8740	855.200
5972	856.500
1476	857.600
2824	858.800
6948	859.000
116	859.100
2544	859.700
9552	859.100
11652	859.600
6264	860.700
4420	861.200
7448	861.800
8436	861.200
12364	861.900
16	862.600
3664	862.400
5092	862.400
12108	862.300
4484	863.800
11776	863.100
1436	864.900
1244	865.300
1116	866.700
868	868.300
5776	868.800
6428	868.300
7536	868.200
3404	869.400
11940	869.200
4928	871.800
9820	871.700
960	873.200
8028	873.800
8100	873.800
9832	873.700
3540	875.400
9836	876.000
20	877.100
2784	877.400
3220	877.800
12152	878.000
9928	878.300
11660	878.900
1264	881.300
4376	881.300
5908	881.400
9328	881.500
12452	881.900
4256	883.000
9636	883.600
128	884.100
2576	884.200
4144	884.600
6064	884.400
11052	885.500
11736	886.900
11772	887.100
11892	892.700
1864	894.900
2112	895.000
4196	895.100
8556	895.500
10232	895.400
10344	895.800
12164	896.000
2544	896.400
8652	896.500
12124	896.200
1456	898.800
10464	899.000
11712	898.400
4444	899.100
8032	900.900
9124	900.400
7688	902.000
9736	901.600
10164	902.700
8332	904.100
1120	905.100
11464	905.700
1916	906.900
10424	906.600
2260	908.000
3980	907.200
9280	908.300
5652	910.900
10596	911.000
10088	911.400
2272	912.300
12076	912.900
8492	916.900
8584	916.500
1604	917.500
4624	917.500
5244	917.700
9176	917.900
12240	917.300
3604	920.800
8740	920.200
396	922.100
7896	922.300
2552	923.400
11084	923.200
11816	923.100
2360	926.000
7784	925.600
12236	925.800
1936	926.500
2444	926.700
9000	926.100
164	928.800
3924	928.900
6052	931.000
116	931.300
4772	931.800
96	932.500
5704	933.700
5840	933.900
9852	933.100
11952	934.000
3636	934.800
9672	934.900
7492	936.500
9164	937.000
10332	937.000
10304	937.300
1940	938.800
2940	938.500
5876	939.200
10048	939.500
11224	939.600
11980	939.900
2808	940.400
3624	940.300
10380	940.300
10772	940.500
8640	941.200
6532	943.100
10000	943.600
3484	947.000
5060	946.400
3040	948.100
9296	948.600
10972	948.600
8604	953.200
364	954.100
5052	955.400
5400	957.600
1388	958.200
1916	959.000
4860	959.500
7400	960.000
10200	959.200
11524	959.200
12028	960.000
2400	960.300
6704	960.100
8760	960.600
11484	960.400
5320	962.300
2276	963.300
11304	963.900
1652	964.400
8480	965.400
8016	966.200
8276	967.100
9488	967.300
2132	968.300
4220	968.100
4572	968.500
5416	968.900
5556	968.100
7280	968.600
8304	968.300
9352	968.700
11516	968.800
1528	969.500
1568	969.100
3288	969.300
5252	969.600
7092	969.600
7664	969.300
7768	969.400
8072	969.100
9204	969.400
10484	969.600
10924	969.300
6620	974.600
2476	975.800
11240	975.900
11448	977.900
10056	978.300
1476	982.100
4196	982.100
5716	983.000
8200	982.700
9624	982.800
16	984.000
4160	983.700
6536	983.600
8028	983.900
9848	983.800
11452	984.000
11456	984.000
1724	984.600
2876	984.600
7216	984.100
7392	984.400
8576	984.300
9272	984.400
9888	984.500
11272	984.500
12444	984.300
316	986.400
972	986.500
11880	986.600
10676	990.900
2620	993.600
3052	993.200
5220	995.300
6308	995.800
7712	995.800
11772	995.900
368	996.800
3764	996.800
11868	996.800
1596	999.400
