# NEST version: 3.6.0
# RecordingBackendASCII version: 2
sender	time_ms
8609	156.300
5377	157.500
3121	158.900
12193	158.900
3001	159.300
4433	159.700
2369	160.700
13	162.200
965	162.900
4729	163.400
9717	164.000
2721	167.700
6937	167.200
7777	168.000
149	168.300
1481	168.700
8569	169.000
8689	169.000
6057	170.000
10565	170.000
11821	169.700
2621	170.600
5413	170.600
7605	170.900
9329	170.900
7905	171.600
1929	173.400
2665	173.500
10557	173.500
12001	173.900
537	174.200
6061	174.400
7053	176.400
3389	177.400
5777	178.000
6993	178.100
8605	178.100
9185	178.200
9641	180.900
4065	181.700
9145	181.200
229	182.900
5245	182.600
7241	182.500
8057	182.600
9837	182.600
9217	184.900
1161	186.000
1797	185.800
6417	185.600
7341	185.300
7745	186.000
2185	186.100
5201	187.800
11597	188.000
3213	188.800
4109	189.100
6757	190.400
3553	191.400
4369	191.200
8173	191.200
9525	191.800
1021	192.500
4449	192.700
10837	192.500
4717	193.400
4677	194.600
9565	195.700
181	196.900
2897	196.700
2957	196.600
5593	196.500
10717	196.900
10781	196.100
1061	197.500
8121	198.400
4293	199.600
5189	200.100
6613	200.800
3333	201.600
3781	201.300
3889	201.300
10217	201.600
10229	201.400
7573	202.400
6713	204.000
7181	203.400
4301	204.800
5273	204.500
6981	205.100
7189	205.100
7817	205.400
11969	205.800
3837	206.500
4537	206.700
5357	206.400
6925	206.100
3209	208.000
12345	207.700
1825	208.200
5889	208.300
2401	209.300
9065	209.600
10657	210.000
11853	209.100
2141	211.000
7385	210.200
8293	210.400
4313	213.000
10569	213.000
4325	213.200
6561	213.700
7809	213.300
7653	214.900
6593	215.300
6909	215.100
1341	217.000
4589	217.000
8053	216.100
1241	217.500
2397	218.000
7045	218.000
7577	217.500
9381	217.500
10741	217.500
173	218.100
1485	218.500
4453	218.400
9325	218.100
2969	219.900
7265	219.100
293	220.400
1657	220.100
5305	220.600
5397	220.100
5805	220.800
6289	220.900
7521	220.100
7937	220.600
9281	220.100
10785	220.900
4017	221.300
5169	221.200
5241	221.300
6053	221.400
7349	221.200
7789	221.800
8165	223.700
8797	224.100
929	225.900
6817	225.500
2177	226.700
3469	226.900
3485	226.800
6861	226.900
10329	226.600
12269	226.600
357	227.500
1057	227.400
2213	227.200
3401	227.100
4425	227.800
5345	227.700
6581	228.000
10109	227.400
10445	227.300
1421	231.600
9945	234.000
2217	234.800
2665	234.600
4205	234.900
10989	234.700
3793	235.300
7305	235.200
10765	235.100
9877	237.600
6549	238.400
8221	239.400
1733	240.300
6733	241.900
7217	241.500
11033	241.600
11721	241.900
3081	245.900
9233	245.500
10065	245.800
4757	247.500
45	248.800
3345	248.300
6501	248.500
10173	248.700
10405	248.800
11249	248.300
12353	248.800
3189	249.600
9045	251.800
3225	253.700
3965	253.700
10273	254.000
2409	254.700
4013	254.300
5537	254.600
8185	254.700
9817	254.700
10401	254.200
5013	257.900
6625	258.300
11369	258.700
11001	259.600
657	263.000
2057	262.500
4125	262.700
5365	262.600
2205	263.600
2781	263.800
3485	263.900
8073	264.300
8349	264.300
11977	264.300
1189	265.800
3377	265.500
11221	265.400
1041	266.300
10581	266.500
10833	266.300
11797	267.100
7193	270.000
12045	269.200
11777	271.900
4673	275.000
3297	275.400
11769	275.300
6041	276.800
11997	277.900
1133	278.200
2157	278.400
1065	280.500
585	282.000
2301	284.300
8001	284.800
9865	284.500
701	285.400
2969	285.900
7613	285.100
10529	285.600
1445	286.100
4941	286.100
10725	287.000
1997	287.900
2329	287.800
5273	287.200
5821	287.200
6397	287.500
6961	287.300
8725	288.000
11917	287.200
12269	288.000
1165	288.200
9217	288.800
8297	289.400
9517	289.200
11629	289.900
6993	290.500
7957	290.300
10769	290.700
6373	291.100
2085	294.500
3181	296.000
8549	295.800
11189	295.200
7677	297.000
11205	296.800
5953	297.600
8293	298.300
10741	299.000
221	299.600
1733	299.200
10637	299.100
5897	301.500
9657	301.100
601	302.500
3717	302.300
10157	302.100
10633	302.500
1921	305.700
1301	306.600
2637	306.200
8921	308.100
2313	310.800
6845	311.700
9613	311.300
12349	311.100
1669	312.600
3893	312.400
8481	312.400
11681	312.500
11929	312.700
6385	313.600
3477	316.200
2545	317.800
10013	317.600
10281	317.400
11057	317.500
993	321.400
637	322.600
3293	323.000
4449	322.700
1393	323.300
4017	323.800
7309	323.800
11785	323.100
3933	324.200
5685	324.900
9541	324.800
1245	325.300
10465	325.500
6657	326.300
7381	326.300
6513	327.800
3617	328.700
12233	328.900
5205	329.800
6057	329.700
7837	329.300
12421	329.800
2409	331.200
5621	331.600
8493	331.900
10725	331.600
2245	332.500
5833	332.700
469	333.500
869	335.600
1025	335.900
9441	336.900
10305	336.100
10693	336.200
701	337.900
11033	338.500
2437	339.500
10085	340.600
1625	341.300
5853	341.400
3045	342.500
4609	342.500
25	343.200
1277	345.600
3081	345.300
11021	345.400
5357	346.700
457	348.200
733	349.100
2577	349.800
4133	350.000
9493	351.400
10121	351.100
8785	352.800
1029	355.300
2509	355.400
2629	356.400
4433	356.200
1037	357.500
1097	358.100
10633	358.600
2397	359.200
4825	359.100
2701	360.500
3477	360.600
4977	360.300
6373	360.100
10501	361.000
12229	360.200
8841	364.000
10925	364.500
10665	367.700
7245	368.200
5233	369.700
2825	370.900
4613	370.600
1093	371.700
2885	371.300
3361	371.600
5861	371.600
7605	371.500
8857	372.000
10997	371.600
12253	371.600
833	372.300
1649	372.100
2001	372.100
9193	372.600
9633	372.500
9805	372.200
11257	372.400
7769	376.800
1765	377.700
4961	377.800
9837	378.200
8949	379.300
9153	380.000
3513	380.500
6277	380.900
4193	381.300
761	383.700
1061	383.600
2309	383.400
4677	383.600
7381	383.300
9265	383.800
9861	383.600
325	384.900
3093	384.800
8813	384.600
3489	385.700
10833	385.700
2725	386.900
1557	388.900
8269	388.600
8901	388.300
521	389.900
1309	389.700
10269	389.900
2233	390.800
2561	390.300
2821	390.800
9917	391.000
10569	390.300
4125	393.000
6789	392.900
10473	393.500
641	394.700
1013	395.300
11881	396.700
161	397.400
393	397.100
6581	398.200
7377	398.400
11825	399.600
6205	401.000
4037	401.800
6289	402.900
1161	405.300
1729	405.200
3937	406.000
8029	405.100
8557	405.700
10321	405.700
2677	407.000
1789	407.700
3393	407.700
3425	407.300
3801	407.800
4797	407.400
7037	407.200
7901	407.300
9953	407.900
4093	408.100
4305	409.000
6453	408.800
6509	408.400
3601	409.100
11281	409.300
8877	411.400
10977	411.700
2169	413.000
1685	413.700
2701	413.600
1585	414.900
5821	415.100
6317	415.100
321	416.300
4325	416.800
8765	416.300
8949	416.400
305	417.500
4061	417.300
4361	417.700
7897	418.000
8045	417.500
1121	418.700
4913	418.100
5593	419.000
6881	418.400
6981	419.900
10765	420.500
5745	421.400
12325	421.800
885	422.700
1293	422.300
1733	422.600
2349	422.900
4233	422.700
5797	422.200
341	423.800
689	423.600
5601	423.700
5997	423.800
11249	423.200
11785	423.100
11969	425.800
1133	426.800
7561	426.300
6405	427.800
3965	429.400
4229	429.500
6937	429.700
10277	429.600
12333	429.300
2277	431.000
10217	430.200
9413	433.300
10001	433.900
10013	433.300
4085	434.400
8841	436.500
3621	437.100
5853	437.800
6277	438.900
1205	439.400
4649	439.600
7553	440.000
5349	440.500
7425	440.300
8625	440.200
4453	441.700
4737	441.800
9805	441.900
1761	442.600
2925	442.700
6081	443.000
1041	443.100
5173	443.300
7361	443.500
12401	443.100
9217	444.100
7937	445.400
10085	445.400
12429	448.000
1861	448.300
1945	448.400
6489	448.400
10729	448.600
429	449.500
4717	449.300
8797	450.700
10321	450.300
10837	450.900
2289	451.800
3089	451.700
6085	452.200
8569	452.500
8749	452.500
1849	453.700
3461	453.900
5637	454.800
2701	455.600
617	456.500
4729	456.800
5981	456.600
11001	456.700
9957	458.600
10613	458.100
2441	461.200
6577	462.100
9165	463.700
1261	464.100
2309	464.700
6753	465.000
9629	465.000
11789	464.900
12301	464.400
1029	465.200
4521	467.600
4877	467.600
11045	467.400
6613	469.600
2953	470.900
10341	470.300
7769	472.000
1793	472.700
2377	473.000
4037	472.900
1093	473.600
3765	474.000
8445	474.000
1721	474.400
1121	475.200
5729	475.200
11645	475.900
513	476.100
3309	476.200
4861	476.300
1053	477.900
3045	477.400
6585	478.500
7805	478.100
17	479.600
7109	479.800
1997	480.400
2549	480.800
2577	480.900
4233	480.800
6317	480.500
4765	481.900
6325	481.300
10901	481.700
1249	482.700
7465	482.400
10469	482.600
3597	483.700
5245	485.400
12493	487.800
4021	488.600
5845	488.200
6337	488.800
9613	488.400
9873	488.500
1353	490.000
1837	490.700
6953	490.400
10821	490.100
3665	491.900
121	492.300
4969	492.700
4869	493.300
5805	493.900
6169	493.800
7613	493.400
9857	493.700
897	496.200
4577	497.900
153	499.900
497	499.300
9109	499.900
10333	500.000
6077	501.500
7709	501.100
10277	501.800
2233	502.900
5257	502.600
9261	502.400
221	503.300
3489	504.600
10717	504.400
11457	505.000
11601	504.900
8633	508.200
10713	508.500
8981	510.000
1097	512.600
161	513.200
2505	513.200
6561	514.000
7361	514.900
1657	515.400
2705	515.800
10505	515.800
11521	516.000
11829	515.300
261	516.900
417	516.900
4489	516.200
5025	516.300
9781	517.000
1965	517.900
11633	517.800
9633	519.700
2025	520.400
185	521.800
1801	521.800
4713	522.400
5645	523.000
10789	522.300
3297	528.600
8861	530.600
10569	530.300
2441	531.400
6353	531.300
5589	532.400
5961	533.000
8617	532.600
10581	532.200
11461	533.600
4745	536.400
1325	538.800
1681	539.500
4133	539.200
4853	539.400
537	540.800
321	541.200
1649	541.800
5165	541.800
10729	541.200
10841	542.000
11497	541.900
10961	542.900
4017	545.900
11977	546.000
6277	546.500
1593	547.600
4073	547.600
6721	547.400
1937	549.000
3013	548.800
5593	549.000
5793	548.900
205	549.400
909	549.700
3961	549.500
173	550.500
561	550.600
577	550.500
1425	550.200
5481	550.600
6849	550.200
7309	550.800
7737	550.100
9665	550.400
10045	550.100
10733	550.300
11505	550.200
5445	551.600
11769	551.100
3773	552.500
2549	553.600
5385	553.800
4241	554.700
5885	554.200
6009	554.700
10861	554.500
11105	554.500
6405	555.300
8549	555.300
4333	560.700
12325	560.900
12449	560.700
7037	561.500
3401	562.800
4269	562.500
6853	562.700
10369	562.600
6505	563.900
11285	563.500
2441	565.500
10493	565.700
2497	566.400
2537	566.500
4325	566.300
6485	566.600
1405	567.200
1357	568.900
4461	568.300
5589	569.000
7661	568.200
8201	568.500
10121	568.200
12193	568.300
9845	570.700
10993	570.300
11889	570.700
12253	570.500
1061	574.300
573	575.600
5377	575.300
9237	575.600
7325	576.800
11821	576.300
2309	578.300
9917	579.900
2249	580.700
5877	580.600
9637	582.500
3749	583.900
5745	583.300
2409	584.700
3577	584.500
6593	584.800
9325	585.000
885	585.100
9729	585.800
11085	585.300
12493	585.200
3901	586.900
11721	587.300
8497	588.200
5829	589.500
12357	589.500
3797	590.200
4233	590.600
861	591.800
10349	591.100
11105	592.900
6589	594.500
3145	595.500
8653	595.500
6453	596.400
7241	596.400
4133	597.900
2337	598.700
2521	598.300
3865	598.100
4825	598.200
8189	599.000
9965	598.100
10637	598.500
11977	598.800
513	599.300
841	600.000
4869	599.100
9949	599.200
10009	599.600
11485	600.700
12273	600.700
7393	601.500
10273	601.100
10997	601.100
4785	603.600
7645	604.900
5721	606.800
11521	606.800
1109	609.000
1421	610.800
1673	610.700
2257	611.900
10173	611.600
12117	611.600
3577	612.200
6465	614.200
5713	615.700
225	617.200
1065	617.100
2561	617.600
2949	617.600
4269	617.900
5113	618.000
9313	617.900
10205	617.800
765	618.800
1025	618.300
2957	618.700
6321	618.700
7909	618.700
11257	618.300
11653	618.400
701	619.600
6197	619.600
4745	623.600
9749	623.600
8029	624.500
1189	625.400
2577	625.500
12401	625.900
7053	626.300
12333	626.500
1641	632.600
2509	632.100
6113	632.600
6297	632.500
11461	633.000
6277	633.600
7005	633.700
11505	633.700
1909	634.500
9865	634.400
2925	635.400
4309	635.600
7725	635.400
3717	638.900
5345	638.800
10613	639.000
1045	639.800
5513	639.800
4933	640.300
157	641.700
2229	642.000
4029	641.700
8841	641.300
9101	641.600
6701	642.900
3113	643.100
6185	644.200
7281	644.400
8745	644.100
1745	646.900
11597	646.100
4273	647.500
7041	647.800
841	648.800
185	649.900
549	649.900
1093	649.800
6817	649.200
7985	649.400
4561	650.800
5773	650.300
8137	650.900
477	651.400
537	651.700
1757	651.300
1881	651.500
2549	651.700
4741	651.500
4941	651.200
9665	651.700
9717	651.700
10873	651.600
12005	651.300
9633	652.800
10861	652.400
11609	652.900
3965	654.000
11321	653.200
2661	654.100
1061	656.800
4385	656.300
7393	656.600
8549	658.900
1609	659.500
11829	659.800
8885	661.000
9381	660.600
11181	660.400
3449	662.600
5	663.700
3253	663.800
10153	663.800
6705	664.400
6909	664.300
9281	664.400
3485	665.600
4185	665.600
7341	665.800
8733	665.600
3145	666.800
6077	666.900
10517	667.000
10989	666.100
11517	666.900
3157	668.800
1081	669.900
5257	670.300
305	671.700
1701	671.600
1765	671.300
3005	672.000
7165	671.100
7937	671.900
6641	672.400
1613	674.000
2609	673.800
12425	673.800
7385	674.400
8309	677.000
189	677.200
1025	678.400
4285	678.100
8433	678.900
9149	678.700
11645	679.700
12117	679.200
3817	680.400
10205	680.200
3313	685.700
1229	686.500
2237	686.700
8497	686.100
8753	687.000
325	687.100
1585	687.500
2705	687.400
8073	688.000
10357	687.100
12305	690.200
10245	691.300
11497	691.100
8881	697.300
12417	697.300
2229	698.300
4713	698.400
10501	698.100
7005	699.400
9677	700.200
9809	700.800
1829	701.100
4473	701.300
6601	701.700
7705	701.200
7769	702.500
5561	703.400
11721	703.500
9233	708.800
9489	708.500
11021	710.000
6121	710.300
10069	710.800
11589	710.800
2765	712.700
6505	713.700
953	715.700
1345	715.300
2225	715.900
4805	715.500
5997	715.700
7429	715.700
9949	715.300
5645	716.500
9997	716.600
10009	716.200
1273	717.500
7809	717.100
10861	717.300
4745	718.100
10273	718.200
10277	719.900
2805	724.400
8793	724.700
9385	724.300
9741	724.700
11957	724.700
12433	725.600
5113	726.500
10889	726.100
9281	727.900
10269	727.700
1789	728.300
4333	728.300
7677	730.000
9109	729.600
10813	729.900
12417	729.100
1121	730.500
3621	730.400
3717	730.400
5805	730.400
5829	730.300
9985	730.100
4857	731.700
4637	733.000
10417	732.600
8669	734.000
7885	735.700
5589	737.700
6733	737.800
6753	739.600
11705	739.900
8993	740.600
10209	740.700
11673	742.800
869	743.700
3705	743.900
6325	745.700
6197	746.200
7973	747.200
1321	748.300
11589	748.800
657	749.400
1181	750.500
2581	750.400
6453	750.600
9681	750.300
885	751.100
2769	751.300
3665	751.400
7965	751.500
1953	752.600
6705	753.400
1445	756.000
4277	755.800
6549	755.500
8045	756.000
245	756.900
4677	756.200
5313	756.700
5657	756.100
5889	756.500
8013	757.000
8097	756.300
10821	756.600
11377	756.700
1769	757.100
4269	757.300
5501	757.300
6541	757.500
7497	757.100
11361	757.100
617	758.600
4017	760.300
9293	760.300
3797	762.300
3885	762.100
7053	762.500
7693	762.100
12449	763.000
1329	764.900
5621	766.900
6061	766.500
1813	767.200
4361	767.600
5125	767.700
6001	767.400
10665	767.300
7193	768.800
689	770.800
1121	772.500
1853	772.200
4125	772.800
1269	773.800
761	774.600
2241	775.000
4769	774.500
6557	774.400
7237	774.500
8465	774.400
8953	774.400
10185	774.700
10477	774.700
10765	774.900
11557	775.400
2753	778.500
6993	779.000
7281	780.000
10753	779.200
10621	780.300
6789	784.400
3817	785.900
861	786.600
1865	790.600
6197	790.500
6861	790.400
7737	790.500
10533	790.700
309	792.000
2493	791.400
1793	793.000
6637	793.000
10453	793.000
6701	793.500
2685	794.700
4289	794.800
7225	795.200
881	797.000
1677	796.100
5421	796.700
1273	797.500
1657	797.400
1905	798.000
3617	798.000
5013	797.900
6365	797.500
6425	798.000
6509	797.600
7701	797.300
10225	797.700
11929	797.600
5469	798.300
5745	798.300
5953	798.100
6549	798.100
12125	798.200
1493	802.400
7633	802.700
2405	803.100
9657	803.600
1521	804.900
5753	804.600
6189	804.900
7709	804.700
8821	805.000
9953	804.800
10273	804.100
1017	805.700
2385	805.700
5401	805.700
5681	805.200
7149	806.000
11589	805.100
4581	808.100
6321	808.900
10821	809.600
2001	814.000
1345	815.100
8561	815.500
10265	817.300
10625	818.800
11597	818.900
3625	819.700
10777	819.300
8497	822.400
7637	823.800
165	824.800
7281	824.500
9281	826.100
10193	826.400
5021	828.000
3837	828.900
561	830.400
2909	830.600
9545	830.500
1769	832.000
2197	831.600
6325	831.500
9429	831.400
365	832.500
7321	832.600
3405	833.600
4185	833.600
6717	833.500
7077	833.100
309	834.900
885	834.600
1229	834.600
6221	834.500
6969	834.600
7525	834.500
8481	834.300
10665	835.000
12369	834.600
389	835.900
1361	835.500
1889	835.700
4029	835.600
4181	835.300
4785	835.600
6373	835.800
7189	835.600
7493	835.900
7741	835.200
7973	835.900
9045	835.800
2781	836.500
7721	836.300
1037	838.500
7193	838.500
149	839.300
3865	839.600
3965	840.500
8833	840.700
4797	841.900
5609	842.000
7681	841.200
1425	842.700
2953	842.500
4285	842.500
4353	842.500
5481	843.000
7605	842.200
7841	842.700
1181	844.000
1473	843.900
2269	844.000
2389	843.200
5497	843.100
6065	843.200
6113	843.900
6133	843.600
6709	843.700
7613	843.500
7897	843.700
11109	843.200
7657	844.700
8797	845.000
11949	844.300
6613	845.900
2245	847.400
9993	847.500
12117	847.400
1417	849.000
737	849.800
337	850.600
3901	850.500
357	852.000
9837	851.500
10837	851.200
7957	852.800
4269	854.000
6697	854.000
7541	853.400
10825	853.900
7457	854.800
10069	855.100
1717	856.700
10121	857.300
4093	862.000
1245	862.300
8137	863.000
11873	863.000
909	863.900
1861	863.800
2233	864.000
3841	863.800
4861	863.600
5345	863.900
10133	863.900
12437	863.700
873	864.700
4357	866.700
9385	866.700
1957	867.800
2329	868.900
5621	870.500
8297	871.000
4353	871.700
6837	871.800
8653	872.000
1421	872.900
1505	872.500
3769	873.000
11401	873.000
11937	872.900
5773	873.600
5989	873.900
10273	873.900
1133	877.200
2701	877.700
861	879.000
2537	879.000
6321	878.100
6633	879.000
7505	878.700
8689	878.900
2609	879.300
2677	879.500
1481	880.300
4429	880.500
7685	881.300
2493	882.300
10245	883.900
3613	885.700
3869	885.400
2237	886.400
4489	887.000
9237	887.000
1657	887.500
2309	887.900
6485	887.600
7281	887.600
8189	887.900
9833	887.700
10369	887.400
10745	887.200
11053	887.200
12357	887.900
12421	888.000
11977	890.400
2181	893.800
11221	896.000
5153	896.300
9937	898.000
2661	899.000
6565	898.600
2969	900.000
5657	899.200
10561	900.000
10821	899.700
761	900.900
2697	900.100
3425	900.700
10205	900.500
11337	900.300
11701	900.100
7909	903.500
4169	904.100
7853	907.500
11673	907.400
6333	908.500
6353	909.800
8877	910.800
2385	911.500
7481	911.200
7521	911.600
11325	911.300
2113	912.300
7241	912.700
185	913.700
8529	914.000
5205	914.900
7425	914.700
9189	914.700
12053	914.300
1281	918.500
1341	918.200
3189	918.900
7545	918.600
11145	918.800
1493	920.600
9769	921.900
3297	922.300
3437	922.900
12041	922.600
12469	922.500
4913	923.200
10333	923.200
5289	927.000
12333	927.600
11629	930.900
1293	932.100
5189	932.600
8233	932.200
9625	932.900
9993	932.900
2213	933.900
4661	934.600
10605	934.900
8609	935.100
11449	935.700
1897	936.200
6917	936.100
4157	937.600
9945	937.300
11461	937.600
1869	938.900
3793	938.200
10173	938.500
12325	938.400
12353	938.300
10065	941.600
9717	942.300
585	943.900
4597	944.800
4757	944.900
7225	944.500
10837	944.600
6957	950.000
173	950.500
2973	950.600
545	951.800
701	951.300
765	951.100
1381	951.600
6425	951.400
9541	952.000
10193	951.300
1589	952.600
1765	953.000
3701	953.900
11377	953.700
1037	954.900
1085	954.400
2809	954.900
9153	954.200
11361	954.500
109	956.800
11745	956.300
3401	957.700
2969	958.500
4897	958.600
3617	959.700
10013	959.300
8633	961.800
1033	962.600
7985	962.900
3993	963.100
10169	964.000
11813	963.200
2469	964.200
10009	964.700
8473	965.600
9845	967.800
3861	968.800
11889	968.400
749	969.800
6317	970.900
8313	970.200
10085	970.100
10473	970.800
12429	970.300
4921	976.600
5025	976.700
3777	978.000
9953	977.300
3865	978.800
6441	979.800
4181	980.200
7957	980.800
9381	981.000
993	983.300
1229	983.200
2121	983.100
9613	983.200
10717	984.300
5753	985.400
12273	985.100
9145	986.700
11249	988.000
981	988.900
1205	989.700
3841	989.100
853	990.600
1017	990.200
5297	990.700
11481	990.500
3005	991.500
7937	992.900
3209	993.300
4001	993.500
5165	993.900
6073	994.100
6393	994.100
6969	994.300
10233	994.500
1801	995.500
5413	995.100
7661	995.100
8605	995.200
9981	995.200
6973	996.900
12417	996.200
1969	997.500
4913	997.400
245	998.800
2713	999.000
6057	998.900
8309	998.900
8965	998.500
161	1000.000
1937	1000.000
7645	999.200
9845	999.400
10121	999.700
11629	999.600
12369	999.400
