# NEST version: 3.6.0
# RecordingBackendASCII version: 2
sender	time_ms
4742	158.700
9838	159.900
11390	159.600
1658	163.000
2398	162.400
2934	162.700
11646	162.900
11742	162.300
1302	163.200
1474	164.000
9622	163.400
7910	164.700
12466	164.100
7218	165.400
12498	165.800
8510	167.000
9198	166.800
4198	167.300
10710	167.300
3718	168.300
6526	169.000
7702	168.500
4882	170.500
130	172.000
2306	171.600
2566	171.700
2698	171.700
9058	171.200
9246	171.700
12230	171.700
18	172.700
818	172.100
3270	172.200
3394	172.900
4438	172.500
5414	172.600
7314	172.400
10950	172.600
11166	172.700
11562	172.600
9458	173.100
11302	173.200
11566	173.400
2726	174.100
138	176.600
2814	176.700
2098	178.000
3722	177.900
534	179.000
1518	178.300
1930	179.800
230	180.200
9962	180.400
2882	181.300
4834	181.800
5774	181.300
7074	181.200
7086	181.300
10414	181.900
950	182.800
2338	182.700
3750	183.000
4510	183.100
11942	183.200
4978	184.100
11210	185.300
7634	186.500
882	187.800
10522	187.600
5194	188.900
6934	191.200
6418	195.000
7554	194.700
8990	198.900
9058	199.000
11050	198.500
2426	199.400
2570	199.300
5914	199.300
8910	199.900
9602	200.000
3586	200.300
7422	200.300
7670	200.800
10354	200.100
10802	200.500
10810	200.600
11226	200.400
11386	200.100
11554	200.600
6458	201.200
530	204.400
1438	204.800
2022	204.200
8870	204.400
9110	204.400
11614	204.800
4798	205.800
258	207.500
8266	207.400
11194	207.400
12026	207.700
9434	208.600
7818	210.000
9918	209.100
10742	210.800
2390	211.400
4230	211.400
4790	211.200
9422	211.900
7858	212.300
11714	215.300
8954	218.400
2870	219.700
8274	219.700
3606	220.300
6094	220.300
7854	223.700
8978	224.700
266	227.400
5494	227.300
8770	228.000
8838	227.200
10758	227.600
5158	228.400
6426	228.400
1326	229.800
7886	229.600
8122	229.600
1018	230.700
2358	230.800
4670	230.900
9694	230.400
11138	230.200
7310	232.000
3222	232.200
5994	232.300
8538	232.100
8610	232.200
11918	232.200
4850	233.100
11058	233.800
1778	234.700
4370	235.000
8214	234.500
7230	236.900
4522	237.700
8246	239.000
3622	239.400
3982	239.900
4110	239.600
11942	239.200
11414	240.400
7266	242.900
11530	243.000
6846	244.600
3262	245.800
5162	246.300
6402	246.700
11558	246.700
11758	246.700
11298	247.200
2666	251.400
3790	252.000
11658	251.800
4906	252.400
8618	252.200
1122	253.200
11442	253.600
6890	259.000
7022	259.800
12342	259.300
6870	261.000
3638	261.500
570	263.000
2734	265.900
1110	266.400
4886	266.700
5734	266.500
5842	266.600
8154	266.700
10554	266.800
4654	267.100
6022	270.900
9010	270.800
11890	270.400
8750	272.500
1478	273.800
1562	273.100
6866	273.400
9130	273.700
1518	275.200
10690	275.500
2766	276.400
5918	276.200
4046	278.300
5042	278.800
12034	278.100
8706	280.400
1262	281.900
5518	282.000
3738	283.000
5594	282.400
1058	284.000
7898	283.800
8030	283.100
7334	284.100
8466	284.500
10366	284.900
1366	285.200
5446	285.500
6134	285.500
12198	285.200
3126	286.900
7730	286.700
9950	286.700
11026	286.700
9654	287.400
7902	289.800
3058	290.400
4954	290.300
5950	290.600
8810	291.000
9066	290.500
2014	292.000
3250	291.900
6146	291.900
6498	291.700
8966	291.800
12358	291.700
694	292.100
4314	292.100
11570	292.100
12146	296.700
9238	299.000
4110	299.800
1334	302.900
11330	302.300
5814	303.600
7378	305.100
4990	306.600
122	307.900
3438	307.800
9718	308.600
10698	308.400
10650	309.500
3642	310.100
4014	312.400
7022	313.700
1414	314.300
9878	314.600
10818	314.200
98	315.700
2178	315.100
8686	315.200
9110	315.500
9706	315.300
4434	316.900
1302	317.700
4694	317.600
1386	319.000
10150	320.000
11086	319.900
8322	320.500
7110	321.700
11590	321.100
3678	324.400
3878	324.700
1038	325.700
1322	326.000
9234	325.900
9510	326.000
11966	325.600
1182	326.500
1754	326.900
2794	327.000
3386	327.000
4666	326.900
4798	327.000
4950	326.200
6382	326.100
7122	326.400
7930	326.400
8066	327.000
8298	326.200
9518	327.000
2346	328.000
4374	328.000
6794	327.500
2730	328.100
4670	328.900
9370	329.900
4298	330.800
7022	330.700
4830	332.800
70	333.700
10118	333.600
11806	333.200
4706	334.200
5050	334.100
346	336.500
3902	336.300
5458	336.800
9202	336.800
11654	337.000
374	337.800
614	337.600
4330	337.700
5826	337.100
6134	337.800
6178	337.600
11650	337.900
1042	338.500
8382	338.700
9122	338.300
10718	338.100
8702	339.900
9174	339.500
6114	340.700
794	341.500
8998	341.900
2066	342.800
6446	342.400
6762	342.300
1734	343.400
3434	344.000
4238	344.000
4246	343.900
9734	343.400
9986	343.800
330	344.600
1658	344.500
2422	344.600
2974	344.400
3102	344.500
3814	344.900
4186	344.700
5286	344.400
7410	344.900
8562	344.500
9822	344.300
10538	344.500
11190	344.800
262	345.400
1662	347.000
7670	346.900
5794	347.700
8610	348.700
3250	350.700
3074	351.300
5810	351.900
9222	351.900
2470	352.200
4206	352.300
5314	352.900
10842	352.500
2814	353.100
4094	353.300
4890	353.100
6710	353.400
6158	354.400
9690	354.500
11754	354.700
1282	355.600
2622	355.200
5474	355.600
7142	355.600
8926	355.500
11442	355.200
114	357.400
7402	357.900
5990	358.100
7414	358.900
11930	358.900
3666	359.300
8450	359.200
10906	359.600
12182	359.800
602	360.700
2750	360.400
4262	360.200
62	361.100
8194	361.500
9418	364.200
9726	364.200
3914	365.600
8902	367.900
562	369.900
2986	369.600
7458	369.400
2458	370.200
5798	370.800
7734	370.200
11418	370.600
258	371.100
9034	371.200
10074	371.600
3558	372.100
1434	373.300
1726	374.600
8122	374.500
12250	374.900
1194	378.000
6614	377.500
1662	378.600
2146	378.300
2490	378.800
1038	379.600
1498	380.800
2022	380.700
5238	380.700
8298	381.000
11002	380.200
11318	380.700
3290	385.200
3866	386.800
6650	386.100
9958	387.400
434	388.800
6430	388.900
10682	388.600
486	389.400
6426	389.500
6758	389.400
8966	389.500
10970	389.100
12298	389.500
3206	390.400
6746	390.900
8138	390.300
10402	390.400
6826	394.100
12182	394.400
7294	398.900
178	399.700
4486	399.700
2662	400.600
9946	400.500
11350	400.700
6130	401.100
9062	401.800
10010	401.400
478	402.100
9222	402.400
190	403.500
922	405.500
3410	405.600
4882	405.900
9290	405.500
7882	406.800
8182	406.600
286	407.600
2578	408.000
6066	407.100
2106	409.000
5074	408.700
8994	408.300
11542	408.700
10310	409.500
11086	409.300
74	413.000
8906	412.700
3910	413.800
4762	414.000
9250	413.600
9718	415.000
10922	414.700
11306	415.000
3362	415.200
11678	416.000
1630	418.400
978	420.000
8630	419.300
4710	420.700
5186	420.800
8882	421.000
11930	420.400
11042	421.100
878	425.900
3994	426.800
1474	427.900
6938	427.900
11214	427.700
3194	428.100
8042	428.700
10022	429.700
1502	433.500
4310	433.600
4954	433.700
7670	434.000
9342	433.800
10198	433.900
758	434.600
4506	434.400
6982	434.300
8798	434.700
10254	435.900
3654	438.000
12462	438.400
2358	440.800
5434	440.600
8170	441.000
642	441.800
2342	441.400
6438	441.200
1994	442.100
4714	442.700
1158	443.500
5410	443.400
5774	443.700
11942	443.900
1050	445.300
12022	445.400
5922	447.800
5162	448.700
9138	448.300
3870	449.500
11638	450.600
12294	452.600
3258	453.300
742	455.700
3390	456.800
10542	456.100
98	459.000
5006	458.700
7206	459.000
10014	458.100
11510	460.000
5826	460.900
6	462.300
3822	463.900
12430	463.800
7110	470.000
10970	469.800
11158	470.000
6302	470.300
2246	471.100
9130	471.800
10570	471.500
7030	474.900
9906	475.300
11626	475.700
12302	475.100
4078	477.800
12034	477.600
12334	477.100
302	479.600
8706	479.300
134	480.300
3142	480.900
10270	480.100
5078	481.900
5182	482.000
6534	481.100
9558	481.300
11946	481.900
1418	483.300
2182	484.000
666	484.400
1798	485.000
8298	485.000
2970	485.600
7186	485.300
7734	485.500
9290	485.900
9318	485.100
9818	485.700
2318	486.300
6210	486.600
2346	487.700
2782	487.600
12126	487.600
430	488.500
6586	488.500
982	490.000
5554	489.200
7198	489.700
8134	489.500
8818	489.300
9510	489.400
9622	489.400
10410	490.300
1046	491.200
7010	491.700
10734	493.600
206	494.500
4874	494.300
8630	494.300
218	495.700
6010	495.900
8266	495.900
9758	495.500
3186	496.500
5110	496.900
6746	497.000
8214	496.200
10030	496.300
10530	496.900
11242	496.500
12350	496.300
5414	497.100
12330	497.400
9222	500.200
10942	502.700
126	504.500
1618	509.400
3962	510.000
2466	510.100
3650	510.400
6478	511.000
10242	510.600
6082	511.400
2966	512.400
4242	512.200
2222	513.900
5158	513.900
5770	514.000
8234	513.100
9554	513.100
9994	513.800
482	514.500
4514	514.200
4690	514.800
5350	514.900
6238	514.600
8054	514.400
8346	514.500
8730	514.400
11782	514.900
806	515.200
1722	515.200
3730	515.200
10454	515.700
6114	516.600
4214	517.900
2566	520.000
11582	519.800
3434	520.600
9038	520.500
10086	520.400
12234	520.400
2062	525.300
9094	525.100
10598	525.800
2162	526.200
10606	526.600
10870	526.600
8582	528.900
6990	529.300
8850	529.600
8066	532.700
734	534.000
3678	533.100
7470	533.600
3530	534.900
7582	534.600
9662	535.000
12334	534.400
10506	536.000
11430	535.900
10446	538.600
11946	539.200
262	541.400
2242	544.200
2798	544.700
2874	544.100
12430	544.800
5394	545.200
6726	546.700
8014	546.800
1598	547.700
3750	547.900
8618	547.900
9522	548.000
10030	547.300
10802	547.800
3810	548.300
154	550.800
1338	550.500
10406	550.800
12438	550.400
5926	551.600
2894	552.900
2166	554.500
2386	554.400
5286	554.800
12394	554.500
12406	554.600
4266	555.200
11066	555.300
6582	559.000
8638	558.500
1758	559.200
10	560.700
1550	560.100
10954	560.400
4230	563.200
6818	563.400
9042	563.800
590	564.800
5638	564.300
12154	564.500
1454	565.400
6006	565.200
1146	567.400
3486	570.000
2126	570.800
286	572.000
3282	571.200
10890	571.700
8406	573.000
5654	573.400
2378	575.700
4434	575.800
4730	575.800
5946	575.400
6202	575.200
9066	575.500
402	577.000
4706	576.800
5238	576.800
7726	576.300
6970	577.800
9738	578.000
11050	577.200
7586	579.400
6062	581.900
12182	581.900
1842	582.800
4094	582.700
9726	582.800
4546	583.200
7918	583.700
9986	583.200
182	585.700
11618	585.600
2834	586.500
3430	586.600
9142	586.500
9774	586.100
10242	586.600
6906	587.300
6378	589.600
2002	591.200
9886	591.400
3930	592.200
5010	593.800
8442	593.900
11906	593.500
270	594.900
1158	594.300
11230	594.400
9862	596.000
10114	595.500
3478	597.500
7842	598.400
8242	598.200
1530	599.900
2202	599.200
3774	599.600
7574	599.900
7734	599.500
7958	599.100
9410	599.400
9626	599.700
12494	599.800
438	600.700
602	600.400
1650	600.400
2346	600.400
4686	600.200
5414	600.200
7082	600.900
9354	600.200
12090	600.400
3590	601.600
3670	605.300
3858	605.800
6306	605.600
7342	605.800
2502	606.400
8902	607.200
6058	608.300
6714	610.200
3522	611.300
11462	611.900
1390	612.700
1998	613.000
3838	612.600
5294	612.500
1046	613.300
7870	613.100
8350	613.800
10758	613.800
8102	614.100
3710	615.400
8018	616.700
5726	617.800
7418	618.400
10894	620.200
134	624.500
7650	624.400
3318	625.100
4466	625.300
9090	626.000
9710	625.100
11502	625.900
11574	625.800
534	626.300
2206	626.300
2358	626.600
6446	626.100
7766	626.300
8602	626.700
1870	630.600
2742	630.300
3982	630.800
5874	630.200
1786	631.300
5814	633.100
5510	634.200
8834	634.700
2334	635.700
2706	635.800
11694	635.100
3130	636.800
3470	637.600
8378	638.000
2106	638.700
5218	638.900
7454	638.600
8002	638.600
8334	638.700
12206	638.700
12386	638.200
5474	639.200
7046	639.400
7810	639.400
9158	639.300
2994	640.300
4438	640.800
11314	641.000
11626	640.300
12470	640.200
5762	643.100
7186	643.100
7838	643.200
9014	643.400
8270	646.000
1682	646.800
3994	646.300
10246	646.700
11970	646.700
398	647.200
1346	647.600
2142	647.600
4942	647.600
7978	647.600
6538	651.000
3922	651.300
5730	651.900
11814	651.400
9510	652.200
622	653.200
3786	653.600
7938	653.800
2138	654.800
4478	654.200
4606	654.200
5394	654.400
5454	654.800
6066	654.400
1062	655.400
3486	655.300
4358	655.200
6562	655.200
7790	655.100
8982	655.200
10002	655.200
10926	655.100
12034	657.000
538	657.600
702	657.200
5106	659.200
6274	659.400
7638	659.600
290	660.300
11930	660.600
7826	661.400
134	663.700
1250	663.700
2458	663.300
8054	663.700
3050	664.800
10378	664.400
11198	664.300
4274	666.700
6718	666.500
2250	668.000
4662	667.500
3878	668.900
9782	669.500
11714	669.300
8290	670.900
1866	673.300
4086	673.500
5250	673.200
5530	673.900
8106	673.800
9038	673.500
3962	674.300
4142	674.200
5470	674.700
7630	674.700
10058	674.800
1022	675.400
1554	675.500
3610	675.600
4114	675.200
7818	675.700
8250	675.500
11994	675.400
12178	675.100
8418	676.400
1922	680.900
7730	680.400
4990	682.400
10646	682.600
10926	682.500
1738	684.000
6966	683.100
8890	683.500
7258	684.100
3782	686.900
11974	688.900
2698	693.000
4586	693.000
7134	692.500
7646	692.300
9590	692.500
11914	692.800
1474	693.700
4442	693.300
8494	693.400
9234	693.400
9494	693.100
10730	693.400
8014	694.500
8714	694.100
8370	695.500
8434	695.100
7414	696.800
10866	696.700
22	697.300
1106	697.100
1622	697.600
2038	697.200
3822	697.400
9382	697.200
12106	700.400
4922	702.000
8918	701.300
5254	703.100
7718	703.100
11594	703.300
7978	705.300
5610	706.500
6746	706.300
1414	707.600
710	708.500
9742	709.200
11438	709.300
4882	710.400
10790	712.000
1942	712.300
2350	712.600
3246	712.900
7290	712.400
10022	714.900
9266	717.400
18	718.600
11082	718.500
3046	720.700
5770	720.100
3018	721.100
9698	721.200
1162	722.900
2846	723.500
8330	723.100
530	724.500
790	724.500
3198	724.200
5374	725.000
7170	724.100
10170	724.600
4282	725.500
7994	725.500
9926	726.000
10530	725.100
11662	725.300
2610	726.700
11106	731.300
9086	732.900
10442	732.800
4042	735.100
5250	735.200
6938	736.700
12334	736.800
3786	737.500
8990	737.700
4446	739.000
8038	738.400
9222	739.200
9598	739.200
10722	739.200
11398	740.000
4222	740.300
5470	742.800
9934	742.600
4030	743.700
4870	743.400
6758	743.900
9762	743.200
2914	744.200
3530	745.000
4082	744.300
12230	746.200
3602	747.700
12394	748.800
30	749.100
6750	749.600
9854	750.000
11130	749.400
11486	749.600
6310	750.100
6574	751.000
7554	750.100
82	753.000
1958	752.700
4314	753.000
9822	752.200
10186	752.500
2326	753.200
7578	753.500
10638	754.300
11638	756.000
2366	756.400
4142	756.300
1414	757.200
9286	757.200
11710	757.800
7262	758.700
10694	758.400
11394	759.200
10578	763.000
5190	764.300
9086	764.900
4182	765.200
6106	765.400
538	766.600
6934	766.400
7466	767.000
7886	766.400
9218	766.500
4666	768.000
8574	767.200
9138	768.000
9278	767.100
11618	767.500
3430	768.100
9706	771.900
11806	773.400
322	775.400
4918	775.700
2934	777.500
6042	777.200
1650	778.100
5326	778.200
11430	778.300
5798	779.600
6346	781.300
7962	783.000
8230	782.800
1890	783.100
7698	783.600
7814	783.600
10718	783.900
966	784.300
10010	784.400
7642	785.900
8698	786.100
5714	787.900
5666	788.200
7674	788.300
3690	789.400
3378	791.700
8502	791.300
9158	791.100
5174	792.100
5390	793.700
7342	793.600
12138	793.900
2318	796.200
3738	796.800
3474	798.700
6338	798.900
2954	800.300
11162	801.000
12174	800.100
2482	801.100
6830	801.700
9290	801.100
9306	801.200
11514	801.600
11718	801.900
1150	802.100
5406	802.200
8486	804.400
2726	805.300
3522	806.400
6702	806.300
2834	807.700
3082	807.300
3726	807.300
6790	807.100
7006	808.000
9514	807.400
10402	807.400
4002	808.100
5294	808.100
10730	808.500
11778	808.100
11294	812.600
1718	815.900
7498	815.900
8270	816.000
5542	816.400
10346	816.900
5642	820.900
6690	821.700
10830	821.300
1650	822.200
8706	823.500
5058	824.900
7726	824.500
3462	826.000
1038	827.200
7078	827.500
4778	828.900
4902	829.400
8470	829.400
12430	830.000
2690	830.900
10238	830.100
10658	832.500
9530	833.100
1382	834.200
6282	834.400
2326	835.800
2914	835.700
3398	835.100
8478	835.200
3674	836.800
4122	836.500
11978	836.500
12122	836.800
1182	837.100
1534	837.100
11510	837.200
10890	838.500
4230	839.200
8002	840.800
214	841.400
12390	841.100
54	842.800
5318	843.500
5290	845.400
6578	845.200
12350	845.900
7430	847.100
8494	847.800
10374	848.000
1922	848.800
3482	848.500
8026	849.800
1450	852.000
2210	852.000
10254	852.000
526	853.000
4254	852.100
10050	852.200
8242	856.000
4914	856.800
9574	857.000
14	857.400
5006	858.300
9294	858.300
10270	858.100
346	859.200
8970	860.500
6330	862.000
6906	861.800
7330	861.800
11106	861.900
11370	861.800
3030	862.200
4102	862.100
4954	862.700
5046	862.900
6230	862.100
3574	863.800
5102	863.200
7234	863.700
1818	864.900
5118	864.200
8838	864.900
9582	864.900
1722	866.000
3066	865.100
3642	866.000
6658	865.400
11058	865.600
11666	865.600
11926	865.800
12058	865.500
4710	866.300
1614	869.700
9982	871.000
11114	870.700
7934	872.400
4014	873.600
6454	873.600
9082	873.600
11022	873.500
58	874.400
2506	875.000
12122	874.400
2510	875.900
7882	876.500
11206	876.700
7818	877.900
3454	878.800
9458	878.900
3522	879.800
4986	879.100
6802	879.600
7574	879.800
9646	879.600
698	881.000
3882	880.300
5026	880.500
6478	880.900
6626	880.600
7426	880.900
8866	880.600
11930	880.100
822	881.100
8510	883.900
7598	885.300
9922	885.700
6070	886.400
1274	887.300
2602	887.300
3670	887.100
5834	887.700
1570	888.800
8170	889.700
10202	889.300
642	890.200
8838	890.500
7978	891.100
12498	892.000
7586	894.000
1722	895.800
8130	895.300
2354	897.000
7094	897.800
1074	899.900
3462	900.000
4414	900.000
9262	899.400
10610	899.100
12030	899.900
1626	901.300
8470	903.200
2410	904.100
9206	904.600
1546	905.900
7578	905.600
2654	907.500
9074	908.100
242	909.100
6134	909.600
6854	909.400
1286	910.700
2346	912.000
4690	911.600
5670	911.800
11294	911.200
11858	911.500
3582	916.000
2142	916.500
4194	916.200
9222	916.300
862	918.900
1162	918.200
7466	918.100
7494	918.900
1082	922.200
7166	923.800
7362	923.600
2502	925.500
11918	926.500
6614	927.800
7378	928.600
9826	928.400
1830	929.500
2746	929.800
12094	930.000
9714	930.700
6986	931.500
3126	932.300
90	933.100
9950	933.100
5074	934.400
5734	937.500
3582	938.600
3878	938.200
4534	938.600
6894	938.800
9806	938.600
1530	939.800
3010	939.400
3766	939.100
4530	939.500
5310	939.400
8338	939.600
10678	939.700
918	940.600
7006	940.100
6118	942.600
266	944.000
1590	943.200
2958	943.400
3262	943.300
5982	944.000
9886	943.800
70	944.100
10890	944.500
2990	945.300
3134	946.800
10386	946.900
3286	947.600
3758	947.200
9698	949.700
1882	952.000
6374	951.600
7834	951.400
11774	952.000
2154	952.100
3586	953.000
3894	955.800
6302	955.800
866	956.100
8378	956.500
10454	956.400
1262	957.500
7742	957.900
8166	957.600
8722	957.600
9150	957.900
12094	957.300
594	958.700
4354	958.800
7418	959.000
9022	958.900
10566	958.100
514	959.100
4922	959.900
12198	959.600
5290	960.700
8986	962.000
12394	962.000
2914	962.900
3262	962.600
10734	962.400
2566	966.300
6078	966.700
6478	967.000
5078	969.500
9250	969.800
4778	971.700
9410	971.200
12390	973.000
622	973.100
5606	973.300
1586	975.100
1070	977.000
1542	976.600
7986	976.200
1650	977.600
2050	979.000
3054	978.900
3770	978.800
4070	978.900
4654	978.900
4746	978.400
6702	978.100
7626	978.600
8934	978.700
10230	978.900
11658	978.800
11682	978.500
278	979.800
11466	982.800
462	986.700
2638	988.300
10634	988.600
926	989.500
2046	989.400
4682	989.400
6978	989.400
7302	989.300
678	990.400
9302	990.500
12322	990.400
402	991.600
9950	991.300
3326	992.500
8498	992.300
7774	993.100
10194	993.900
510	994.100
1418	994.800
4542	994.500
6806	994.200
7426	994.400
7438	994.900
490	995.700
7642	995.800
8230	995.700
2654	996.200
4282	997.000
7242	999.600
9558	999.600
