# NEST version: 3.6.0
# RecordingBackendASCII version: 2
sender	time_ms
6623	158.800
12207	159.000
1727	159.900
4803	159.700
8419	159.700
291	160.800
459	160.300
827	161.000
1831	160.500
2223	160.200
2847	160.700
2871	160.700
3283	160.300
3607	160.300
4507	160.700
5227	160.600
8055	160.600
8687	160.700
10403	160.500
247	161.800
2619	161.700
11683	161.800
10903	162.700
7815	165.000
3	165.400
3787	165.300
4479	165.500
6351	165.800
3271	167.800
7251	167.400
5539	168.600
6179	168.500
11023	168.900
11963	168.300
15	169.200
119	169.200
1235	169.200
10707	169.600
1823	172.400
4039	172.400
911	173.300
1783	173.900
5999	173.300
567	174.800
4015	174.100
8955	174.800
10435	174.800
10731	174.700
6903	175.900
8719	177.900
9943	177.900
767	178.300
4935	179.800
6311	179.600
10819	179.100
1175	180.600
4879	180.600
1239	181.400
5991	181.400
8107	182.600
9419	182.800
3043	183.200
3831	183.500
11623	183.700
903	184.800
8143	184.800
4919	185.500
8415	185.500
11051	186.600
4435	187.200
10043	187.300
9503	188.100
3911	189.800
551	190.700
3071	190.400
239	191.400
2419	191.900
2447	192.400
6811	192.300
8583	192.300
11835	192.400
5555	193.100
5731	194.800
6859	194.200
7851	194.600
2867	195.400
3035	195.700
5431	195.400
6479	195.900
10359	195.800
1011	197.000
1919	196.600
6639	196.300
10927	196.400
1847	198.700
3203	200.000
3267	199.900
4531	199.500
11355	202.800
12159	202.100
4527	203.700
8659	205.100
4267	206.100
8011	206.400
1547	207.100
6899	208.000
12499	208.800
4479	209.900
6175	209.900
319	210.400
2915	210.900
10147	210.900
10331	210.100
891	211.400
7903	213.500
10523	213.300
527	215.500
667	218.800
4875	218.400
7395	219.700
12367	219.200
2167	220.600
3699	221.000
5051	220.400
5299	220.400
10867	221.500
7499	223.000
8387	222.200
10795	222.400
9163	223.400
59	225.000
7679	224.700
1331	225.700
6911	225.700
2115	226.600
7207	227.000
3539	227.200
4087	227.500
5175	227.300
9251	227.300
11867	227.500
4151	228.100
10859	228.900
5679	229.800
419	230.500
3515	231.000
9311	230.600
1091	231.200
1455	231.800
4255	231.300
5283	231.900
7047	232.000
8559	231.300
8563	231.800
11963	231.300
567	232.900
2739	232.400
4039	232.300
5539	232.400
9947	232.300
11927	232.700
5315	233.400
6327	233.100
11259	234.000
12483	233.300
12143	234.900
3159	238.400
5923	238.900
6019	238.200
8543	238.700
8927	238.600
5003	239.700
5507	239.400
9139	239.400
9855	239.200
10079	239.300
7879	241.800
1671	242.300
1703	243.900
3183	243.900
10791	243.400
11107	243.800
3191	244.300
3419	244.100
6099	244.700
6623	244.900
8395	244.200
12499	244.100
7595	246.900
3283	248.000
599	248.600
987	248.400
2023	248.400
6999	249.000
8167	248.900
9019	248.900
9647	248.600
9751	248.700
10603	248.500
11203	248.700
11475	248.400
203	249.300
1715	249.300
3259	249.100
4999	249.100
6991	249.100
8415	249.400
9387	249.300
9687	249.400
9759	252.600
4011	254.900
4047	254.800
1503	255.400
10451	255.200
11087	255.200
11811	259.100
2031	261.100
2691	261.200
4083	261.900
967	262.700
4451	262.100
9755	262.500
10051	262.500
6731	263.200
9051	263.900
2315	265.800
3507	265.800
4103	265.100
10327	267.000
999	267.400
3803	267.400
9083	267.500
9871	267.100
10255	267.400
2587	271.000
3743	270.200
4423	271.000
7307	270.500
8307	270.900
11371	270.800
3615	271.400
8175	271.500
12279	271.700
11867	272.300
943	274.700
4975	274.800
12455	274.300
723	275.500
1823	275.100
8491	277.300
9787	277.900
507	278.500
1587	278.300
11695	278.800
12203	279.000
12475	278.200
6375	282.000
10571	281.100
5835	283.800
6687	283.400
7691	283.400
4371	284.800
6895	284.300
7979	284.400
12147	284.600
12459	284.800
6295	286.800
11971	286.300
2203	287.200
8399	287.800
631	288.500
7983	289.000
2763	289.900
5875	290.000
5799	290.900
5851	290.700
6475	290.100
10987	291.000
11375	290.600
5991	291.400
8955	291.100
8027	293.800
8107	294.400
9027	295.800
11983	295.700
3875	296.300
5167	296.900
6307	296.600
8255	296.400
9167	296.300
8755	297.400
11495	297.600
11771	297.300
5315	298.500
11171	298.100
12079	299.500
12423	299.800
9067	300.100
3607	302.000
3835	302.900
8123	302.600
10887	302.300
4835	303.100
9003	305.000
2195	305.800
3683	305.400
6859	305.600
11107	305.600
347	307.600
10483	309.000
1043	309.800
6535	309.400
7927	309.200
10843	309.600
11163	309.200
707	311.600
3651	311.300
8427	313.000
9211	312.600
9427	312.500
2535	313.400
4999	313.800
11003	313.600
11623	315.900
5043	316.100
5223	316.200
6431	316.500
10547	317.000
8687	318.800
10063	320.300
243	321.800
9299	321.900
1671	322.900
3987	323.100
1803	324.400
1983	324.700
5407	324.600
9755	326.700
6695	327.200
7631	327.700
12231	327.600
5771	329.700
6327	329.400
4983	330.100
3095	331.200
3371	331.200
6311	331.900
1139	334.600
7179	334.900
11607	335.000
1035	335.800
1295	335.200
1407	335.700
1603	335.600
5431	335.200
9631	335.600
12311	336.100
159	337.600
11467	339.600
859	341.000
1351	342.600
2531	342.400
3363	342.400
3219	347.000
8167	346.900
10027	349.100
10067	350.600
4491	351.500
7887	351.600
3667	353.100
10307	353.700
4327	354.200
3447	355.700
7751	355.200
10827	355.400
11091	355.300
6999	357.000
2491	357.400
7375	357.200
5107	358.500
7263	358.200
8483	358.300
67	359.100
367	359.600
1531	359.300
3195	359.400
5511	359.900
8423	359.500
3043	360.600
4175	360.600
4339	360.700
6255	360.300
6895	360.100
8107	360.200
10523	360.600
987	362.900
2403	364.900
4131	364.600
5483	364.500
6139	364.700
627	365.700
11191	366.200
6099	367.400
9339	367.600
9831	367.800
10551	367.100
8999	371.000
10255	370.800
10899	371.000
275	371.300
1847	371.600
4867	371.400
9059	371.500
11043	375.400
419	380.000
1991	379.400
1775	380.300
5663	380.400
6847	380.200
9187	380.300
10279	380.500
10711	380.100
1051	383.100
5695	384.500
11307	384.200
9659	387.400
9159	388.400
1383	389.500
3551	389.800
3967	389.900
7067	389.800
7383	389.600
8191	389.300
11079	389.700
4167	390.300
5351	390.400
6983	390.400
7767	390.400
8171	390.300
4775	391.600
9111	393.000
2155	393.400
2875	393.200
3243	393.300
5847	393.600
6063	394.000
8211	393.600
8255	393.300
11823	393.900
4151	394.300
12171	398.200
2079	399.600
8235	399.200
2095	400.800
6079	400.200
135	401.700
4819	401.300
12035	402.500
327	404.500
2687	404.300
2923	405.300
5391	405.400
8135	405.800
11643	405.700
10103	406.100
12007	410.100
7167	411.100
3935	412.800
5887	412.300
4547	414.000
6679	413.800
7383	413.200
7783	413.900
7903	413.300
8771	413.700
8999	413.700
6163	414.400
7119	414.200
8763	414.300
6415	415.500
1643	416.100
3071	416.600
5363	417.700
5955	417.100
1139	418.600
2971	418.600
4047	418.100
8335	418.400
10863	418.600
2451	419.100
3831	421.200
7419	421.400
11339	421.900
1499	422.300
5399	422.500
9343	424.000
4735	424.800
10067	424.800
11863	424.200
11943	424.200
12083	425.000
3399	425.900
10943	426.800
10227	427.300
6615	432.800
3095	433.900
3851	434.800
5375	434.400
10927	434.100
1847	435.500
8467	435.200
10567	436.000
12347	435.400
1475	440.500
3699	441.900
8627	441.500
9371	441.800
867	442.900
1407	442.900
1419	442.100
1887	443.000
11847	442.700
1923	443.600
4231	443.300
9883	445.000
3487	445.800
6471	445.500
2551	446.700
6699	446.100
7563	446.500
8735	446.400
9387	446.600
1879	447.800
9111	447.400
3247	449.000
9711	448.100
3987	449.900
4619	449.600
9167	449.800
9467	449.700
4083	450.100
4371	450.100
6767	450.200
2527	451.600
4267	451.600
5851	451.100
9107	451.500
11435	451.100
5895	455.500
3447	457.000
1547	459.800
5507	460.000
12059	459.700
4451	460.100
5335	460.300
11167	460.300
1531	463.300
8231	464.000
2575	465.600
7099	465.900
4063	466.700
5167	466.700
5995	466.800
11223	466.700
223	467.200
3695	467.300
8915	468.800
11311	468.200
11579	468.500
8683	472.800
10723	472.700
1751	473.800
8999	473.400
2407	475.000
3283	474.200
4535	474.900
7587	474.600
8395	474.800
8955	474.400
755	475.500
1175	475.300
5307	475.500
6979	475.800
6991	480.200
9427	480.600
11919	481.000
12227	480.500
1659	481.200
1819	482.000
10103	481.300
10199	481.200
3263	482.400
11443	484.800
1839	485.500
6723	486.300
11127	487.300
9351	488.900
9671	488.100
3607	489.300
2579	490.600
4863	490.900
7239	490.800
12187	490.700
11227	491.500
11271	491.300
12031	491.100
3675	495.600
4755	497.900
5959	497.500
6639	497.100
7311	497.600
1667	498.500
1723	498.500
6807	498.200
8403	498.600
9339	498.300
10543	498.900
747	499.300
3507	499.600
10495	499.600
7099	503.700
1847	504.300
5719	504.700
11371	504.600
1155	505.800
8555	505.800
1859	506.800
4063	506.800
6787	506.500
8687	506.600
11803	506.100
11819	506.800
2411	511.500
10579	511.900
10807	511.100
7315	513.100
10107	513.800
1671	514.400
4239	515.600
455	518.500
259	519.600
4491	519.500
6307	519.400
11843	519.400
1259	520.500
9075	523.000
2135	524.100
6019	524.100
2823	525.800
10415	525.400
5591	526.300
7307	526.400
4327	527.900
8935	527.700
9299	528.800
10859	529.000
8895	529.200
939	530.600
3127	530.600
9255	530.200
12111	530.400
547	531.300
4871	531.400
6479	531.800
5879	533.700
6343	533.500
7251	533.600
8127	533.800
9103	534.000
9423	533.900
1063	534.100
6583	534.200
11235	535.000
5107	535.500
6023	535.700
7315	535.300
7779	535.300
3591	536.500
1703	537.300
5627	537.600
8239	537.100
3431	538.200
3703	540.000
1571	540.300
715	541.500
3675	541.200
4115	541.700
4239	541.600
4587	541.900
5203	541.100
5363	541.900
9479	541.700
4475	542.500
7931	542.300
10171	542.800
3111	547.000
5467	547.000
8267	547.000
12411	547.000
9075	549.800
811	551.900
8155	551.200
4891	553.700
8903	553.500
1027	555.000
2295	554.700
2539	554.700
4819	554.800
827	555.100
8271	555.400
599	556.700
3699	556.300
5675	556.500
5399	558.800
10551	558.600
11447	558.900
1239	560.700
3579	560.900
11131	560.200
4255	561.400
11723	561.100
2495	563.900
10723	563.100
1303	566.900
1615	568.000
2823	567.200
6007	567.800
6175	567.900
6851	567.300
6239	569.000
6731	568.400
6935	568.100
9571	569.000
12247	568.400
2731	569.300
9695	569.100
1163	573.000
3439	572.300
3783	573.600
3871	573.200
8751	574.000
9747	573.600
8735	574.600
8963	574.100
12311	574.500
7991	575.100
7859	577.600
3815	579.900
1383	580.400
1791	581.000
3219	580.800
9023	580.800
10315	582.000
291	582.700
991	582.500
2055	582.400
2155	582.600
2347	582.600
4379	582.200
4439	582.900
5555	582.900
6023	582.300
6407	582.100
6719	582.300
8307	582.900
9099	582.300
5363	584.600
1671	585.900
6351	585.100
8927	586.000
9595	585.900
103	586.600
1499	586.600
3159	586.300
5831	586.300
1799	587.700
2187	587.200
10371	587.500
267	588.100
8107	588.900
9967	589.100
1423	591.800
15	592.700
6463	592.200
6167	593.600
1311	594.900
5223	594.300
10411	595.400
1759	596.400
2455	597.000
7587	597.300
10367	597.400
3367	598.400
4335	598.300
8147	599.300
5031	600.500
563	602.000
2491	601.500
11935	601.900
755	602.200
3731	603.000
8055	602.600
8627	602.600
9851	602.700
8667	603.700
495	606.000
1603	605.800
6983	605.600
9899	606.000
1495	606.200
9695	606.500
10019	606.900
6811	607.700
5719	608.900
6247	609.800
215	610.100
9159	610.800
9211	610.600
10263	610.800
5315	612.300
9751	612.500
10159	613.900
275	614.500
3899	614.700
575	616.800
3595	616.900
6747	616.400
1235	617.900
3955	617.600
7139	617.500
3851	619.000
7603	618.800
3275	619.400
6207	619.200
5515	620.400
8479	621.200
4115	623.000
4423	622.800
12427	622.400
3235	623.300
4451	623.100
5283	623.200
9323	623.900
11435	623.300
3079	624.200
6007	625.800
8915	625.900
11831	625.700
12423	625.900
9051	626.300
2655	628.000
9191	628.800
11159	628.500
5407	629.100
8299	629.300
8643	629.900
10819	629.300
7159	630.700
7863	630.800
1399	631.100
1119	633.700
2003	633.900
5095	635.300
9199	635.900
5619	636.400
1287	638.000
8047	637.400
2871	638.400
3195	639.600
6451	640.000
8211	639.700
9443	639.400
10551	639.200
2083	640.400
3207	640.400
3299	641.000
3827	640.100
3935	640.400
7163	640.600
767	641.800
10147	641.800
463	642.700
2891	642.700
4075	642.400
6479	642.100
10627	643.600
3915	644.400
5535	644.100
6023	645.000
6555	644.300
9403	644.700
12019	644.700
11447	645.400
5463	646.700
7179	646.100
8603	646.900
8639	646.200
2223	647.800
3099	647.300
8543	647.400
4019	648.300
6631	648.300
7031	649.900
7315	649.800
8711	649.500
9311	649.300
1239	650.300
3759	650.100
5051	650.600
5471	650.200
5523	650.200
6143	650.300
6723	650.700
8979	650.600
10719	650.600
11091	651.000
6991	651.800
5919	655.900
9351	656.000
387	657.000
551	656.900
10927	656.300
3307	661.000
5215	662.300
11475	662.900
11291	663.300
12343	663.700
5059	665.400
9631	665.600
12007	667.500
1899	668.200
6623	668.100
7763	668.400
2743	669.800
7783	669.100
1763	670.800
11815	670.700
9967	672.400
3407	673.700
7615	674.400
10459	674.800
2047	675.700
2903	675.200
4871	675.600
5331	675.700
6483	675.500
8495	675.600
10979	678.000
11935	677.400
1275	678.800
3895	678.700
7227	678.700
8635	679.400
1463	680.800
4415	680.300
5395	680.500
383	681.800
2707	681.500
3655	681.200
675	682.400
2307	682.300
11063	682.500
11259	682.400
1543	683.300
7815	687.000
3699	687.200
12399	687.400
5383	689.000
5399	689.000
1107	690.000
1887	689.400
2195	690.000
2275	689.100
7607	689.500
8255	690.000
439	690.300
1051	690.400
3759	690.300
6759	690.200
6959	690.100
7943	690.800
8395	690.100
9587	690.300
10603	690.200
7919	694.000
1223	696.700
9695	697.400
11443	697.400
5611	698.400
6251	698.300
2455	700.900
4471	701.700
5159	701.900
5631	701.900
12183	701.700
911	702.300
10111	702.100
11971	704.000
8047	705.500
8555	705.500
12007	706.800
11587	708.800
3199	709.200
6103	709.900
5799	710.400
7435	710.600
1959	712.000
3859	712.000
9079	712.900
11003	712.400
5391	714.000
1407	714.700
11939	714.200
7691	717.800
9951	717.100
5979	718.400
10751	718.500
6475	719.900
6687	719.100
12083	720.300
1171	721.500
5999	721.600
11827	721.500
5959	722.100
11775	726.700
6899	728.200
8039	728.800
2203	729.800
5351	730.000
7455	729.200
7783	729.500
9459	730.000
12187	729.700
1855	730.200
3455	730.400
7863	731.000
11899	730.200
3239	731.100
7815	731.400
2539	732.700
5459	732.600
1859	733.900
3199	733.800
12031	733.100
1635	734.400
8443	734.200
8495	734.100
159	735.700
823	737.900
2915	738.800
3403	738.800
3847	738.500
7067	738.400
8207	738.500
9123	738.600
1235	739.500
2875	739.400
6331	740.000
6411	739.500
7483	739.600
367	741.200
631	742.500
6099	743.000
715	743.500
5719	743.300
6131	743.500
11347	743.500
12039	743.500
347	744.800
607	744.300
1667	744.300
2811	744.500
11303	744.100
9751	750.500
3071	752.700
4479	752.500
5331	752.600
8711	752.900
4191	753.500
4083	754.900
8011	754.300
10075	754.700
7103	755.400
11355	755.800
6963	757.300
315	758.700
4691	758.200
5483	758.300
7419	758.900
9571	758.400
3283	759.800
7263	759.800
5711	760.100
11339	760.100
4715	762.900
8895	763.900
1283	764.300
11455	764.700
695	765.600
5771	765.100
8143	765.400
10311	765.500
3443	767.000
5719	766.500
5955	767.000
4911	768.500
8107	769.700
12007	770.000
2375	770.700
5195	770.400
5899	770.900
8155	771.000
9207	770.800
3651	771.900
9311	771.500
11303	771.400
6803	773.000
7035	772.100
10119	772.700
3095	774.200
6007	775.500
11091	775.500
911	776.100
1407	777.300
2491	779.400
12407	783.400
6431	786.300
1839	787.200
11551	787.500
12395	787.700
1423	789.200
2667	790.600
4335	790.300
6191	790.900
7615	790.100
9907	790.100
10807	790.800
6983	792.000
9119	791.100
9467	791.200
9599	791.500
11855	791.400
12243	791.100
2339	792.700
3591	792.700
8363	792.200
8395	792.100
10047	792.700
11743	792.500
7811	793.100
2075	798.400
8915	799.600
10651	799.700
3911	801.800
4159	801.900
11355	801.500
11611	801.900
4607	802.400
6131	802.900
10723	802.800
3879	805.400
4595	805.800
10135	805.300
5075	806.400
11391	806.700
4539	808.700
2599	809.900
7971	809.400
11991	809.400
6807	810.200
11731	810.500
6475	811.500
7103	812.600
2403	814.000
5459	813.600
10579	813.500
5683	814.800
9747	814.100
291	815.300
6955	815.100
7587	815.100
11755	815.300
3283	817.800
5339	818.000
507	818.500
3403	818.300
5147	818.600
7855	819.000
9851	818.700
1435	819.700
3191	819.500
7755	819.100
10099	819.800
1863	820.300
7159	820.400
10199	820.100
11171	820.200
11867	820.100
7035	824.600
12175	824.900
4043	827.500
8855	827.600
1595	828.900
5399	828.300
10419	828.600
7371	829.100
6691	831.600
6899	831.700
1303	833.400
3579	833.200
10651	833.500
2623	836.300
8927	837.000
1467	837.900
7455	837.900
2187	838.300
2683	838.900
10471	838.100
571	840.600
5375	840.700
3775	842.000
8571	841.700
10795	841.700
2099	842.700
11447	843.000
4843	843.600
8543	844.000
10255	843.400
11343	843.900
6727	844.800
8415	844.800
12243	844.100
9059	845.500
1811	846.800
3759	847.000
10731	846.400
1195	848.700
8999	850.500
10799	850.100
575	851.700
695	851.600
1879	851.300
3455	852.300
4447	853.000
10459	852.100
9355	854.000
2307	854.400
2547	855.000
8495	854.900
8687	854.300
11275	854.600
2311	856.000
4511	855.600
7135	855.200
11607	855.700
11991	855.100
4819	858.700
8147	858.600
4591	859.900
6871	859.700
9083	859.800
1311	860.900
2751	860.200
5159	860.800
7799	861.000
935	861.300
1419	861.800
1503	861.900
7579	861.300
9111	861.200
10403	861.700
10615	861.200
10979	861.500
7991	862.100
5391	863.100
1403	866.500
1723	866.700
5771	867.000
5875	867.000
10159	866.900
631	868.000
3899	867.100
4287	867.300
8811	867.800
9011	867.900
9779	867.400
11119	867.100
7271	868.300
5147	871.900
7439	871.600
2847	873.500
5663	874.600
7583	874.100
3939	875.100
667	877.300
1427	877.800
5743	877.400
8843	878.000
11479	877.400
6479	879.700
663	880.900
11107	880.600
243	881.900
1567	881.700
3687	881.500
1107	882.900
1779	882.600
5011	882.900
227	883.600
747	884.000
5059	883.600
11507	883.200
943	885.000
7751	885.400
7903	885.600
8999	885.800
2039	886.700
5187	886.700
6367	887.000
3035	887.100
10135	887.100
1819	889.900
1851	889.700
6031	889.200
6343	889.800
2843	891.000
6119	890.800
10563	890.200
11763	890.600
11031	892.300
1643	893.200
10675	895.800
3987	896.400
8887	896.500
6251	898.600
135	899.400
8367	899.300
259	900.100
4903	900.500
9359	900.600
3907	901.200
10499	901.500
10859	901.200
1619	902.700
9019	902.300
11167	902.400
10227	906.700
1975	907.500
5327	907.300
11275	907.200
1179	909.600
9311	910.300
9751	910.900
12483	910.400
6171	912.800
7083	912.900
7247	912.100
9679	912.900
10611	913.000
11851	912.700
2235	913.100
5747	913.100
1527	916.300
10651	916.200
12247	916.400
991	920.700
4835	920.200
6899	920.600
1823	921.600
8027	922.700
8127	923.000
9619	922.700
10903	922.400
6867	923.900
2403	924.900
9027	925.000
10839	924.900
4403	925.300
8735	925.800
10311	925.300
10887	925.300
2099	927.800
5147	929.000
1083	929.200
1399	929.600
2623	929.300
10235	929.200
2607	931.700
7011	932.600
8459	932.900
10791	932.500
12375	932.900
2311	935.200
9647	940.400
11927	941.000
5695	941.600
31	942.200
2455	943.000
1887	943.200
2871	943.200
2667	944.200
5815	944.900
403	946.600
751	947.000
1695	946.100
3903	946.300
6975	946.700
8671	946.900
10819	946.400
12147	946.400
195	947.100
8687	947.200
11935	947.300
7515	948.700
9571	948.100
10031	948.900
10627	948.100
12195	949.400
8195	951.200
291	952.700
6991	952.300
9631	953.000
2791	953.100
2687	956.100
1043	958.000
3667	957.700
5747	958.000
5299	958.300
6335	959.900
11751	960.100
6799	961.400
5251	962.100
5991	962.100
7907	962.400
8123	962.100
599	963.400
3363	963.400
11075	963.800
3407	964.500
5583	964.300
11819	964.700
2859	965.600
8147	965.400
999	966.800
3287	967.000
3595	966.200
7715	966.300
9807	966.600
12015	966.200
3803	967.100
7931	967.200
3359	968.600
5995	968.600
7063	969.500
8099	971.000
939	971.300
4879	971.700
12327	971.500
3599	972.300
4003	972.100
6167	972.100
5919	973.700
5955	973.600
515	974.500
1159	974.200
1419	974.300
11227	974.600
11455	974.700
12411	975.000
4267	975.500
4443	975.400
7171	975.200
10683	975.500
3703	977.800
2635	978.700
3023	978.600
2003	979.900
7483	979.600
8687	979.400
9851	979.500
1635	980.900
3043	980.300
4871	980.900
6539	980.700
6727	981.000
7507	980.700
9903	981.000
267	981.200
419	981.200
1295	981.300
3627	981.300
5419	981.300
6531	981.100
9883	981.200
10079	981.100
10231	987.000
11919	986.100
1323	987.200
1455	989.200
1567	989.300
3147	989.400
6019	990.600
7159	990.300
8119	990.200
11387	990.300
4755	993.700
10171	993.300
179	997.000
2095	996.700
3127	996.600
7135	996.300
1535	997.900
4619	997.300
8815	997.300
5371	998.900
6251	999.000
6871	998.500
7647	998.700
10959	998.100
755	999.600
5051	1000.000
9371	999.200
