# NEST version: 3.6.0
# RecordingBackendASCII version: 2
sender	time_ms
12086	157.400
762	160.100
4342	160.700
6426	160.300
4234	161.100
11578	161.500
1122	162.300
4882	162.300
5086	162.200
730	164.800
7794	164.500
9602	164.400
10510	164.900
318	165.800
3890	165.400
5170	165.600
5798	165.100
8022	165.900
11006	165.600
3674	166.900
3914	167.600
10262	167.800
4182	168.800
6330	168.300
8234	168.500
11510	168.600
11854	168.900
1694	171.100
726	173.000
782	174.400
8202	175.200
2722	178.200
6218	178.500
7102	178.600
7402	178.800
4002	179.200
4886	179.300
6094	179.100
8566	179.700
10626	179.500
10670	180.200
11226	180.200
10038	182.900
1714	183.600
1274	185.300
6318	185.700
3310	186.900
3658	186.700
3790	186.400
6098	186.800
7698	186.400
12106	187.000
3194	187.500
3370	187.400
7118	187.200
11998	187.100
3282	188.500
3230	190.600
3330	191.800
5694	192.000
310	192.200
6938	192.900
10598	192.100
10934	192.500
11934	192.600
1582	193.600
6150	193.600
9182	193.200
9562	193.400
1518	194.500
10290	194.800
330	195.400
1514	195.700
598	196.500
3354	196.300
8166	196.100
34	198.000
4294	197.100
9954	197.100
10194	199.100
11734	199.400
12206	199.700
12494	200.400
9530	201.100
4058	203.800
3186	204.800
6510	204.500
8038	205.000
2130	206.900
10142	207.600
1130	209.900
2734	209.300
3718	209.800
3758	209.900
10382	210.000
94	210.500
2566	210.100
9554	211.000
258	211.100
386	211.900
422	212.000
2622	211.400
4194	211.800
10666	211.600
4282	215.300
8658	215.600
11986	215.400
8366	218.700
10214	218.900
4310	219.100
9074	219.900
11678	219.500
5858	222.700
5222	223.300
5790	223.100
10314	224.600
286	226.000
3522	225.700
3922	225.200
418	226.900
9202	226.100
5310	228.100
8222	230.000
6842	230.500
10402	230.200
4102	231.700
11562	231.800
4098	232.200
5506	232.700
7202	232.100
10642	232.700
7094	233.300
7134	234.500
7874	236.800
3682	239.600
1618	240.100
4278	240.500
4590	241.400
5434	243.000
9558	243.700
5010	245.000
12294	244.500
3298	245.200
3458	245.700
5338	245.100
10702	245.300
10418	246.600
11762	249.300
1842	250.100
2314	250.200
3338	250.100
3738	250.200
4690	250.200
6730	250.300
9090	250.400
9494	250.300
1358	251.300
3282	251.300
7666	251.300
7806	251.200
7882	251.400
8406	251.300
8494	251.400
11982	251.600
5870	252.300
9886	252.400
9398	253.400
12130	257.000
2846	257.200
10586	257.400
6722	259.300
7174	259.700
10654	260.600
7430	261.300
11650	262.200
1590	263.800
5862	263.800
9330	263.800
8730	264.800
10514	264.300
6238	267.000
8850	266.900
4122	267.700
5378	267.400
8802	267.700
11034	267.900
11298	268.000
3434	268.700
5618	268.100
6590	269.900
7970	269.400
6306	271.000
9666	270.400
11098	270.200
5230	271.600
7318	272.000
6898	272.900
9238	272.200
7578	273.100
10570	273.500
12378	273.300
1430	274.200
3822	274.100
7690	274.900
11718	274.900
4278	275.400
11754	275.800
2582	276.700
6650	276.600
6678	277.000
6034	277.500
9342	277.400
9386	277.600
4534	278.300
5794	278.300
10418	278.500
6826	281.600
7994	282.500
9650	283.600
10938	283.600
1594	285.000
11694	284.900
11730	284.500
11078	285.100
5206	286.500
7810	286.600
6686	288.100
6910	288.900
8906	288.700
746	289.100
966	289.900
1870	289.600
2258	289.800
3134	289.700
6190	289.600
8942	289.700
9706	289.100
9966	289.800
10882	289.900
1134	290.700
2294	290.100
6794	290.900
7402	290.200
8198	291.600
5438	292.300
10646	292.600
1238	293.300
5530	293.300
5982	293.500
7202	293.400
9634	293.900
822	295.000
7674	294.900
7842	294.400
9338	294.600
11482	294.200
12418	294.500
7922	296.800
11826	297.700
7454	298.800
8854	298.200
6758	299.400
9446	300.000
1986	300.600
5490	302.900
5974	302.400
158	303.600
6198	304.100
6	305.300
2546	305.100
7998	305.600
10114	306.700
642	308.000
1126	308.900
4246	308.200
4410	308.400
6882	308.800
7814	308.400
594	309.400
8758	310.000
9802	309.800
10770	310.000
11106	309.500
6290	310.200
7610	311.000
4338	312.800
494	314.400
2822	314.800
11402	314.600
4686	315.400
7598	315.500
210	316.300
4302	319.900
6326	319.700
6906	319.800
7078	319.600
4754	320.200
9002	321.000
9998	321.500
10106	321.700
454	322.100
830	322.600
7346	322.500
8202	322.600
8966	322.100
11486	323.000
4650	323.800
9954	323.900
10266	323.500
74	325.000
2158	324.100
2966	326.800
8486	327.800
170	328.800
2434	328.900
10902	328.200
4910	329.100
9638	329.300
12134	329.500
4698	330.300
5938	330.100
11378	330.900
11654	330.100
9450	331.700
430	332.800
10142	332.600
11382	332.500
3674	333.400
9882	334.000
11818	333.100
4738	334.500
3006	336.300
5494	337.300
11218	337.900
9910	339.000
2678	340.100
10130	340.100
7150	341.500
7966	341.500
2458	343.000
3066	342.700
3386	342.700
10406	342.500
1302	343.700
4978	343.200
7394	343.700
8658	343.300
1106	344.300
3374	344.800
4582	344.200
8722	344.900
9982	344.800
10478	344.900
5350	345.500
7430	345.700
12150	345.600
534	346.500
7178	346.300
7458	347.600
8302	347.100
8574	349.200
282	350.800
1734	350.800
3778	350.800
7142	350.800
7986	350.100
706	351.800
5358	353.600
5414	353.700
10726	353.900
822	354.800
8750	356.000
5874	356.400
1394	357.300
3262	357.900
4198	357.800
1298	358.100
2102	358.300
3530	358.800
5034	358.400
5938	358.800
6402	358.400
7730	358.400
9286	358.400
9518	358.300
11086	358.700
4134	359.900
8166	359.100
8982	359.700
7718	362.000
1366	362.700
3110	362.600
3714	362.700
4554	363.000
4766	362.900
11058	362.300
2290	363.200
4690	363.800
8322	364.000
8522	363.200
9186	363.700
10450	363.600
2230	364.600
5326	364.800
5362	364.500
10238	364.200
11118	364.500
3486	365.100
6890	365.600
8870	365.100
9610	368.000
9534	368.500
5670	369.900
12446	369.900
5690	370.600
8614	370.400
9590	370.300
6658	373.000
2310	373.300
10950	373.500
5186	374.700
8398	374.100
9490	374.200
12494	374.300
4546	376.000
2042	376.600
5706	376.900
5366	377.300
10102	377.700
10822	377.100
942	378.300
1822	378.600
2958	380.000
8082	380.000
10766	379.900
9466	380.100
11698	380.900
3462	381.400
2206	386.000
5746	385.900
9630	385.200
58	387.000
1942	386.900
6250	386.800
11438	387.000
1402	388.200
822	389.600
4410	389.700
7970	389.900
6758	391.900
3562	392.900
10850	392.900
2810	393.600
3106	394.500
4262	394.600
1582	395.400
2910	395.500
6446	396.000
6678	395.200
7374	395.400
8858	395.600
10058	395.200
962	396.400
2738	396.100
3274	398.800
4962	398.700
5710	398.300
4642	399.800
4858	403.300
9018	404.900
9690	405.000
2470	405.300
4754	405.900
8950	405.400
10446	405.300
10806	405.600
106	406.700
2606	406.900
2746	406.200
9374	406.900
11358	406.500
506	407.200
5874	407.800
8634	414.000
8978	413.100
6158	414.200
7258	415.000
8566	414.700
422	415.600
4390	415.600
7298	415.500
8286	415.600
10898	415.400
2490	416.300
3282	416.900
5946	416.300
9402	417.000
11826	417.900
3318	418.800
8146	418.800
10666	418.400
6810	419.600
230	420.400
5266	420.700
7422	420.400
1330	421.600
5318	421.600
10950	421.700
11282	421.300
3634	422.400
6694	423.700
10018	423.400
11946	423.600
12442	423.600
9078	424.100
5094	428.600
1746	429.900
2074	429.200
602	430.200
3942	430.800
4554	431.000
6358	430.400
7534	430.700
8066	430.300
9002	430.700
11830	430.700
4230	431.200
774	432.500
2070	432.800
4198	432.300
8614	432.800
6402	433.500
10058	433.100
10626	433.900
10002	434.300
2438	435.200
454	436.500
1994	438.500
1382	439.100
10254	439.400
10294	439.100
2294	440.500
5994	440.800
4878	442.000
10134	442.500
7482	446.600
8170	446.400
3126	448.400
6230	448.200
11010	448.800
11202	448.200
12470	448.300
442	449.900
6574	451.300
4950	452.100
5706	452.100
10998	452.700
1990	453.300
2150	453.500
4406	453.800
5214	453.900
6482	453.500
8486	453.600
9582	453.500
4246	454.300
5434	454.300
6522	455.000
3734	456.000
12278	455.200
8750	457.000
9522	457.400
4274	458.200
4394	458.900
6390	458.100
11474	458.300
4774	459.700
6026	460.300
9426	460.800
2078	461.400
2878	461.800
7702	461.800
7846	461.900
9066	461.100
342	462.100
738	462.800
894	462.900
4814	462.900
6982	462.300
8074	462.700
9110	462.200
10302	462.200
10510	462.100
1054	463.100
1726	463.100
94	464.300
1774	465.000
2418	464.900
6630	466.000
3078	466.200
5218	467.500
5954	467.100
6798	467.100
7642	467.300
2398	468.600
7934	468.700
2950	470.200
3758	470.500
10338	470.200
7234	471.100
2894	473.000
3778	472.600
3822	472.200
2462	473.300
1714	474.400
4042	474.200
5286	474.200
5722	474.900
5746	474.200
10242	474.200
11370	474.600
11778	475.000
7718	475.800
12238	476.000
4582	479.300
2778	480.200
10594	480.900
8714	481.300
11962	481.100
5290	482.200
6610	483.000
9214	482.200
2214	484.000
4478	484.000
8778	484.000
11310	483.800
12098	483.600
2394	484.500
3290	484.200
6414	484.200
8898	485.000
9114	484.800
10694	484.900
10938	484.600
3182	485.400
6334	485.200
7510	485.100
11218	487.300
11382	487.200
1298	489.900
1074	490.100
3650	490.200
1158	492.100
4562	492.400
11414	494.000
542	494.700
10618	494.500
12166	495.700
10534	499.000
2578	499.600
2442	500.300
2726	500.100
3790	501.000
4706	501.000
7738	500.700
10250	500.700
8418	501.800
1742	502.900
8586	502.700
594	503.900
2018	503.500
4722	504.000
5186	503.700
5874	503.700
9050	503.200
11410	503.800
2970	504.500
3230	504.400
3598	504.200
7846	504.200
11930	505.100
3318	508.400
10266	510.900
6510	511.500
7654	511.200
9218	512.600
4218	513.500
9778	513.500
11298	514.300
546	516.300
2226	516.500
8854	516.700
7250	517.900
3770	518.900
1030	519.400
7562	519.300
12318	519.300
1254	520.200
1558	520.200
8262	520.800
930	523.700
4302	524.000
7994	523.200
2210	524.300
6686	524.600
678	525.100
2438	525.600
3358	525.600
3362	525.200
10490	525.900
10670	525.500
7018	526.200
12438	526.100
454	528.600
2902	530.200
5090	531.000
12306	530.800
230	532.100
11954	532.500
2262	533.100
7214	533.400
9494	533.100
9890	533.100
8266	535.000
310	535.400
8590	535.300
1714	536.600
9918	536.800
11202	536.500
3806	539.000
5238	538.100
162	539.400
5030	539.900
5246	540.200
8942	540.700
9046	540.500
1730	541.300
3214	541.300
8414	541.500
8774	541.400
8670	542.500
8270	544.000
2350	544.900
4694	545.000
6770	545.000
130	545.200
238	545.100
2530	545.900
2906	545.400
5318	545.800
5526	545.900
6606	545.200
7190	545.700
9970	545.700
10394	545.800
11610	545.200
12106	545.900
970	546.500
2270	546.800
2602	546.100
4650	546.700
4790	546.600
5022	546.400
9842	546.200
10886	546.600
11922	546.100
5450	547.600
6306	549.000
622	551.600
234	552.300
1906	552.900
5774	552.400
7970	552.200
10118	553.000
5966	553.500
6506	554.000
8550	553.500
9286	553.600
10594	553.800
2030	554.100
5618	555.800
6110	558.300
4298	559.800
1138	561.400
4702	561.800
6310	562.600
9786	563.600
11910	563.400
8702	565.200
3034	566.100
4978	566.600
1190	569.000
1734	569.600
12198	569.300
5446	575.100
3786	576.300
7238	577.000
2902	577.800
11754	578.000
2774	578.300
4758	578.900
5726	579.600
11822	580.700
450	581.300
10306	581.300
1706	583.000
4938	582.600
7102	583.600
9362	583.900
12270	583.900
10134	584.100
698	587.000
1106	587.700
4942	587.500
1306	589.000
2218	588.800
8958	588.700
10186	589.000
2518	589.300
4898	589.400
3630	590.200
4586	592.000
3054	592.800
4994	592.700
434	593.100
9522	593.700
10734	593.900
682	594.700
2766	596.400
7334	596.100
8122	596.600
2546	597.100
4138	599.000
990	600.200
9338	600.600
7370	604.000
1746	604.600
3570	604.900
3862	604.900
1582	605.100
8542	607.000
10266	606.700
7006	607.300
11418	607.300
9014	608.800
2286	611.000
10154	610.300
10378	610.400
8606	614.200
11846	615.000
4130	615.500
8082	615.200
12446	615.300
5018	617.000
7074	616.100
5378	618.700
3358	619.800
10722	619.800
11202	620.000
6778	620.600
8034	620.200
8046	620.200
9746	620.500
3974	623.400
9246	623.200
4418	624.200
6694	624.300
6802	624.400
5914	625.300
8346	625.100
8950	625.100
10082	627.000
54	627.400
9054	627.900
1610	629.000
8686	629.700
11106	629.700
11690	629.500
7258	630.100
7810	630.200
742	632.700
10270	632.800
10506	633.600
4306	634.700
11754	635.600
4398	636.800
4514	637.500
26	638.900
2190	638.100
6430	639.000
6826	638.100
7646	638.500
7998	638.500
9574	639.000
4694	639.800
5810	639.900
426	641.000
2494	640.400
3894	640.600
4138	640.900
10394	640.900
11858	640.700
11946	640.200
11574	641.100
1162	642.400
1398	643.800
946	644.300
7614	646.800
10802	646.300
782	648.000
894	647.600
10806	647.400
12158	647.400
5754	648.100
8302	648.300
1718	649.100
8902	649.900
12494	650.500
5738	651.400
5274	652.500
2794	654.600
11962	655.600
618	656.400
3682	656.600
10206	658.000
998	660.400
3298	660.600
1906	663.700
6942	664.800
7138	664.900
874	665.500
3022	665.200
12366	665.500
766	666.900
6450	667.000
454	668.000
2558	667.800
5594	667.300
7458	667.400
8766	667.400
11830	667.300
8826	669.500
10334	670.200
12242	671.900
12470	673.300
2186	674.200
538	678.000
6718	677.600
846	678.900
1046	679.000
2022	678.800
6050	678.800
838	679.400
10458	679.200
414	680.900
4750	680.800
7970	681.300
1722	682.800
4322	682.800
5150	682.400
6990	683.000
8222	682.100
8510	682.900
3206	683.200
6538	683.200
11806	683.200
9966	687.800
2762	688.500
5990	688.900
8266	688.900
9258	688.400
8846	689.900
11930	689.400
2470	690.300
126	691.100
1726	691.200
194	692.900
12050	692.300
4930	693.400
4994	693.500
9522	693.900
10914	694.000
11986	694.000
10254	694.500
6762	698.400
8966	699.200
9666	699.400
1494	700.800
4190	700.100
2638	701.600
8514	701.800
5826	702.300
638	703.100
3642	704.000
7142	703.600
8614	703.400
4290	705.000
4582	704.900
4710	705.000
4926	704.100
8978	704.400
9678	704.600
10730	704.100
11978	704.900
3886	708.000
7770	707.800
9422	707.400
10398	707.200
11926	708.000
11774	708.800
658	710.200
7266	711.500
12170	711.800
6094	712.700
1802	713.400
4670	713.900
11634	714.100
4466	715.800
5858	716.900
2034	717.400
4798	717.800
5306	717.100
10958	717.300
446	718.400
1742	719.600
322	720.200
8066	720.700
4070	721.500
10370	722.000
218	722.800
7078	722.800
7538	722.400
7630	722.300
8930	722.500
1790	723.800
2482	723.800
2946	723.800
11766	723.500
3902	724.700
5426	725.300
8270	727.000
2534	727.200
2810	728.700
2910	728.100
6802	728.600
8370	728.700
8438	728.400
11150	729.000
4870	729.800
12438	729.100
6810	732.800
10250	733.800
11958	733.200
3366	738.200
3802	738.100
7990	738.200
9582	738.400
11314	738.800
10838	739.800
8622	740.600
8734	740.600
9614	740.200
114	742.200
1882	742.100
3690	742.400
4126	742.100
4898	742.700
5954	742.100
10986	742.200
198	743.500
5946	743.100
11434	744.000
1770	744.400
5270	744.800
11138	744.600
12286	744.200
1338	745.500
7826	745.100
9906	745.100
11486	745.200
4550	746.300
6258	746.100
11310	747.000
1254	749.000
10550	748.800
12358	749.000
1866	751.200
3194	752.300
4262	753.200
4514	753.500
6722	753.200
8406	753.100
1606	754.700
4462	754.800
4670	754.300
10858	754.500
9926	756.800
12054	757.500
7650	758.300
1466	759.900
9238	759.500
10446	759.300
12362	759.800
4690	760.500
6726	760.500
6686	761.200
11838	762.300
2214	763.700
11610	764.700
1298	767.000
4010	766.400
9138	768.900
1946	769.900
11450	769.200
2234	771.600
12458	771.600
11670	773.800
7442	774.300
11222	775.800
794	776.300
11358	776.100
3470	778.000
2058	779.900
8446	779.600
12038	779.200
2386	780.900
6926	780.700
8226	780.600
9818	780.500
10110	781.500
10678	782.000
1746	782.900
6442	782.100
7838	782.500
10170	782.300
10698	782.700
11298	782.200
10034	787.900
842	789.200
2314	790.000
6962	790.200
9222	790.500
7098	791.800
10122	791.500
1854	792.200
4258	795.000
9178	794.600
2294	795.400
2870	795.400
5454	795.300
1582	796.100
9082	796.600
7982	802.600
7078	803.800
11650	804.000
3758	804.200
5822	804.600
1790	805.700
9350	806.000
12174	805.800
9782	806.400
12214	806.200
4958	808.300
10066	808.300
8030	809.200
26	811.800
5374	812.300
594	813.800
3110	813.700
7710	813.200
1346	814.200
7518	816.000
982	816.500
3426	816.600
3750	816.600
9682	816.100
10718	816.400
11562	816.600
11846	816.500
1574	817.800
2218	817.300
7138	817.200
10874	817.500
7742	818.200
10534	819.300
3574	821.500
9794	826.700
11842	828.700
6286	829.200
7402	829.800
12262	829.600
9726	833.600
162	834.200
4466	834.200
438	835.500
550	835.400
6606	835.200
4918	836.900
6142	836.600
11654	836.800
5458	837.700
5722	837.800
8322	837.100
9374	842.000
9994	841.300
1638	842.900
5946	842.600
8490	842.100
10294	842.500
2102	845.300
4526	845.300
1430	846.800
2418	846.600
3594	846.300
3762	846.900
8650	846.600
8818	847.000
10094	846.900
10658	846.900
11270	846.400
370	847.800
510	847.100
2518	847.200
3078	847.100
4290	847.100
7974	847.800
8450	847.400
10086	847.800
10618	847.500
11438	847.600
11778	847.200
12026	847.400
346	850.700
7834	851.400
8306	853.000
12374	852.900
4030	853.400
11830	853.300
190	858.200
4602	859.900
7466	859.900
5186	860.700
5426	860.500
12142	860.900
3954	861.500
5182	861.100
9026	863.000
5074	864.400
8246	864.100
442	865.500
7082	865.400
9146	866.800
6014	867.600
8186	867.700
8230	867.100
10462	867.300
574	868.200
1910	870.800
11530	871.000
7810	871.400
10258	871.800
12006	871.200
1674	877.000
54	877.700
326	877.800
1610	877.900
8474	877.600
1178	878.500
1718	878.200
4814	878.100
5382	878.800
7802	879.000
9710	879.200
2330	880.300
4746	880.200
5502	881.000
7870	880.800
2838	881.100
1710	882.400
4674	883.000
12034	882.400
8754	883.300
7254	884.500
1398	885.600
10370	885.600
3430	886.500
7326	886.400
8434	886.200
2850	887.200
7178	887.100
5226	888.100
1562	889.800
42	890.800
210	891.800
3686	891.500
5450	891.600
2406	892.400
3494	892.300
3922	892.500
4086	892.600
4482	892.900
7490	892.800
310	893.200
11546	894.200
3386	896.800
12114	897.400
8882	898.300
11258	898.500
3506	900.600
7722	901.000
11650	900.200
4202	901.500
6546	902.000
6654	901.400
11142	901.900
1818	902.100
9370	902.500
6122	905.100
2362	907.700
7266	908.100
4194	909.700
3150	910.800
4210	910.500
4562	910.700
8002	910.800
3226	911.700
6770	911.900
7074	912.000
10530	911.100
11306	911.800
11762	911.300
11942	911.400
10018	912.200
3086	913.600
622	916.600
9422	916.500
970	917.400
5470	917.500
12146	917.500
4854	920.200
6262	921.500
9838	921.200
10086	921.800
6662	924.300
7294	924.100
4258	926.500
7358	926.700
2230	927.800
3666	927.900
4218	927.600
10030	928.000
3318	928.400
3946	928.300
38	929.100
962	929.800
1102	929.400
2486	930.000
5206	930.000
5274	929.200
8582	929.600
10298	929.100
11330	929.200
4582	930.900
4742	930.500
6658	932.200
8994	933.800
3194	934.600
8102	934.700
11622	934.800
782	935.200
2334	935.800
4566	935.600
9678	935.600
1366	938.300
7998	938.800
406	940.400
4794	942.700
11438	942.600
6222	943.400
6762	943.300
10426	943.100
7122	945.300
2850	947.000
6582	947.000
6802	947.000
3658	947.500
1082	948.800
1294	950.100
12438	952.200
11218	953.200
3046	954.400
7362	955.400
9818	955.200
5334	956.200
11382	956.200
9650	957.800
10190	960.700
4994	961.500
5634	961.900
6386	961.800
4534	962.800
2554	964.500
3610	964.700
6418	964.400
6534	964.400
11442	964.200
1510	965.300
5454	965.100
354	966.900
2374	966.700
2498	966.100
5358	966.300
6810	966.700
6814	966.900
11334	966.200
12270	966.200
12406	966.100
9054	968.000
6118	969.800
1598	970.600
9798	970.400
822	971.900
5766	971.800
9606	971.900
10918	971.900
11698	971.500
2426	972.200
2490	973.800
9738	973.500
10546	973.500
490	974.500
1342	974.400
1370	974.100
7342	974.800
7614	974.300
9082	974.700
602	975.200
3794	975.800
5110	975.500
7954	975.800
1710	976.500
5150	976.800
9582	976.400
10794	976.900
12262	977.400
3514	981.200
6630	981.100
690	982.800
834	982.200
3282	982.700
5582	982.700
5750	982.400
8686	982.700
9190	982.600
9306	982.300
3074	983.500
4310	983.800
4702	983.800
4770	984.000
8446	983.800
9186	983.600
11282	983.700
1014	984.500
6042	984.100
8114	984.300
8758	984.300
9478	984.800
11930	986.600
4474	988.000
4742	987.200
9958	988.300
1150	990.200
1006	993.000
1786	992.200
4758	993.000
6342	993.000
6486	992.500
486	993.100
2262	993.700
3658	993.800
10630	993.700
7546	994.600
12126	994.600
3966	996.700
10570	996.200
4402	998.900
5666	998.700
5038	999.300
