# NEST version: 3.6.0
# RecordingBackendASCII version: 2
sender	time_ms
142	158.200
8670	158.500
2830	159.500
4630	159.100
4726	159.100
5170	159.700
9154	159.800
714	160.700
1222	160.900
10226	160.500
11466	160.800
2102	161.400
4914	163.100
7038	163.400
11730	163.800
102	164.200
6570	164.700
7370	164.200
8894	164.700
10506	165.000
618	165.500
2550	166.000
4826	166.000
4854	165.500
6358	165.800
9834	165.100
10778	165.700
12354	165.100
526	166.600
1102	166.600
3886	166.900
2510	167.700
7786	167.700
6574	169.400
8938	171.000
2526	172.000
5290	171.900
8362	172.000
11818	172.000
8454	172.400
8210	174.400
7430	175.900
206	177.800
11082	177.700
11670	177.300
1742	178.600
6714	178.200
7770	178.400
534	180.800
3222	180.900
4874	181.400
5858	181.200
6462	181.900
12166	181.900
6270	182.600
9914	182.400
1954	183.800
3426	184.500
11610	184.500
7138	185.400
7670	185.800
9642	185.900
4722	186.800
10198	186.500
1194	189.100
4858	190.900
1978	191.300
9358	191.800
10834	191.800
9502	192.100
10898	192.800
12374	192.100
1054	193.200
10726	193.100
934	195.400
7158	195.200
6514	197.000
3070	197.300
4402	198.000
7610	198.000
6162	198.600
7066	198.600
3266	199.400
5794	199.600
9126	200.400
12102	200.100
10654	202.900
3186	204.000
7446	204.000
10406	203.200
10214	205.800
470	208.400
3322	208.800
758	209.200
4306	209.200
4866	209.100
6558	209.700
9930	209.900
3514	210.300
12258	210.100
630	211.400
702	211.800
722	213.700
666	214.900
2442	214.800
4786	215.100
4654	216.500
5558	216.900
11750	216.400
11834	216.300
12086	218.400
4358	219.500
8270	219.400
418	221.100
4430	221.700
8514	223.400
8266	224.100
5158	225.400
8182	225.900
1498	227.000
6122	227.800
11134	227.900
11146	228.000
4066	231.100
6142	231.800
8230	232.700
10462	233.000
7010	233.100
1066	234.100
6810	234.900
11950	235.900
2570	237.300
1362	238.200
1682	238.500
3334	239.400
4662	240.000
7050	239.700
7590	239.900
8898	239.200
718	240.300
4982	240.600
7270	240.100
10386	240.700
10854	240.400
12282	240.300
5826	243.100
3346	245.800
5526	245.900
7298	247.700
10566	249.400
6842	253.000
10042	252.100
11962	253.700
686	256.400
5562	256.900
994	257.300
3834	258.000
9354	257.100
250	258.800
1850	258.600
6054	258.900
6522	258.400
266	259.700
3926	259.500
6122	259.800
6518	259.100
6554	259.800
7674	259.900
8326	259.600
9118	259.800
10582	260.000
10950	259.800
11770	259.400
970	260.800
6566	260.100
11766	260.600
6586	263.100
9494	263.200
12214	265.000
3826	266.900
12098	266.200
3550	267.600
7006	267.100
7238	268.000
9330	268.000
11278	267.200
5518	269.400
2470	272.000
1042	273.000
2094	273.300
7150	273.200
1818	274.500
2946	274.200
11170	274.200
5234	277.600
11338	277.100
3118	278.100
5746	278.600
3134	280.700
3214	280.500
4806	282.300
7962	282.100
2930	283.600
5706	283.700
6714	283.500
7538	284.200
6102	285.400
8118	285.700
10814	285.900
2610	286.800
5430	286.800
8898	286.700
9930	286.700
12454	286.700
6958	287.500
106	292.000
5182	291.400
10590	291.100
9190	293.100
3614	294.900
1358	295.100
1306	296.700
4430	296.300
6898	296.600
7266	296.400
8814	296.600
9886	296.800
10934	296.200
1698	298.000
3542	297.300
4738	297.900
6266	297.600
1390	299.700
4558	299.700
11146	299.700
870	300.700
2162	300.500
8178	300.600
9486	301.700
1726	302.300
3558	302.200
10626	302.600
11198	302.900
7286	303.300
8842	303.400
10938	303.300
1674	304.200
7410	304.900
3474	305.300
4662	305.900
606	306.500
9850	306.400
3102	307.800
9350	308.000
1558	309.000
5490	309.000
5830	309.000
8150	310.800
8650	310.800
9926	310.900
11746	310.200
1122	311.800
2450	311.900
3058	311.100
6782	311.500
11474	311.700
12402	311.800
8506	312.500
7682	317.200
6894	318.600
12430	318.300
7338	320.100
11018	320.300
4966	321.200
8570	321.700
6518	322.700
7022	323.700
6838	324.900
10766	325.400
11170	325.400
5154	326.100
886	328.900
8106	329.000
486	329.600
5290	330.700
3374	332.000
6586	331.300
8098	331.800
302	333.600
4546	333.300
4978	333.600
6914	333.400
6990	333.900
8054	333.900
4190	334.400
7882	335.000
11194	334.200
6690	336.900
626	337.600
2218	337.600
3758	338.800
7866	338.900
10714	338.500
10994	338.800
5690	339.400
6650	339.400
12382	339.100
7706	341.500
3182	343.000
12462	343.900
3914	344.400
6782	344.400
7910	344.700
7146	345.300
11046	345.700
11474	345.900
11882	345.900
11850	346.400
11698	347.200
12474	348.000
898	351.400
2646	353.000
4286	352.500
506	353.800
1394	353.400
4146	354.000
9858	353.900
10674	353.100
1998	354.100
7874	354.400
11098	354.300
1174	355.100
9362	355.800
10606	355.500
250	356.200
4846	357.600
6414	357.400
11578	357.100
7006	358.100
4610	360.800
8070	360.500
10130	360.900
7622	361.900
9174	361.100
10838	361.300
6682	362.200
10366	362.200
11814	362.800
2694	363.200
7754	363.100
4162	364.500
11022	367.000
1990	369.400
778	370.800
2974	370.200
566	371.900
10734	371.900
290	372.200
410	372.200
3686	372.700
6142	372.800
6522	372.400
7594	372.500
6318	373.300
10658	373.800
2174	374.100
3982	374.600
9498	374.200
10610	374.400
6278	375.600
10774	375.600
9978	377.100
2346	379.700
12182	379.600
2086	380.300
5890	380.300
9922	380.500
11194	382.900
11730	382.200
6986	383.500
7210	383.500
318	385.200
5150	386.900
7258	386.200
1494	387.600
7514	387.200
1850	388.400
358	391.200
9034	391.500
2634	392.800
5990	392.800
7710	392.200
9190	393.000
10710	392.300
12050	393.000
4650	393.300
7186	393.100
142	394.900
8038	394.200
8782	396.800
2254	397.900
4234	397.400
1030	398.200
5202	398.800
5554	398.500
7538	398.400
9410	398.300
3802	401.000
6238	400.300
10282	400.800
6006	401.200
7098	401.600
10426	401.300
1430	403.000
12274	402.700
846	407.000
1858	406.100
9230	406.500
2050	408.700
4674	408.800
7426	408.700
9346	408.200
11262	408.800
12146	408.200
9514	410.300
9638	411.800
10634	411.200
2126	413.700
7778	413.400
894	414.200
998	414.500
7754	415.000
8342	414.100
10626	414.200
2474	415.400
6098	415.600
6618	415.200
10650	415.100
10906	415.700
11950	415.100
2790	417.200
7126	423.200
7622	423.500
8950	423.400
2542	424.800
11718	424.600
2798	425.200
4594	426.000
4662	425.900
6410	426.000
10814	425.200
9066	429.000
4598	429.400
11102	429.700
11878	429.300
42	433.300
5754	433.400
6014	433.400
8938	433.100
11534	433.100
3150	434.900
7046	434.600
618	435.600
7386	435.600
8390	435.800
11798	435.500
1274	436.500
7094	437.300
7646	437.900
8894	437.700
9230	437.300
11198	437.100
12178	437.500
3158	438.300
11522	438.200
12490	440.500
5026	443.600
2218	444.600
3790	444.400
4966	444.500
9482	445.000
9658	444.300
786	445.500
3742	445.400
5214	446.000
9886	445.100
3970	446.700
9834	446.100
4658	447.100
8410	447.100
10578	448.000
6818	448.800
1818	449.100
942	451.000
7598	450.400
10062	450.300
6006	452.600
1666	453.800
10554	453.500
1630	457.100
3550	457.400
7038	457.700
778	458.800
3006	458.700
3102	458.900
6638	458.200
8022	458.500
8166	458.900
9030	458.700
10802	458.500
11606	458.900
4954	459.900
10042	461.600
3322	464.700
5122	464.100
12194	465.000
3442	465.500
3858	465.800
6778	467.500
8518	470.100
506	472.000
474	472.600
5770	472.900
9526	472.700
9790	472.800
4762	473.100
4022	474.600
6050	474.600
6262	474.400
1306	475.100
2530	475.700
3134	475.200
6038	475.700
8610	475.600
12142	475.600
4722	476.200
5782	476.400
11174	476.800
11534	476.600
314	477.500
11994	477.400
4614	482.200
12442	483.100
3746	485.200
3082	486.200
5402	486.800
12146	486.600
8442	487.100
9114	487.400
10002	487.200
11698	487.700
2702	488.400
4550	489.200
4998	489.600
5910	490.000
7814	489.900
10102	490.900
12134	490.500
3094	494.200
8710	494.700
2682	496.000
3222	496.000
3382	495.800
4390	496.800
6622	496.300
12402	496.300
12098	497.200
8898	498.600
7910	499.600
10750	499.800
542	501.400
1210	501.900
1366	502.000
3014	501.700
3058	501.900
9638	501.400
11582	502.000
3390	502.700
8402	502.100
4630	503.100
182	506.900
4266	507.000
7410	507.600
9998	507.300
10026	508.300
4662	510.600
1874	512.200
494	514.200
6566	515.500
7102	515.400
9010	515.300
1378	516.200
6506	516.800
7414	516.600
9118	516.200
3434	518.000
4186	517.300
4286	517.700
5822	517.800
6562	518.200
6938	518.500
2570	519.200
3082	520.000
3546	519.600
8134	519.300
8102	520.200
5870	521.500
6642	521.700
4554	522.900
10906	522.800
7282	523.900
214	525.700
3386	527.000
6250	526.300
10174	527.300
4106	529.500
8654	529.900
1234	530.700
7362	530.100
7450	530.500
9462	531.000
354	531.400
3362	531.700
3826	532.000
4006	531.300
4666	531.800
5906	531.600
10466	531.100
12274	531.200
3550	532.100
11322	533.700
1690	535.100
1750	535.900
11374	536.900
9262	537.600
11590	538.600
8238	539.100
10	542.100
5466	544.900
382	545.100
5038	545.400
7778	545.100
8070	545.300
2058	547.000
3522	546.500
7718	546.100
9894	546.400
10486	546.900
450	547.300
2678	547.400
11838	547.300
1498	549.900
11518	550.800
7446	553.700
5666	554.900
10450	555.000
11390	554.700
86	555.400
98	555.900
706	555.400
1526	555.100
2162	555.400
2798	555.400
5754	555.600
8418	555.600
3006	557.000
4846	556.600
7406	557.000
9830	556.300
11422	556.700
12202	556.900
4998	557.400
5002	557.700
9126	557.400
9698	557.800
7274	559.000
9910	558.900
4322	559.600
8658	559.600
1882	560.700
2278	560.900
5706	561.000
8458	560.300
190	562.000
514	562.000
1446	561.700
2046	561.600
8138	561.700
11614	561.700
11730	561.700
11646	562.300
7998	565.000
8158	564.700
4570	565.800
3054	567.000
3134	566.600
818	568.000
4114	567.400
7142	567.400
7418	567.200
12462	567.500
1630	569.000
5870	568.200
4238	569.500
2030	570.100
2574	570.800
4506	571.000
6738	570.700
7462	570.800
8098	570.500
9234	570.400
10210	570.300
10406	570.800
10666	570.700
2062	571.500
6706	573.000
4738	573.900
7066	573.400
8082	573.400
3162	574.700
3398	575.600
4986	576.000
5562	575.800
7366	575.300
9482	575.800
12270	575.300
2614	577.100
534	578.700
4950	579.000
330	579.800
1794	580.000
3770	579.600
4930	579.900
7786	579.700
4926	580.500
6186	580.100
6474	581.000
11158	580.300
6574	581.200
1774	584.300
11242	584.500
6262	585.800
7646	586.500
9590	586.700
254	589.800
5494	589.100
362	590.100
878	590.300
2854	590.400
890	591.800
1522	591.900
2174	591.900
3906	592.000
6286	592.000
6814	591.300
6978	591.800
7874	591.400
11538	591.300
3494	592.200
6282	593.700
9634	593.100
10622	593.200
8886	594.100
11262	594.200
11622	594.600
9358	595.200
4638	597.600
6734	597.700
42	598.900
2934	598.400
9214	598.200
3914	599.700
6318	599.700
8018	600.000
11566	599.900
386	600.200
10070	600.300
10174	600.100
9378	601.400
4874	603.000
10470	602.100
798	604.600
4390	604.200
9322	604.100
9690	604.600
8366	607.300
8558	607.300
6390	608.800
10494	608.800
11746	608.600
2738	609.300
4758	609.100
8210	609.300
8710	609.800
6618	610.200
2066	614.700
11234	614.200
1570	615.400
7506	615.900
1890	616.400
3258	616.100
4702	616.200
7646	616.500
11042	616.300
6754	619.900
754	620.300
4562	620.900
9338	620.700
1158	621.800
1974	621.800
4398	621.200
5166	621.400
9518	622.600
10750	622.400
12434	622.400
2858	623.100
3634	623.800
2706	624.500
3082	624.900
6386	624.400
4066	625.700
7942	625.200
10130	625.900
3942	626.500
2142	628.000
4158	627.600
10430	628.000
318	628.500
662	628.400
8106	628.800
8514	628.600
1486	629.900
11938	629.200
1786	630.300
5194	630.500
4962	631.400
606	632.100
4062	632.700
4610	632.900
5298	632.300
9254	632.400
10314	632.300
12186	632.800
586	633.300
4026	635.900
7150	636.000
11838	636.500
2634	638.700
4986	638.100
6238	639.200
9442	641.800
7338	642.300
2494	643.300
7342	643.400
3618	645.800
4686	646.500
5094	646.300
11466	646.500
482	647.200
4662	647.100
2438	648.700
7362	648.600
11022	648.700
11874	648.800
2218	649.900
7790	649.400
9398	649.700
10442	650.600
5674	651.500
11522	653.400
1826	656.200
9554	656.800
1446	658.000
3966	657.200
102	658.700
4806	658.900
11434	658.200
12198	658.400
7570	659.500
7930	660.500
8282	660.600
7170	662.800
11250	662.800
4498	663.800
7298	663.700
1686	664.500
3646	664.200
11546	664.100
1498	665.500
8098	666.300
10974	666.200
630	667.400
2202	671.700
7506	672.000
398	673.000
6278	672.100
8682	673.000
11358	672.400
5810	673.200
8646	673.200
4822	674.300
7266	674.200
10054	677.000
170	677.400
3010	677.700
10778	679.000
4946	679.700
10330	679.800
9042	680.100
1810	682.000
10450	681.700
3866	683.000
6254	682.600
4322	683.700
4678	684.100
6878	684.300
10698	684.500
3698	685.800
10258	685.600
11026	685.100
10594	688.000
9050	689.600
11294	691.600
3630	693.000
10154	692.800
8594	693.700
5094	695.100
11290	695.900
6046	696.600
3642	698.800
4310	698.800
814	699.600
1766	699.400
4998	699.300
5914	699.700
10198	699.800
11302	699.100
3370	700.300
5878	701.400
11502	702.000
1418	702.500
1626	702.700
7646	703.000
9194	702.400
11970	702.900
1526	703.200
10514	703.300
1154	707.000
10090	707.200
10830	708.000
7950	708.500
9370	708.300
11834	710.200
11994	710.900
2790	712.000
9554	711.100
3386	712.800
9006	712.900
194	713.900
738	713.500
4086	713.200
4266	713.100
7390	713.200
11098	713.500
586	715.000
2646	715.000
5558	714.200
9742	714.800
5238	715.600
7318	715.900
8598	715.900
10318	715.800
202	716.400
3206	716.300
3550	716.300
11066	716.900
4030	717.300
6350	717.300
10986	717.900
606	718.900
3462	718.800
2342	719.500
9262	719.400
11718	719.600
6130	720.400
9146	720.900
9698	720.100
10018	720.100
6590	721.900
5518	722.500
12054	722.100
3742	724.200
4210	724.500
11570	724.200
4326	725.700
2650	726.200
6778	726.700
8026	726.400
11438	726.600
1022	728.800
9934	728.900
1850	729.500
1270	731.000
4782	730.300
8158	730.200
5602	732.400
786	733.300
970	734.000
1678	733.900
5038	733.200
6154	733.800
7402	733.800
3234	734.400
5650	735.000
5818	734.500
6082	734.700
1934	735.800
4206	735.600
4546	735.100
6142	735.500
7062	735.800
9346	735.800
6886	738.600
8046	738.500
4430	740.600
11434	741.000
6782	741.800
7630	741.400
3458	742.700
5574	742.800
7522	742.100
10734	742.800
6914	743.500
2954	745.000
4298	744.900
6318	744.800
7178	744.900
8790	744.600
9330	744.300
9922	744.300
9326	746.000
10210	745.400
10442	745.900
10714	745.300
11850	745.700
634	746.500
2406	746.100
4242	746.200
6830	746.300
10262	746.700
1142	748.900
6974	750.900
11622	750.900
1390	751.800
1826	751.600
3598	754.200
9386	754.700
5586	756.100
6742	756.700
6282	759.700
6558	759.100
5886	761.000
6250	760.300
10358	760.700
10730	760.800
2474	761.100
1718	762.800
2798	763.400
3690	763.300
5598	764.000
10046	763.900
882	765.000
3742	764.800
4218	765.000
5342	764.300
9774	764.100
11862	765.400
12290	766.500
5258	767.700
5214	769.000
6166	768.200
6334	768.900
10366	768.900
7930	769.700
7966	769.800
2782	770.200
3150	771.000
4786	770.600
6026	770.500
2406	771.100
5746	771.200
6538	771.700
9650	772.500
4286	773.500
3770	776.000
3422	777.500
3474	777.900
7146	777.200
8402	777.100
9294	777.500
482	778.800
2310	778.200
3158	778.300
7506	778.300
8282	779.000
8962	778.100
3942	779.800
5326	780.100
166	781.800
1246	781.500
1310	781.500
11386	781.500
12102	781.600
11318	782.900
4642	783.200
10746	785.500
11810	785.500
11746	786.200
2586	788.000
5046	789.300
6502	789.600
6562	789.400
5634	790.600
6342	790.700
11970	790.700
7318	792.000
9426	791.200
9362	792.300
9658	792.200
9470	793.200
6654	796.400
7510	797.600
9610	798.400
4906	799.800
7794	799.900
1394	800.900
4690	800.200
1822	802.000
6114	802.800
11766	802.300
3022	803.500
6674	803.200
7538	804.900
10850	804.100
6238	805.800
6250	805.300
3790	807.000
4698	806.300
8534	806.400
12254	806.900
11090	807.200
12050	808.700
2282	809.600
12226	809.200
11482	810.600
5810	813.400
7678	813.300
9010	813.200
3582	814.800
6626	814.400
9930	814.800
11170	814.600
3158	815.200
8650	815.800
1946	816.400
9870	816.500
10226	816.900
10374	816.400
7394	817.300
934	818.700
2502	819.500
2778	819.500
5314	819.600
1522	820.600
6734	821.000
9878	820.400
1258	821.500
4562	821.400
5986	821.600
3054	822.800
4674	822.500
6246	822.800
9334	822.800
10182	822.800
12298	822.800
822	823.800
1038	823.400
10002	823.500
9910	824.200
10630	824.200
5150	827.500
6254	828.800
7922	828.600
8826	828.300
1718	830.000
9278	829.800
12098	830.600
862	831.700
11902	831.500
6142	832.400
9354	832.300
1658	833.800
6802	833.800
2630	834.300
4142	834.300
4278	834.500
8126	834.100
7502	835.900
7782	835.600
10198	835.800
10358	835.400
10930	835.600
11838	835.600
6382	836.100
9994	839.900
7974	840.900
4642	841.100
1542	843.100
7770	843.900
11106	844.500
12434	845.000
5522	848.400
2446	849.100
3294	849.300
12146	849.400
11290	850.500
3138	851.600
1002	852.400
6954	853.500
12078	853.900
1622	854.800
4558	854.400
4998	854.400
11342	854.700
10738	855.600
9054	857.900
10566	860.400
11894	860.100
3686	863.400
7318	864.000
7426	864.200
2178	865.600
3234	865.300
5806	865.400
7262	865.100
11170	867.300
2590	871.800
3094	871.300
6630	872.000
8490	872.000
9846	871.100
11178	871.900
6410	872.100
4654	873.700
886	876.100
8542	876.200
9858	876.900
6318	877.800
6590	878.000
2502	878.300
4986	878.400
9954	878.200
10518	878.800
2790	880.900
6254	881.800
7630	881.900
550	882.600
1582	882.200
1918	882.500
7854	883.000
8782	882.200
11570	882.400
934	883.700
1894	883.600
12422	883.600
310	884.200
1066	884.900
4474	884.300
12254	884.100
10	885.900
6466	885.400
2570	888.100
6778	888.600
1838	890.000
5950	889.800
11322	889.800
154	890.400
9426	890.300
5546	892.000
9190	891.800
302	892.900
1702	892.400
2038	892.400
3370	892.600
3450	892.600
5978	892.400
7274	892.200
7538	892.600
7906	892.600
8766	892.200
9122	892.400
10558	892.300
12198	892.100
3318	893.200
3526	893.200
8454	893.300
1346	897.700
5654	897.100
1850	898.700
5870	898.300
10802	898.700
9502	899.100
5558	902.000
2702	903.700
9722	903.300
990	905.000
3186	905.100
3322	905.200
3734	905.400
5962	905.900
6542	905.200
9678	905.700
10582	905.100
42	906.100
1158	906.400
1666	907.000
1974	906.900
3382	906.700
4290	906.800
5154	906.300
8046	906.300
2534	907.100
3750	907.200
6562	907.500
7014	907.100
8366	907.200
8578	907.100
9894	907.400
10970	907.200
12034	907.200
2490	910.900
1366	912.400
10630	912.400
3706	913.300
7958	916.000
8338	915.900
8558	916.100
8942	916.400
1790	917.400
6238	917.600
250	918.500
406	919.000
1138	918.100
7734	918.600
12282	918.400
7470	920.100
10054	920.400
11022	920.800
1118	921.300
2934	923.700
4350	923.500
9522	923.600
610	924.300
1166	924.500
4594	924.700
11598	924.900
12318	924.500
5278	925.700
7282	927.000
10954	926.900
8730	927.200
9002	927.800
10926	928.800
5754	930.900
630	931.800
3690	931.900
5478	931.900
6738	932.400
6822	933.000
7498	932.900
8526	932.300
10110	932.500
10582	932.300
2762	933.700
3054	933.300
5330	933.400
6326	933.400
8994	934.200
10050	934.700
2238	935.100
9790	935.200
12054	936.400
2946	938.900
11482	938.200
12374	938.600
1094	939.700
1918	939.500
2930	939.500
3942	939.500
5634	939.100
9638	939.100
10726	940.000
12330	940.000
10042	940.100
682	941.100
1622	943.900
6646	944.700
10486	944.700
1738	945.900
7602	945.400
7694	946.100
5214	948.700
3990	953.300
8622	953.800
11154	953.800
1458	955.500
130	956.700
3390	956.400
3574	956.900
4434	957.000
6154	956.400
7274	956.700
7906	956.300
7710	957.100
8166	957.500
9390	957.200
9482	957.100
2742	959.800
10322	959.900
4642	960.200
7166	962.000
10198	963.900
9246	964.700
7778	968.900
8346	968.400
9566	968.300
10610	969.500
2598	970.200
3846	971.800
2294	972.900
8134	972.700
122	973.700
182	973.400
4286	973.800
5618	974.300
7178	974.900
8034	974.100
9474	974.900
11162	974.800
12250	974.300
266	975.100
2646	977.800
11602	977.900
2126	978.500
526	979.900
9878	979.200
9438	980.500
11902	980.900
7898	981.400
11118	981.300
3678	984.800
2054	985.500
2470	985.700
2526	986.000
2850	985.400
2934	985.900
5746	985.800
6066	985.800
6362	985.100
6482	985.200
6546	985.700
7090	985.300
7374	985.700
11590	985.300
11878	985.500
12146	986.000
11406	991.000
894	992.100
3666	992.200
1674	993.100
874	995.300
430	996.700
1206	996.900
3222	996.800
5586	996.300
11570	996.200
8266	997.200
8322	997.200
2662	998.200
6130	998.300
2546	999.900
3506	999.400
3910	999.300
4978	999.500
7610	999.900
8706	999.100
10922	999.500
