# NEST version: 3.6.0
# RecordingBackendASCII version: 2
sender	time_ms
11622	157.800
2710	159.200
982	160.900
3126	160.800
3758	160.400
8534	161.900
1218	162.600
3514	162.700
7734	162.200
10142	162.700
4998	163.900
8734	164.500
2158	165.200
4034	165.500
6622	165.900
7554	165.600
8774	165.100
6918	166.300
9258	166.200
11142	166.900
5386	167.900
10162	167.100
11066	167.300
8438	168.100
12206	169.900
338	170.500
2590	170.700
7730	171.000
11782	170.400
5834	173.500
1786	176.700
10838	176.900
1878	177.900
11630	178.600
1458	180.000
5038	179.300
5826	179.400
6054	179.300
8650	179.400
9554	179.400
4886	182.700
9322	182.600
12046	182.900
10634	183.700
8454	187.000
250	188.300
6066	188.700
6342	188.600
6442	188.800
7902	188.200
9130	188.400
2058	189.700
3382	189.400
6238	189.900
6582	189.200
12282	189.900
2650	190.800
3650	191.000
4230	190.500
7062	190.200
10202	191.400
11002	191.800
9914	195.000
7798	196.400
10998	196.800
778	197.300
11146	197.300
106	201.000
6558	200.200
6606	201.400
8510	201.900
9834	201.600
6870	202.900
11314	202.900
11182	203.800
12022	203.900
2030	204.400
4734	204.400
6734	204.700
8666	204.200
9190	204.200
10498	204.300
4058	205.100
11102	206.900
1306	207.600
11626	207.100
2050	210.600
4338	210.300
10982	211.200
8566	214.000
11482	213.100
3618	214.600
9154	214.600
11554	215.900
578	216.300
6102	216.700
8414	216.400
10162	216.800
7950	219.100
8526	219.500
6398	220.700
10	221.700
4942	221.800
10166	221.700
10402	221.500
10830	221.500
10486	222.100
2822	224.000
9262	224.900
6506	225.700
11462	225.400
3054	226.200
86	227.300
2326	227.200
3746	227.900
4238	227.500
11278	227.800
1298	228.700
3234	228.200
5210	228.600
7418	228.200
6106	229.300
474	230.800
8546	230.400
8838	231.000
11846	230.300
4506	231.200
11758	233.800
11222	234.600
4498	236.700
9998	237.700
4322	238.500
6566	238.900
2166	239.100
2742	239.500
5218	239.100
10506	239.100
1902	240.400
3210	241.900
9346	241.700
8858	242.500
638	243.800
2054	243.400
6570	243.800
9190	243.900
9202	243.500
2670	244.700
6002	244.400
11078	244.900
1702	245.200
5886	245.800
9310	245.400
12142	246.800
7986	248.100
8418	248.200
9650	250.000
12010	250.400
9070	251.200
5434	252.500
186	254.000
1054	253.500
1406	253.700
1478	253.200
6970	253.800
11422	254.000
7814	254.800
3550	255.900
4038	256.000
8334	255.300
9582	255.600
2294	256.300
4670	256.700
7146	256.800
8374	257.000
9882	256.500
10254	256.800
12170	256.900
1974	257.900
3990	257.400
4470	257.200
8074	257.700
10854	257.700
11722	257.600
7798	259.600
10210	261.200
10566	262.000
6930	265.400
6254	266.700
10650	266.500
2114	267.600
6614	267.400
6006	268.300
10174	268.900
698	269.500
1382	269.100
11554	269.800
11938	269.200
2894	273.500
10534	273.400
11906	274.000
3042	277.200
9642	278.000
9054	282.100
10426	282.200
102	283.100
6338	283.100
1950	284.100
2974	284.200
4298	284.400
6050	284.700
11834	284.800
4558	285.100
10910	285.900
458	286.800
634	287.600
3558	289.000
11826	288.800
666	289.500
3370	289.700
3746	289.700
7794	289.700
8198	289.500
3390	290.200
10934	290.900
5170	291.800
1622	294.400
9062	298.900
8414	299.300
10630	299.400
1922	301.400
842	302.400
5578	303.000
6966	302.900
7754	302.200
518	303.700
926	303.100
2598	303.500
8662	303.300
9618	303.400
9994	304.100
4238	305.400
2666	306.400
4066	306.300
6522	306.700
2658	307.300
2854	307.300
3914	307.400
8162	307.100
8394	307.300
10042	307.600
10170	307.300
10322	307.300
10374	307.100
11270	307.300
6114	308.100
5914	311.600
7446	312.200
3138	313.400
3718	314.500
4766	315.300
1358	316.600
7350	316.900
9826	316.500
738	317.600
11994	317.400
1690	318.400
2646	318.700
5706	319.000
9442	318.300
10626	318.200
1046	319.600
1082	319.600
4498	319.200
8090	320.000
10166	319.800
3082	320.700
1386	322.000
3254	321.400
4146	321.200
7194	321.100
10674	321.100
7234	325.900
11770	325.200
11006	326.100
1134	328.600
6594	328.500
3646	329.400
4454	329.600
5902	330.000
6422	329.300
770	331.000
1982	330.900
2038	330.600
9894	330.900
11290	330.700
11366	330.500
11762	330.600
3846	331.500
5986	331.500
6206	331.400
8190	331.400
6186	334.000
6886	334.500
12150	334.700
11406	336.600
9550	340.200
610	341.700
1558	341.600
7214	341.900
11074	341.900
1710	342.600
6650	342.100
11622	343.800
7482	344.400
9790	344.300
11122	344.100
486	346.000
6230	345.900
3790	347.000
6562	346.300
12190	346.700
2218	347.500
5314	347.300
9758	347.500
10510	347.400
11154	347.400
12222	347.400
274	348.300
5862	348.200
3102	349.500
3574	349.500
2290	352.000
2690	352.700
122	353.100
6358	353.800
1458	354.100
4318	354.900
6346	354.900
8646	354.800
10666	354.100
3614	355.100
7686	355.400
5554	358.000
8458	359.700
6754	360.500
11802	360.200
806	361.400
1838	362.700
3618	362.900
5102	362.100
998	364.300
3158	364.400
4062	364.100
1274	367.100
10914	369.400
12086	369.300
5674	371.700
9546	371.300
4382	372.100
8198	372.400
494	373.400
5474	373.800
7682	373.400
7690	373.600
4614	374.400
10458	374.100
7406	377.200
10934	377.500
11546	378.000
6502	381.500
4058	382.900
5494	382.400
8630	382.900
2134	383.200
3202	383.900
5626	383.700
8390	383.400
9242	383.200
11502	383.700
2650	384.600
5182	385.000
6558	384.900
430	385.200
4118	385.400
4858	385.300
6310	385.200
6742	385.800
7282	385.600
8534	385.900
11370	385.300
5558	386.200
10510	386.200
11142	387.700
6038	389.900
638	390.100
3118	390.200
4806	390.800
7602	390.100
10690	391.000
3230	391.800
4962	391.600
7754	391.800
2586	392.100
10774	392.100
5982	394.500
10818	394.900
1246	396.500
3578	398.000
11782	397.800
12274	397.500
12430	397.100
8150	398.300
5426	399.900
3150	400.800
8722	400.300
10958	400.500
2942	401.300
7942	402.000
9666	401.600
11254	402.000
818	402.300
8962	402.800
9686	402.500
10318	402.600
606	403.400
4230	404.000
4530	403.200
4850	403.200
9138	403.200
1738	404.700
10430	404.500
11966	404.100
12294	404.100
7486	406.700
11738	406.200
12046	407.600
4438	409.200
8362	409.200
9102	409.100
9538	409.200
9654	411.100
3382	412.900
7698	412.200
8746	413.400
3506	414.100
5586	415.100
10326	415.500
8234	419.000
3058	419.800
8690	419.100
2030	421.900
6678	421.300
6962	421.600
11834	421.700
5506	422.500
7054	422.600
6394	425.200
6914	426.100
11702	426.500
11622	427.900
5670	429.700
2134	430.800
7410	430.800
1134	432.000
4954	431.800
1990	433.600
3742	433.500
8350	434.700
318	435.400
3182	435.800
5466	435.200
7798	435.400
3930	436.400
7518	436.900
2714	437.300
7150	437.900
12354	437.800
1130	438.300
2294	438.100
4582	438.400
9346	438.600
10898	438.600
2438	439.700
9886	440.200
1242	441.300
6994	441.600
7622	442.400
4254	443.500
4334	443.100
6390	444.000
8038	443.200
9014	443.400
10510	444.000
1158	445.000
2462	445.000
4190	444.800
4262	444.600
6162	444.600
7342	444.600
7910	444.700
738	445.300
8486	446.000
718	446.900
2710	446.600
3974	447.000
4538	446.900
5434	446.700
7754	446.600
7886	446.400
8730	446.900
9954	447.000
10870	446.400
3134	447.200
10626	447.100
8914	448.500
8994	449.000
9338	449.700
3174	450.600
11214	450.300
4342	452.000
7738	452.100
4726	455.800
6402	455.800
8606	455.700
222	456.400
254	456.100
5962	456.100
6034	456.500
11854	456.700
12210	459.700
306	462.500
1586	462.800
8894	462.300
2162	464.000
9486	463.700
2330	464.700
6958	464.700
8998	464.400
42	465.500
770	465.600
2030	465.200
3442	465.900
4278	465.900
4618	465.900
6238	465.800
7098	465.400
1126	466.900
3226	466.500
5350	466.800
6054	466.400
6370	466.900
7942	466.600
2670	467.400
5158	467.800
8498	467.200
9066	467.600
10894	467.800
11910	467.900
3282	468.500
4142	468.500
8050	468.400
10202	468.300
12254	469.200
1666	473.000
3010	474.000
1250	474.700
2066	474.700
3246	475.600
5174	475.700
10022	476.600
11778	476.900
534	477.700
9978	480.200
558	481.400
1210	482.000
7610	481.900
8706	481.300
9182	482.000
842	482.800
1946	483.000
2574	482.100
5122	482.800
5990	482.800
8334	482.900
9362	482.900
10406	482.900
11814	482.800
590	483.500
1042	483.500
1506	483.800
3846	483.100
4022	483.500
4722	483.300
6506	483.500
6522	483.400
7746	483.400
7898	483.400
8178	483.600
9758	483.800
10998	483.200
11210	483.300
8722	486.900
7114	487.100
6294	489.900
2582	490.300
3790	490.300
1198	491.600
1514	491.300
634	492.400
2942	492.600
8974	493.500
9934	493.100
11134	493.500
12222	493.900
4418	494.300
7446	494.300
5178	495.600
7206	496.900
10818	496.800
9478	497.300
10842	498.600
12042	498.200
1622	501.600
4166	501.700
10054	501.200
4762	502.400
8774	503.900
9718	503.300
3646	504.800
3906	504.400
7602	504.600
11246	504.800
1366	505.600
2838	505.300
6382	505.100
5282	508.400
6446	508.400
3914	509.300
6838	509.600
11466	509.200
12274	510.700
10582	513.000
2414	513.800
6390	513.800
10142	513.200
3594	515.300
9722	517.000
11538	516.700
3034	517.700
3902	517.400
4030	517.400
11402	517.400
11686	517.300
2802	518.800
9234	518.300
9642	519.700
882	520.100
9246	520.600
9322	520.100
2546	521.500
3546	521.800
246	522.200
2058	522.900
6582	522.500
7162	523.400
2974	524.500
10514	524.300
10750	526.600
4902	528.900
618	530.500
1550	530.100
3234	530.300
4098	530.300
3638	531.100
3846	531.300
7354	532.500
3242	534.700
9118	534.800
1154	536.300
5398	536.700
8594	536.900
5722	537.500
9634	538.000
10306	537.700
10578	537.300
926	540.100
626	542.700
2586	542.200
3530	542.900
5882	542.800
6522	542.600
8034	542.100
11110	542.400
12186	542.100
12198	542.600
12322	544.200
4238	547.500
2342	549.000
2438	548.400
1738	549.700
1930	549.100
4506	549.100
3230	550.500
3690	550.500
5034	550.700
10530	550.100
12082	550.300
8282	553.400
2658	554.200
4890	554.900
838	555.700
1818	555.600
2494	555.400
7482	555.300
2906	556.500
3498	556.500
4570	556.900
4762	556.400
5338	556.600
6126	556.600
6158	556.900
6546	556.600
7682	556.100
10122	556.200
12142	556.700
1278	558.000
7374	557.300
7954	557.200
6642	558.800
4170	560.900
1462	561.700
1466	561.700
4498	562.000
7286	561.900
11550	561.900
1522	562.700
3370	562.100
11578	562.200
11722	562.500
5782	566.800
2594	569.900
4630	569.900
11742	569.400
1834	570.800
3582	570.100
6238	571.000
7366	570.200
7482	570.900
10250	570.200
5706	571.700
6038	572.200
2694	573.200
5754	573.500
7650	573.500
8074	573.200
8710	573.600
10418	573.600
1898	574.200
4490	574.100
7986	574.200
11026	574.300
12490	574.800
7270	575.500
7390	575.300
7966	575.700
3606	576.600
4058	576.100
7698	577.100
346	578.900
7014	578.100
7598	578.600
9054	578.900
10278	578.400
8682	579.400
2126	580.300
8614	581.000
9386	580.600
3314	581.300
5038	581.800
8330	581.400
5166	582.700
8782	582.700
6578	583.600
2850	585.700
634	587.000
12350	586.200
1198	588.500
5714	588.700
6166	588.200
10794	588.600
1406	590.200
7570	590.700
3230	592.800
9734	593.800
2234	594.900
7258	594.200
3950	595.100
7330	595.700
8630	595.300
8942	595.200
9134	595.900
9178	596.000
9546	595.700
3162	596.400
3734	596.100
4774	596.700
5314	596.900
6550	596.800
7162	597.000
7646	596.600
7962	596.300
982	597.200
6266	597.200
4846	599.300
6918	601.000
1166	601.700
4198	601.700
4398	601.600
6802	601.100
3294	602.700
7622	602.600
3134	604.800
10778	604.800
3494	605.100
7950	605.400
10718	605.700
4114	606.300
6738	606.100
6126	607.600
7594	607.100
10262	607.200
5254	611.000
6590	610.200
11222	611.600
10694	612.200
9218	614.900
5122	615.800
8838	616.600
9146	616.100
9198	616.100
11770	616.800
834	617.500
1658	617.200
3086	617.100
4482	617.600
11338	618.200
5842	620.700
10506	620.800
2942	621.100
10054	622.800
11122	623.300
6822	626.200
2010	628.700
4430	629.700
8046	632.600
9470	632.800
11106	632.100
11626	632.600
6342	633.800
11802	633.100
2370	634.500
9786	634.800
6990	635.700
11438	635.100
11718	635.900
4770	636.400
6362	637.700
7506	639.700
1482	643.800
6266	645.700
9758	646.500
2086	648.700
9658	648.400
4026	649.900
4470	649.800
4806	649.200
7410	650.900
8946	650.100
12102	651.000
4966	651.700
2522	653.000
8182	652.800
4062	653.400
4858	654.900
2678	655.300
3598	657.000
5746	657.000
2614	657.700
7294	657.600
8810	658.800
10946	660.000
11282	659.200
12222	663.400
3546	664.600
7142	664.100
12202	665.300
1446	666.400
4222	666.100
7798	666.400
10382	667.000
386	667.900
2174	667.700
3050	667.700
4818	667.900
6586	667.800
6838	667.900
2962	669.000
4438	668.600
4642	668.200
7938	668.500
9398	668.600
10830	668.600
78	669.100
146	669.500
2874	669.500
5686	669.400
8150	671.600
6974	672.900
2534	673.300
2694	673.500
1870	674.300
3338	674.200
7050	674.100
614	675.300
1054	675.400
3206	675.500
8478	675.400
4162	676.700
7370	677.100
7882	677.900
518	679.900
6870	679.800
1262	680.200
2434	681.000
2634	680.100
3794	680.700
4994	680.800
8726	680.600
9162	680.700
9650	680.400
1814	681.100
11138	681.100
6502	683.500
10078	684.500
8534	687.000
302	687.500
10266	687.300
4570	688.200
12354	688.600
8426	689.100
3394	690.100
6366	690.700
9674	690.700
4802	692.800
4662	693.700
8938	693.800
8942	693.700
9258	693.800
11930	693.100
12294	693.200
9254	695.000
9310	694.100
10214	694.900
8038	695.100
4390	697.000
4806	697.100
9242	697.300
3070	699.000
3086	698.800
3522	699.000
3646	698.500
5518	698.400
7950	698.100
10058	699.000
418	699.800
2822	699.800
2942	699.700
7250	699.100
10958	699.100
10966	699.900
11514	703.700
6342	706.600
8458	707.200
8486	707.200
1010	708.800
12150	708.600
1186	709.100
3482	710.000
4106	709.600
7138	710.200
10742	711.300
1542	712.200
5362	713.500
5130	714.900
5370	714.800
7674	714.400
2966	715.600
3630	717.000
8890	716.700
5222	717.300
1966	718.500
5510	718.700
10190	718.900
10318	718.400
10974	718.800
4758	720.800
782	721.200
9994	721.900
3894	724.500
9398	724.400
2134	725.300
2306	725.200
3902	725.100
8230	726.900
3514	727.300
6514	727.200
10146	727.200
10290	728.100
318	729.600
6314	730.000
3706	730.400
10590	730.900
11262	730.500
3858	735.200
9578	735.300
10514	735.400
11970	735.900
5718	738.200
9846	739.300
310	740.200
2590	740.500
8958	741.000
10122	740.100
11314	741.000
11702	740.200
538	741.600
6290	741.600
8622	741.100
10578	741.500
11090	743.400
630	744.100
4470	746.400
11066	747.100
9522	750.100
3174	751.700
4814	752.700
3894	753.800
9002	753.900
2142	754.900
5746	754.800
6182	754.500
6698	754.400
8018	754.800
9606	754.200
11730	754.900
1242	755.400
1514	755.800
5546	755.500
5962	755.700
9334	755.500
12262	755.600
3918	758.100
5442	759.300
7390	759.300
1946	761.600
1978	761.900
7458	762.000
9886	761.600
10870	761.400
4498	762.100
6974	763.700
9758	763.200
11006	764.000
10366	766.000
3714	768.800
4738	768.100
4934	768.500
5434	769.700
7814	769.800
11922	770.400
5862	771.500
6722	773.000
11558	772.900
3134	773.500
4170	773.300
4910	773.600
11670	773.700
12274	773.100
9926	774.800
5538	780.000
6026	780.300
11622	780.800
994	781.600
5790	782.600
7370	782.300
4658	784.300
9742	784.300
558	785.700
3658	785.800
9494	785.500
5926	786.700
550	787.400
11810	787.300
470	788.200
3866	788.600
11242	788.400
3646	792.400
4030	794.100
7406	794.900
2522	795.600
4626	796.000
4726	795.800
10926	795.700
5718	796.300
11402	796.900
230	797.500
706	797.700
11870	797.700
5706	799.400
9198	800.400
9246	800.700
10458	800.800
1006	801.700
5986	801.700
5058	802.100
4238	804.400
8646	804.300
9306	804.600
1602	805.900
1778	805.700
7098	805.100
7506	805.100
9486	805.200
786	806.700
5674	806.900
6934	806.600
7050	806.600
8246	806.900
12442	806.400
2750	807.500
6442	807.100
8774	807.300
4262	808.300
9886	808.600
11850	808.500
166	810.000
146	810.700
3430	810.500
4242	810.900
126	811.100
8898	811.300
9326	811.400
12270	811.900
10826	815.000
6990	818.600
4322	820.100
5154	821.000
5902	820.600
9878	820.500
10986	820.300
450	821.800
1838	821.200
2722	822.600
5790	822.400
290	823.900
3990	824.400
6638	824.200
7750	824.300
322	825.900
4250	825.600
5210	825.200
11194	825.400
4050	826.700
8426	826.200
9466	826.300
1130	827.200
6490	827.600
6674	827.500
8374	828.000
8970	827.200
11046	827.400
498	829.700
7498	830.000
9070	830.700
1810	831.600
3794	831.200
3902	831.600
4338	832.000
9034	831.800
2178	833.000
8038	832.200
8290	832.800
9942	832.100
11482	832.900
8070	834.000
2626	834.700
7430	834.700
7822	834.400
12322	834.700
7046	835.100
4554	836.800
7942	836.800
10474	836.400
12222	836.700
7330	837.200
654	842.600
4914	844.000
6398	844.000
8702	844.800
3154	845.800
6062	845.900
1178	846.400
11026	846.300
10686	847.700
4922	848.200
4890	850.000
6754	849.900
9310	849.700
18	850.100
2290	851.000
10166	850.200
9066	851.700
10462	851.400
398	852.100
2550	852.200
2090	853.700
7566	853.800
11546	853.100
5362	854.700
9718	854.800
12290	854.800
3906	855.500
210	856.700
346	857.600
6334	857.100
4978	858.800
5826	859.300
734	861.700
10538	861.700
2746	863.700
1482	864.400
7282	864.500
898	866.000
4546	865.800
5278	865.500
7462	865.500
1074	866.200
8430	867.000
8486	866.600
9166	866.100
934	868.000
8406	867.600
9242	867.200
12114	868.000
6	868.100
102	868.700
266	868.300
3562	868.100
3790	868.400
5354	868.400
5694	868.700
8234	868.200
9466	868.400
11750	868.100
12342	868.800
1098	869.200
11550	869.200
3826	871.700
1834	872.700
5486	872.800
12426	873.700
5398	874.400
10730	874.800
10762	877.700
2650	879.000
50	879.500
3554	879.900
7386	879.300
130	881.400
1118	881.900
2050	881.900
6550	881.300
8382	881.400
8722	881.300
10750	881.500
222	882.200
2858	883.700
718	884.800
578	885.300
5606	885.900
7034	885.300
11098	886.000
11730	886.000
1838	886.400
3094	886.400
3290	886.800
6578	886.800
8730	886.100
10438	886.900
6990	887.600
12454	887.400
5402	888.700
4550	889.200
614	890.700
8542	890.500
674	892.000
2030	893.000
3826	892.800
1894	893.400
4722	893.100
3562	895.500
862	897.000
926	896.600
3390	896.200
3618	896.500
8470	896.900
8418	898.600
11374	898.800
4090	899.300
2626	901.700
4658	901.500
2446	902.300
7234	902.900
7598	902.800
7898	902.400
8838	903.000
6242	903.600
1666	904.500
2582	904.900
4350	904.200
2574	906.900
2514	907.900
4590	907.600
7366	907.600
162	908.600
822	909.000
1806	908.100
4058	908.500
5106	908.700
9638	908.500
11914	908.600
282	909.400
462	909.200
3070	909.200
6514	909.100
10958	909.400
12086	909.500
6662	913.600
7778	913.500
3906	914.200
5730	914.100
4106	915.800
9150	916.000
8222	916.900
12330	916.600
1930	917.500
2734	917.100
4134	917.200
4262	917.400
6730	917.200
9990	917.100
10630	918.000
230	918.600
3174	918.500
4614	918.500
5914	918.100
6142	918.700
6778	918.300
8958	919.300
1962	922.000
3210	921.700
706	922.800
4670	922.500
11046	922.400
1770	923.300
2798	923.800
8730	923.100
7710	925.000
8346	924.700
5210	925.800
8566	925.400
1174	926.100
1470	927.000
11194	926.800
2294	927.500
2882	927.100
10266	927.400
11550	927.500
6126	929.300
10474	929.800
2526	930.200
2078	932.500
5570	933.100
7790	933.500
9994	933.800
7526	934.100
9118	934.900
10814	934.800
1622	935.800
2802	935.500
3010	935.100
5858	935.500
5966	935.600
5806	936.400
10142	936.100
6806	938.000
3022	938.100
4986	939.100
3350	940.400
6486	940.100
6914	940.700
9222	940.400
12170	940.800
1826	941.700
5194	941.200
5598	941.600
10866	941.700
318	942.300
7498	942.700
82	943.400
714	943.300
4810	943.600
6086	943.800
8838	944.000
9598	943.800
10	945.000
2838	944.100
4550	944.100
5010	944.900
6170	944.300
8210	944.200
10998	944.600
11262	944.900
2870	945.100
3578	945.300
3658	945.100
4678	945.300
5654	945.300
6578	945.900
7810	945.500
11634	945.500
4318	946.800
1822	948.000
4418	947.500
610	949.700
6506	950.300
7734	950.500
8430	950.100
6410	951.100
11902	953.900
7514	956.000
7486	957.200
1442	959.600
4946	959.400
8038	960.000
12470	959.800
2058	960.700
3730	960.800
142	961.900
8970	961.400
10578	961.200
9486	964.400
3214	969.800
4614	969.500
11290	969.100
5758	970.300
10750	971.000
11486	971.900
4642	972.700
5986	972.400
10338	972.200
10458	972.800
8502	974.700
5606	975.800
12010	976.000
3078	976.800
3582	977.200
11198	978.000
2462	978.300
8782	978.100
12346	978.900
9762	979.800
8662	980.500
8598	982.100
7598	983.300
10830	983.300
2490	984.800
4330	984.700
5754	984.600
9038	984.900
10102	984.100
926	986.100
2526	987.000
3938	986.300
4738	986.100
11022	986.300
1038	987.200
7418	987.600
10430	987.100
1950	988.600
4222	988.600
1126	989.300
2934	989.400
10742	989.700
5226	990.900
6726	990.600
7030	990.600
12166	990.300
5706	994.200
266	996.000
1106	995.800
1874	996.700
2598	996.400
8934	996.700
9798	996.200
2118	998.300
6986	998.400
5582	999.600
5766	999.600
