# NEST version: 3.6.0
# RecordingBackendASCII version: 2
sender	time_ms
6056	156.300
832	158.000
3252	158.500
4712	159.000
5020	160.000
6760	159.700
6768	159.600
11056	159.300
5660	160.500
6536	160.100
3532	161.100
4172	163.300
10448	163.400
7992	166.200
6188	167.600
6308	167.500
6580	167.400
8452	167.500
9868	167.900
4160	168.400
8736	168.400
8792	168.700
9764	168.500
9832	168.400
10584	168.700
3624	170.400
1388	174.000
2116	173.600
11832	173.400
6864	174.300
4248	175.900
740	177.800
9084	177.300
2556	178.600
4872	180.000
11104	179.900
1568	180.700
10908	180.800
9404	181.400
9680	181.600
3040	183.400
5068	183.900
5900	183.300
6672	183.600
7908	183.900
12372	183.200
1528	184.300
9220	184.800
10424	184.100
11544	184.500
4000	185.600
10012	185.400
11836	186.400
11588	187.100
1824	189.100
7144	190.600
10708	190.600
2776	194.300
7720	194.100
1252	195.900
9076	195.700
10852	196.000
2564	196.700
2948	196.500
8236	196.100
6044	198.800
6992	200.400
7640	200.300
12064	200.300
308	202.000
4044	201.400
10372	201.100
1948	202.500
2360	203.500
8568	204.000
6708	205.000
8524	204.400
12392	204.900
872	205.800
8376	205.200
8900	206.100
11652	206.100
6292	207.400
10648	207.100
800	208.100
6188	210.700
11328	210.700
356	211.500
9348	212.000
10156	211.600
7436	213.900
7764	214.400
4424	215.600
9012	215.500
640	216.200
4432	217.100
4576	218.000
5404	218.000
5916	217.800
7224	217.500
8492	217.300
11656	217.900
1212	218.500
1680	218.500
2836	218.400
4824	218.600
5596	218.300
5624	218.500
6308	218.100
8956	218.200
9168	218.700
11120	218.400
9800	221.800
9104	222.700
9600	222.600
11908	223.000
11920	222.500
784	223.100
6064	223.600
4680	224.500
344	225.600
3128	225.600
4536	225.500
1092	226.500
3756	226.100
4500	226.800
8588	226.100
11472	226.600
3788	227.500
6808	227.500
9436	227.100
10024	227.300
1952	229.600
11880	229.100
6312	231.400
3324	232.500
10636	233.000
3480	233.500
3616	233.900
10824	233.300
11496	233.500
11716	233.200
12124	234.000
1592	234.700
2248	235.000
6644	235.900
10212	235.600
11580	235.900
11948	236.000
10928	239.700
6516	240.500
9328	240.700
7084	242.000
1688	243.100
4164	243.200
4620	244.000
5392	243.400
8888	243.700
40	244.300
2732	244.700
4968	244.900
7624	244.300
10048	244.600
4384	245.100
5884	245.500
6816	245.100
6868	246.000
9920	246.900
140	249.700
2172	249.900
2184	250.600
3704	251.000
6128	250.900
8800	250.400
10688	250.600
148	251.200
3536	251.700
4368	251.200
5844	251.500
188	252.900
3592	254.200
7428	254.800
8936	255.400
10248	255.100
11852	255.900
6540	256.600
7144	256.500
8000	256.500
8376	256.400
8924	256.500
11388	256.700
516	259.400
784	259.700
10432	259.700
11636	259.900
4812	260.300
7472	263.000
5880	264.200
1840	265.100
5840	265.500
12136	265.900
4080	266.100
7544	266.800
8964	267.200
5616	269.000
6264	268.600
7556	270.000
1500	270.600
8860	270.500
9736	270.800
2264	271.400
6996	272.900
11836	272.900
9992	273.900
10232	273.800
10492	274.700
5796	275.700
7284	275.700
8512	276.400
11552	277.400
7992	279.800
1460	280.100
8788	280.300
12424	280.300
1620	281.700
2348	281.600
11036	282.300
9764	283.200
1484	284.200
9200	284.300
4028	285.900
4180	285.300
3680	286.500
5852	286.400
8808	286.600
4212	287.400
5488	287.200
7892	287.600
4412	289.900
9296	290.000
8936	290.100
9064	292.700
1748	295.900
2168	297.200
6904	297.200
368	298.600
1504	298.600
2672	298.500
4148	298.700
4324	298.600
5508	298.300
12476	298.700
2776	299.200
3972	299.100
4628	299.300
4776	300.000
8084	299.300
12340	300.300
2848	305.000
9640	305.000
10844	304.200
784	306.000
1188	306.200
6284	306.100
5932	308.100
7472	308.500
524	310.000
4988	309.300
3996	310.100
4788	310.700
916	312.200
2128	312.100
3628	312.800
5584	312.400
7416	312.600
8672	312.500
10260	312.700
11228	312.900
12088	312.900
1728	313.100
2396	313.200
2844	313.300
5908	313.300
8728	313.400
9552	313.100
9768	313.100
10828	313.600
12096	313.600
12464	313.400
2340	314.400
3736	322.100
2788	324.000
9732	324.000
3420	324.500
3728	324.900
5600	324.600
6800	324.500
1260	325.200
5088	326.000
10184	325.900
2308	326.800
3876	327.600
7500	327.300
8656	327.300
2312	329.000
5000	329.000
10284	328.200
4708	330.500
7624	330.900
9756	330.200
5500	331.200
6680	331.600
328	332.500
4056	333.000
5144	332.200
7068	332.600
7640	332.900
10324	332.600
12212	332.900
992	333.300
6000	333.500
7512	333.600
2572	336.300
5288	336.700
10812	336.800
812	337.200
1992	337.600
4276	337.100
3588	339.600
3888	339.600
1240	340.600
4472	340.800
4524	340.700
5192	340.700
5152	341.300
7656	341.800
5768	342.600
8632	342.700
6152	343.900
568	345.000
3520	344.100
5432	344.200
5752	344.300
8228	344.200
10024	344.200
10164	344.400
2004	345.500
9028	345.100
2512	346.900
4392	347.000
11568	347.300
2444	348.200
11468	348.900
244	349.300
2132	349.200
7352	350.100
11888	353.000
9536	356.100
10804	356.700
5932	357.300
11880	357.500
532	359.900
3784	360.600
6084	361.700
3684	362.300
3656	363.900
4160	363.100
5684	363.900
11040	363.300
12036	364.000
3352	364.300
4128	364.200
2440	366.500
7688	367.700
360	368.700
4268	368.700
4528	368.700
9220	369.000
10052	368.600
10816	368.500
4368	369.700
6144	369.100
10644	369.700
6272	370.400
960	371.200
6808	371.600
10092	372.100
92	373.500
268	373.800
11800	373.200
2632	374.100
4132	376.100
4592	376.200
5516	376.300
7204	376.300
8980	376.200
10116	376.700
12476	376.200
12496	376.300
4068	380.400
12456	381.800
3560	383.900
6212	383.400
5452	385.000
5832	385.000
7348	384.500
7556	384.700
3680	385.800
4072	385.800
4164	385.900
8496	385.800
9104	385.700
9840	385.500
11416	385.400
2064	387.000
5304	386.800
5640	386.900
9916	386.200
10240	386.900
10988	387.000
11648	386.400
11672	386.600
7504	387.100
11700	392.400
9872	394.900
452	395.900
2536	395.700
6436	396.300
10788	396.800
10972	396.700
9216	397.500
11520	400.900
5784	401.400
8216	401.100
1736	402.700
3508	402.800
12152	402.600
4960	403.400
5652	405.000
3160	405.900
172	406.900
1052	406.600
1912	406.900
5468	406.700
7572	406.400
5472	407.600
11192	407.200
1680	408.300
8220	409.800
7632	410.400
2648	412.900
6500	412.500
2256	414.100
6728	414.700
752	415.600
4060	415.300
4444	415.800
11064	416.000
11620	415.700
12212	415.100
3936	416.600
7324	416.600
3352	418.800
5752	418.600
4044	420.800
4792	420.600
5524	420.100
11832	420.700
8292	421.100
10964	421.100
12368	421.300
3772	423.900
5744	425.400
7652	426.000
4068	426.100
7648	426.800
9776	426.100
12052	426.400
1724	428.200
9428	429.500
11300	429.800
8960	431.900
2116	433.300
3592	433.200
6520	435.500
11084	435.900
7876	436.700
10656	436.100
5444	437.300
9160	438.400
9604	439.000
11048	438.700
1516	439.100
2780	441.600
10200	442.000
2844	444.000
3428	444.000
5920	443.900
4400	444.500
8556	444.500
760	445.300
4860	445.500
6188	445.500
11196	445.500
11440	445.600
4624	446.300
4788	446.100
4120	447.700
352	449.000
892	449.400
9464	450.100
2976	453.600
5528	453.800
1172	454.300
2572	454.800
4184	454.200
9440	454.800
1416	455.900
3976	455.300
8740	457.000
7352	457.300
8592	458.000
9128	457.300
11896	457.200
1600	458.100
3268	458.100
6852	458.100
6944	458.400
980	459.900
3208	459.900
4036	460.000
4620	459.200
10440	459.300
3500	460.900
3624	460.200
6628	460.200
196	461.800
2516	461.800
4472	461.600
8872	461.700
12204	461.900
952	462.800
5360	462.200
10628	462.100
9908	464.500
4268	465.700
5988	466.500
8256	466.800
460	467.700
3104	467.500
3036	473.000
3720	472.700
4668	472.400
6328	473.000
9820	472.900
10028	472.200
11204	473.000
11968	472.800
1140	473.200
3780	473.500
8976	474.000
9504	473.400
600	476.000
8004	475.200
10092	475.600
8404	476.800
11408	476.500
908	478.200
9680	478.200
10808	478.200
8112	479.100
8568	479.100
11620	479.200
12068	479.400
10504	481.600
5604	482.600
5772	482.300
8108	482.100
4256	487.900
8044	489.600
5524	490.800
6364	490.500
8132	490.900
9196	490.900
6412	491.200
8684	492.200
2268	493.700
3204	493.900
7832	493.700
7960	493.500
7416	494.200
7664	494.300
9836	494.100
10904	494.500
11984	494.600
8764	495.400
10004	496.000
11184	495.400
12312	498.100
4760	502.600
5112	502.400
9600	502.200
964	503.500
1988	503.900
4028	503.500
7596	503.300
10060	503.900
2336	504.700
392	506.100
2992	506.700
11712	506.600
3308	507.100
8316	507.900
9792	507.700
10200	507.800
1092	510.300
5436	512.000
2756	512.100
1540	513.200
2060	513.200
6156	514.900
8540	514.600
2244	515.900
2280	515.500
2764	515.700
8048	516.000
1900	516.200
9300	516.100
10564	516.200
11160	516.900
520	517.800
7740	517.700
11984	517.900
12456	517.200
3236	518.500
8556	519.000
9328	518.700
9872	518.200
7712	520.000
11204	520.700
3884	521.900
5800	522.000
7632	521.500
4444	522.800
6028	522.600
1624	523.300
1972	523.200
4000	523.700
6448	523.100
8492	523.300
6100	527.400
7500	527.200
8616	527.500
8696	528.500
9800	529.000
10016	529.000
11312	528.500
5420	529.100
5464	529.900
9856	529.100
11848	529.200
5404	530.500
12376	530.500
128	531.200
7972	531.300
8792	532.000
7296	532.400
10460	532.500
8	533.700
12096	533.500
7728	535.300
2368	538.700
4056	538.500
11432	538.300
5660	539.800
12244	539.600
12324	539.100
3132	542.900
6836	543.300
9356	544.000
24	544.500
4044	544.600
8448	544.200
10188	544.400
11140	544.400
5604	545.200
11744	545.300
5188	550.900
9916	551.100
8680	552.900
1500	553.200
5792	553.900
8888	554.400
3572	555.700
5672	555.800
1116	556.400
1828	556.100
7592	556.700
8760	556.800
9992	556.900
11212	556.700
4180	557.600
4832	557.600
6316	557.100
9016	557.600
2808	558.400
4892	558.700
12416	559.500
2968	561.300
2552	562.500
2940	562.700
1900	563.700
10796	563.700
11524	563.800
608	564.300
9068	564.600
5324	568.200
3576	569.800
2416	570.800
6172	570.500
6708	570.700
12332	570.900
3300	574.000
6740	573.600
6032	574.400
280	575.900
9384	576.000
9520	575.700
6844	576.400
9492	576.700
7560	577.600
8236	577.300
9676	577.300
5836	578.500
11452	579.000
4072	579.100
9260	580.100
4068	581.200
9964	582.400
4660	584.400
1940	585.300
5132	585.600
2452	587.000
3048	586.300
4712	586.500
5900	586.800
10812	586.100
540	587.600
9468	587.800
100	588.600
2952	588.800
3384	588.600
3396	588.200
5380	588.800
6088	588.700
2440	589.800
6492	589.800
6688	589.200
8480	589.400
9112	589.300
10268	589.100
10972	590.000
11132	589.600
11404	590.000
12180	589.200
7372	590.100
4384	593.100
9668	595.400
6940	598.000
8288	598.100
1392	599.400
3284	599.600
6520	599.600
7252	599.700
4592	600.600
8100	604.000
4664	604.200
6000	605.100
8812	605.300
11800	607.000
4768	607.200
2628	609.400
9856	609.100
3344	613.000
4620	612.200
8056	612.800
2880	613.200
9696	613.100
12068	614.200
748	615.900
8484	615.900
20	617.000
8272	616.500
7788	617.500
380	618.200
1652	619.000
8652	618.500
9604	618.700
11864	618.500
1512	619.600
2136	619.800
4320	619.300
11292	619.300
11348	620.000
11468	619.200
1528	620.500
7116	623.200
8860	624.600
4612	625.800
3460	626.100
3812	627.100
2936	628.800
8088	628.500
9216	628.700
10444	629.900
11424	629.100
11884	629.700
6476	630.800
5792	632.000
8560	631.800
1832	633.900
6880	633.400
6740	637.000
5496	637.800
11372	638.000
1564	638.600
3632	639.000
7128	638.600
7176	638.900
7484	638.500
9024	638.200
2480	639.800
4668	639.200
6152	639.900
8208	640.000
1932	641.900
2276	641.600
7732	641.600
7736	641.100
8044	641.600
8096	641.900
3048	642.400
8488	642.500
11604	642.600
12188	642.600
3444	643.700
12064	645.000
11008	645.300
6696	646.200
9724	646.300
6220	649.000
10776	650.000
11004	650.200
4240	651.100
828	654.600
3040	654.200
8384	654.100
8540	655.300
11092	655.100
7364	658.100
6924	659.300
6980	659.200
9872	660.000
1196	660.900
2608	661.500
2784	661.100
6504	661.500
10160	661.800
11620	662.600
944	663.600
3512	663.500
1088	664.200
4160	665.300
10880	665.200
10956	665.800
1916	666.400
4828	666.200
9136	666.900
11144	668.300
6892	672.600
7344	672.800
4624	673.400
6748	673.400
7688	673.100
8020	673.200
9212	673.500
9252	673.300
1788	675.200
3540	678.800
288	679.200
11132	679.400
64	680.700
9264	680.100
11104	680.200
5536	683.600
1076	685.700
2644	686.000
2996	685.900
4456	685.600
4840	685.300
5004	685.800
1944	686.400
9688	687.000
11300	686.200
5348	687.800
3568	688.500
4188	688.800
4896	688.300
11736	688.500
4156	689.500
4292	689.800
5916	690.800
220	692.800
2536	692.900
8380	692.700
8632	692.900
9552	692.500
10848	692.300
472	693.800
828	693.800
4068	693.100
6532	693.400
7000	694.000
9508	693.900
9640	693.800
10736	693.400
1092	695.100
1244	695.400
2760	695.700
4168	695.800
4728	695.800
7648	695.100
9836	695.300
4220	699.900
4632	699.300
2396	700.400
2620	700.200
8268	700.400
8856	700.100
2204	701.100
5188	701.200
7292	701.500
10580	701.800
7712	702.300
11060	702.400
2952	703.600
5464	703.500
10088	703.200
10260	703.700
2568	704.600
6372	705.000
11296	704.100
4672	705.400
7132	706.000
8696	707.000
2768	708.300
10896	708.200
4004	710.800
9104	710.700
9848	712.000
5844	712.300
7220	712.800
8980	712.100
5772	713.300
6256	713.900
6896	713.500
7340	713.700
7940	713.400
8928	713.300
308	714.400
7204	714.100
1348	715.600
3904	715.300
248	718.000
584	717.800
4700	717.300
6900	718.000
2636	718.100
6556	718.900
11680	718.300
1276	719.900
10872	719.100
5988	720.300
3736	721.800
9516	721.500
2776	722.200
3996	725.500
5892	726.100
8936	726.100
6140	727.600
1400	728.600
3380	728.500
12388	730.900
5140	732.000
2416	732.300
6364	732.700
9112	732.200
2816	734.200
3504	734.300
6856	734.900
9808	734.400
4712	735.800
5136	735.500
6104	735.900
2476	736.500
4004	736.900
10088	736.900
1560	737.400
4080	737.700
4740	737.900
172	738.200
592	738.500
2752	738.600
4608	738.200
6448	738.900
6768	738.100
7008	738.500
8552	738.500
9916	738.300
11488	738.200
6668	741.000
940	741.500
3888	741.500
8332	741.500
11688	741.100
6552	742.800
2264	743.700
3860	743.600
3088	744.600
4716	744.200
10304	744.600
11444	744.300
1200	747.000
3176	747.000
7884	746.100
8852	746.200
1884	747.200
2168	748.000
5496	747.300
8812	747.800
920	748.700
1624	748.100
2020	748.900
5840	748.900
9372	748.600
3792	749.200
5876	750.800
6048	753.100
11332	753.900
3716	754.100
7132	756.300
4736	757.600
6376	758.900
4584	759.500
5908	759.100
8792	760.700
8848	761.200
9516	761.400
10424	761.200
7712	762.700
9420	762.100
10208	762.400
3040	763.300
8188	763.500
1960	765.000
3216	764.400
8948	765.900
760	766.300
3000	766.800
11796	767.900
1140	768.100
4168	768.400
6788	768.200
5476	769.200
4604	771.900
4392	772.200
7260	772.400
2640	774.300
7076	774.900
720	775.200
7792	775.800
2920	777.000
6776	778.000
7756	777.400
10464	778.000
7124	778.700
7692	778.700
8980	778.300
9192	778.200
396	781.600
9776	781.700
10532	781.900
4796	782.600
116	783.800
9640	783.500
992	784.400
3344	785.000
1976	786.000
4164	785.200
6276	785.200
10596	785.700
11292	785.800
1340	786.300
9576	786.400
340	790.100
2792	790.700
3028	790.300
7368	790.400
7972	790.500
1116	791.900
3292	791.700
3608	791.500
6248	791.300
7684	792.000
9992	791.100
11200	791.300
3792	793.100
4516	794.200
6380	794.300
11624	795.000
432	796.000
6032	796.700
10928	797.100
7984	800.000
7080	800.300
7216	800.800
11468	800.700
4244	801.500
10576	801.600
6044	802.400
10452	804.200
3472	808.000
2920	809.000
3456	808.900
5564	808.800
9604	808.400
12368	808.200
6752	809.100
6860	810.000
936	811.400
1408	811.300
1816	811.200
2544	811.400
10212	811.500
2608	812.500
10896	812.300
12396	812.300
2880	819.000
6764	819.600
10956	819.800
6612	820.300
8572	820.100
9220	822.200
10916	822.900
11944	822.400
5492	825.500
9808	825.600
7704	826.900
2924	827.800
4304	827.900
4640	828.000
4680	827.100
8200	827.900
9340	827.100
632	828.600
3952	828.500
5680	828.600
5160	830.100
10796	830.600
2424	831.700
3616	831.500
5436	831.400
2576	833.500
1208	834.600
2640	834.900
3612	834.100
4856	835.000
2236	835.500
8848	835.400
3332	836.200
3692	836.800
4692	836.100
5468	836.700
7000	836.200
1872	837.500
3568	837.100
3704	837.600
9400	837.800
11784	837.600
24	838.100
176	838.500
3172	838.100
5540	838.100
6696	838.100
9592	838.200
10496	838.200
460	841.700
7888	841.900
4204	842.200
4632	842.600
4288	845.900
380	847.000
3604	848.000
6660	847.200
184	848.900
404	849.000
4992	848.500
8304	848.900
9884	848.300
11440	849.000
456	849.100
8036	849.200
2384	851.800
9276	853.900
1216	855.900
5032	855.300
8736	855.800
2140	856.500
2956	857.300
5948	859.900
12412	859.700
1004	860.400
6312	860.200
9132	860.400
5772	864.300
1008	865.200
8028	865.600
8108	865.600
1892	867.700
504	868.700
1592	868.800
11848	868.600
3924	869.600
8656	869.400
9588	869.700
12444	869.500
12464	869.500
7324	870.200
9832	873.300
532	876.800
2772	877.600
4824	877.900
5036	877.100
5664	878.000
1116	878.600
5236	879.000
6468	878.700
8020	878.900
8236	878.600
9340	878.800
1280	879.200
4428	880.600
12120	880.400
8892	882.500
316	883.500
4200	883.200
5208	883.600
1548	884.100
5080	884.600
4384	885.900
9228	886.000
11320	885.600
9836	886.200
11468	886.700
1156	889.500
2920	890.700
3296	890.500
9420	890.600
2352	891.600
4328	891.600
2060	892.500
5040	892.600
5908	892.700
1916	893.200
9132	893.700
11480	893.600
2120	894.900
6796	895.000
3808	895.900
1044	896.900
7176	896.700
9240	896.800
20	897.700
404	897.200
4892	897.400
6164	897.400
6704	897.800
1436	898.800
2168	899.000
2720	898.600
5552	899.000
6004	898.800
7380	898.200
10692	898.400
3660	900.000
7768	899.200
10728	899.300
3716	900.500
5356	900.100
7780	900.500
5160	903.700
10768	903.500
11904	903.700
7924	904.600
744	905.900
4008	906.000
2324	906.500
2432	906.100
4540	906.300
4944	906.200
432	909.000
1228	908.200
8440	909.000
11636	908.100
3200	909.900
5448	910.000
8644	909.300
652	910.700
8584	910.800
2240	911.500
2732	911.700
5844	911.400
1996	912.200
3436	912.300
3940	912.900
9256	912.900
11212	912.700
5832	913.200
11452	913.500
8424	915.800
880	917.600
4856	917.400
3468	918.700
6932	918.800
8320	918.200
9064	918.900
4236	919.900
7640	920.200
9696	920.600
876	921.200
2364	921.200
2916	921.100
10780	922.000
152	922.100
4044	922.200
4440	922.600
1384	924.000
3908	925.000
7656	924.900
6652	926.900
7920	926.200
11432	926.400
2048	927.800
5556	927.100
10552	927.900
7712	929.000
10892	928.400
3256	929.200
12352	929.100
1232	930.100
7844	930.400
12044	930.200
10240	932.900
1752	935.800
8680	938.100
7508	939.600
720	940.200
5368	940.200
6708	940.900
1964	941.200
4420	941.800
4992	941.500
8360	941.400
1612	942.600
2776	942.300
6316	942.400
8520	942.800
10296	942.300
11188	942.500
12176	942.500
7672	943.300
11344	945.600
11192	947.100
9348	949.000
8212	950.300
9932	950.600
5324	951.900
10312	951.500
3772	952.200
1532	953.200
10068	953.200
11264	955.000
11508	954.600
9044	955.800
9172	955.400
1156	957.200
6152	957.400
9536	958.000
8040	958.700
10024	958.400
540	959.200
10632	959.700
1696	960.900
12000	960.600
3180	961.400
992	963.000
6972	962.600
2872	964.800
5340	964.700
3892	965.300
5332	965.600
4708	966.400
8016	966.200
948	967.900
3228	967.400
7700	967.900
4772	969.000
12464	968.300
2440	969.200
11592	970.800
10860	971.200
6020	972.900
6376	972.800
6460	975.000
12432	975.200
2576	976.900
4984	976.900
204	977.600
2836	977.100
4524	977.300
7904	977.400
9860	977.400
11864	977.800
396	978.400
492	979.000
4372	978.500
6032	978.400
7884	978.100
9940	979.000
10500	978.400
784	979.600
1524	979.100
3800	979.200
3840	979.500
9756	979.400
11892	979.200
8628	984.900
11564	984.600
12308	984.200
8664	987.800
3276	990.500
2788	991.900
7144	991.700
2772	993.800
4084	993.300
7344	993.200
9476	993.600
11832	993.700
4792	995.100
5992	998.800
1436	1000.000
3696	999.900
5236	999.100
6768	999.300
8900	999.600
9200	999.600
11088	999.600
