# NEST version: 3.6.0
# RecordingBackendASCII version: 2
sender	time_ms
6267	156.900
895	159.300
9307	159.100
1439	160.900
2079	161.000
4927	160.500
2815	161.400
10435	161.300
299	162.200
1639	165.800
10467	165.500
8595	166.400
8983	166.500
9143	166.700
6447	167.800
7075	168.800
7383	168.600
7191	170.600
7963	171.000
10495	170.700
375	171.200
1279	171.200
1507	171.100
6619	171.400
9611	171.900
1655	172.300
2575	172.400
5699	172.600
7279	172.200
10803	172.100
12431	172.200
4375	173.500
5103	173.400
6067	175.800
6075	175.400
9891	175.500
3155	176.700
3611	176.900
8643	176.700
12095	177.000
5587	177.700
835	180.600
3379	180.100
6215	181.800
7499	181.100
4207	183.600
10335	183.900
11651	183.400
1387	184.800
559	185.200
6347	186.000
9379	186.000
1771	186.700
5035	186.400
6395	187.500
11507	187.400
2643	188.900
7551	191.000
10003	191.700
907	192.800
4143	192.600
7323	194.500
8407	194.100
5047	195.800
1559	196.200
8739	196.700
11199	196.600
11727	196.500
1019	197.600
1519	197.400
6555	197.500
8447	197.200
7695	198.900
1059	199.200
11595	200.000
67	200.900
4635	200.600
7199	201.800
10071	201.100
11111	201.800
2279	202.600
7391	204.100
11535	204.900
1867	206.600
207	209.000
6579	208.600
11987	208.300
6443	209.500
9295	209.500
8839	210.100
11531	210.300
7303	211.600
10151	211.100
11423	211.200
1663	213.500
1343	215.800
2199	215.200
3335	215.700
4311	215.900
5775	215.500
8339	215.600
1611	216.500
4879	216.600
6383	216.700
9291	216.700
12075	217.000
1875	217.400
4663	217.100
5191	217.500
6707	217.600
9967	217.600
7699	218.900
5499	219.500
7523	220.000
8095	219.900
11451	220.000
1619	220.700
3155	220.600
5103	220.900
7183	220.500
10207	220.500
10323	220.800
9547	223.200
9927	223.400
343	224.200
1299	224.700
4711	225.000
5767	225.000
8135	224.800
10019	224.900
5951	225.700
6395	225.500
3775	230.500
4199	230.700
9095	230.100
7259	231.600
379	233.000
1707	232.400
2675	233.000
3995	232.700
5199	232.500
5691	232.900
5703	232.700
6843	233.000
7475	232.800
9287	232.700
9595	232.400
9843	233.000
10547	232.800
12235	233.000
5687	233.400
9043	233.100
10847	233.700
8655	238.000
1095	240.500
7291	241.000
9867	241.000
12363	240.900
3211	241.100
1899	243.300
699	244.700
6267	245.000
4519	245.400
4347	246.200
12383	246.800
115	251.700
1807	252.300
5243	253.000
1683	253.300
5083	253.800
8591	253.900
9895	254.000
9047	254.300
67	257.800
1243	257.500
3299	257.700
1187	258.600
5899	259.000
8355	258.700
9975	258.600
10811	258.800
2367	260.900
5359	260.800
10891	262.000
11211	261.600
4671	263.400
4655	266.000
6671	266.900
2387	268.500
87	269.800
3795	269.800
3823	269.400
12283	269.600
12323	269.200
11099	270.300
4603	272.600
7723	272.800
11955	272.800
1147	273.600
2483	273.300
9147	273.300
11035	273.100
643	276.600
5019	278.600
6779	278.700
10263	278.900
475	279.100
6599	279.700
6967	279.600
7447	279.900
8203	280.000
10595	279.200
10935	279.500
12383	280.700
7055	281.900
6079	286.000
11263	285.600
5807	286.300
9483	287.000
5395	287.600
9219	287.400
5623	288.300
683	290.000
10991	289.400
12435	289.500
559	290.800
5239	290.300
6515	290.100
7731	290.800
10331	290.100
2207	291.300
7019	291.900
4295	292.600
4723	292.600
6403	292.700
7107	292.100
10619	292.900
659	293.300
1987	293.300
11479	294.000
1763	295.900
11655	296.700
9179	297.100
779	300.100
7623	300.900
11007	300.400
2519	302.000
3075	302.200
3391	304.100
4343	305.400
4663	305.600
9727	305.900
2035	306.600
3163	306.800
8007	306.300
9875	306.100
155	308.000
1903	307.600
8731	307.100
9731	307.700
10851	307.800
11635	307.800
723	308.200
12419	308.900
1651	312.700
2115	312.800
8375	313.000
11243	313.400
11603	314.300
4987	315.700
11979	315.700
1215	318.000
11427	317.500
8991	318.900
579	319.300
1439	319.700
1595	319.100
6579	319.300
7827	319.600
8023	319.100
8947	320.700
7287	322.800
9715	322.300
1263	323.300
2511	323.600
2935	323.500
7267	323.400
7679	323.600
9463	323.300
10507	323.300
587	324.200
1655	324.400
7027	324.100
8867	324.200
9515	324.100
10655	324.100
1411	325.500
10351	325.700
12095	326.300
107	330.500
5135	330.900
5803	330.600
487	331.400
10091	331.600
10335	331.800
639	332.200
11119	332.200
7719	334.000
5903	336.100
11543	336.700
803	337.200
1935	337.700
5023	338.100
5963	338.800
1211	339.200
1987	339.400
5087	339.100
5215	339.200
9723	339.800
11799	339.700
11931	339.700
5411	340.700
9607	340.200
2631	341.500
3919	341.500
10891	341.800
303	342.500
7115	342.300
8263	342.100
9615	342.600
10715	342.500
11123	342.500
131	343.500
671	343.200
1647	347.000
3131	346.600
1315	347.100
12455	348.000
3379	348.600
9487	348.400
11203	348.900
2531	349.100
8827	350.600
23	351.500
1807	351.300
2679	351.700
3891	351.300
6195	351.100
7703	351.600
8923	351.600
10703	351.400
11055	351.300
4079	352.100
12267	354.500
6187	356.300
1747	357.300
1771	357.300
7731	357.400
9415	359.100
9435	360.000
2207	361.000
5019	361.000
6443	361.000
9895	360.300
12215	361.000
199	361.800
3083	361.900
4899	362.000
7727	361.900
5455	362.100
2627	364.000
3623	363.400
4467	363.100
407	364.800
5279	364.900
6951	365.000
7175	364.100
10971	364.700
11995	364.200
1867	365.600
3823	365.100
3927	365.500
5427	365.600
6159	365.100
9771	365.600
1179	366.500
4291	367.000
4783	366.100
11023	368.400
483	370.000
1183	370.800
4279	370.800
11123	370.100
12263	370.100
8747	373.000
10623	373.000
6547	373.800
9979	373.800
47	375.800
899	375.400
1343	375.100
4767	376.000
7511	375.200
7335	376.800
12027	376.100
2299	377.600
4955	377.600
6931	377.800
1471	379.800
2215	379.300
9823	379.500
3567	380.400
4347	380.100
4995	380.700
7639	380.300
8515	381.000
1447	382.000
1579	381.800
4731	381.500
7847	381.600
8703	381.700
11715	381.600
12379	381.300
11011	383.000
8755	385.400
9771	386.300
11651	387.200
9051	388.800
10375	388.200
4071	389.100
4215	391.700
11903	391.700
8179	392.900
3523	393.900
5171	394.100
5571	394.900
9815	394.100
643	395.600
5795	395.900
1883	396.700
1967	398.200
4095	399.000
699	400.700
847	401.000
5475	400.200
8519	402.900
9387	403.000
9611	402.900
871	403.600
3063	404.000
6919	405.400
9651	405.500
2595	407.600
4971	408.300
5083	408.700
7943	408.700
11739	408.100
3179	409.300
9287	409.800
1355	410.200
2559	411.000
7175	410.700
7215	410.100
1559	411.500
2227	411.700
2727	411.700
4987	411.400
5287	411.900
6675	412.000
8487	411.400
8947	411.600
9907	411.100
10195	411.100
11759	412.000
1115	412.700
1343	412.900
67	415.500
475	415.500
4955	415.100
8535	415.100
7339	416.100
7495	416.300
2519	417.200
11707	417.900
2139	418.800
5427	418.900
6003	419.000
9803	418.300
10287	418.400
2179	419.600
4535	419.700
6487	419.900
7651	419.300
7643	420.100
7899	421.000
7391	421.300
8943	421.500
10955	422.000
11183	421.200
9843	422.900
3231	423.900
4519	427.900
9867	429.000
11839	428.600
723	430.100
3391	431.300
3863	431.900
4631	431.800
8067	431.900
2427	432.800
3051	432.200
8831	432.200
10663	432.400
11903	432.400
3315	433.200
7003	433.300
7659	433.300
5247	434.800
6707	434.300
7403	434.900
7975	434.500
10923	434.500
3503	436.000
10695	435.100
647	437.600
3055	437.700
7323	437.700
3491	438.400
3887	438.100
8195	438.400
9775	438.100
1319	439.300
1655	440.000
3971	440.000
883	440.500
1999	440.600
5687	440.600
7103	440.500
7387	440.100
8311	440.400
10303	440.900
11187	440.300
11499	440.500
83	441.100
899	442.000
5055	445.200
4171	446.800
4275	446.700
683	447.700
9731	448.000
11903	448.000
155	448.700
379	448.800
447	448.900
4159	448.400
4855	448.100
5027	448.200
7651	448.900
8371	448.600
9611	448.700
467	449.200
2027	449.700
2439	449.200
4967	449.100
8191	449.400
11331	449.500
283	453.800
687	453.100
2231	453.600
763	454.900
5303	455.000
8331	454.800
11535	454.600
1467	455.400
4099	455.800
3483	457.000
599	457.200
791	457.800
7355	457.400
8567	457.600
1871	458.700
3755	458.600
6967	458.900
7071	458.600
7147	458.800
7155	458.500
7215	458.900
8347	458.700
11287	459.000
6159	459.800
4223	462.400
5239	462.600
11987	462.700
4519	464.800
8743	465.800
1247	466.500
2259	466.500
4311	466.500
5123	467.000
7567	466.300
11183	466.600
7059	467.600
8447	467.200
71	468.100
6231	472.800
7635	472.800
843	473.700
9227	473.500
3631	474.600
8643	474.500
11451	474.600
12471	474.600
2699	476.200
9395	477.900
9719	477.400
10891	478.000
1723	478.900
11979	479.300
10139	481.600
12259	481.800
4291	482.100
11987	482.300
5087	485.500
7415	485.400
9483	485.100
1815	487.800
4463	487.300
6507	487.900
7795	487.900
8439	487.500
9447	488.000
11531	488.800
699	489.700
1391	489.400
11071	489.500
11187	489.400
11611	489.700
4079	490.100
12151	493.500
1523	494.800
11599	495.000
5739	497.900
5451	498.200
6875	498.500
9083	498.800
2179	499.800
3863	499.400
4107	499.400
4427	499.600
10015	499.500
10131	501.000
759	501.500
1903	501.600
2323	501.800
3647	501.700
8319	501.100
10143	503.000
12175	502.700
3015	503.600
7475	503.400
1479	507.000
12359	506.200
1619	507.600
6363	507.500
7275	507.700
7319	508.000
3055	508.200
6039	509.000
7411	508.300
9071	508.600
11211	508.600
979	509.500
1251	509.300
7047	509.400
7727	509.400
10195	509.700
12339	509.100
6331	510.100
3779	511.100
7427	512.400
1403	513.900
11335	513.500
11523	513.900
3655	514.500
6211	514.700
9775	514.100
6199	515.600
10383	515.800
1707	516.400
9499	516.400
63	517.600
7491	517.900
1323	518.200
5587	518.600
8507	518.400
5355	519.200
8035	519.400
10167	520.600
11783	520.300
4807	521.200
4915	521.800
571	522.300
10527	522.300
5067	525.700
5423	526.000
3611	526.200
7687	526.800
8059	526.100
8879	526.400
4091	527.400
8835	527.500
10507	527.100
11255	527.900
8231	530.400
55	532.500
2267	532.100
10591	532.900
2563	533.800
2715	533.300
6675	533.700
391	535.900
2227	535.300
2619	535.500
4671	535.500
5931	535.700
6291	536.000
7243	535.300
3039	536.100
4739	536.500
7639	536.100
10163	536.400
10223	537.000
10291	536.500
11135	536.400
11495	543.300
1067	546.000
7095	546.600
5231	548.500
5767	548.500
5947	548.100
7495	548.900
7659	548.800
12327	548.200
9651	549.600
11183	549.900
303	550.300
1159	550.300
4659	550.100
6427	553.500
9519	553.400
5067	554.100
2639	555.100
3227	555.100
5595	555.800
7567	555.200
7847	555.200
8471	557.400
10335	557.400
1143	559.700
4355	559.500
6939	559.300
7851	559.900
9495	559.900
10891	561.600
7267	562.800
10507	562.800
39	563.600
1183	563.600
11595	564.600
2427	566.000
283	566.900
11691	566.900
4127	567.500
4567	567.300
5099	567.500
7839	567.700
2319	568.600
5519	568.600
2231	569.100
9115	569.100
1411	570.100
8263	570.500
9043	571.900
9487	571.500
9439	572.500
10243	572.900
343	575.900
7327	575.900
7387	575.600
8015	576.000
51	576.100
2131	576.900
4271	576.900
6335	576.600
6459	576.800
11359	577.000
11379	576.600
295	577.700
11627	577.700
1231	579.000
4459	578.900
4099	579.900
4503	579.200
7231	580.000
11799	579.300
11515	580.500
235	582.000
7211	582.200
5623	585.500
9383	585.900
10191	585.900
4787	586.300
11175	586.500
11555	586.400
2647	588.000
9447	587.500
1395	588.600
8019	588.400
8219	589.800
9599	589.400
1467	590.100
7267	590.800
10983	590.600
3087	591.500
8479	591.400
10439	591.100
10835	591.300
5395	593.400
12191	595.000
9047	596.400
7187	597.900
843	598.100
1559	598.600
5903	598.900
5943	598.100
7043	598.800
8759	598.400
83	599.100
1227	599.200
4679	599.200
7759	599.300
9651	599.200
167	600.400
11135	602.900
4703	603.300
5435	605.200
1031	606.900
3375	607.200
5071	608.400
6303	608.200
8003	609.000
11327	608.100
11199	611.000
1051	611.800
8867	611.800
10591	611.700
2899	612.200
4199	615.800
6947	615.900
7919	615.900
8631	618.600
2531	619.400
5183	619.700
11955	619.200
2523	620.100
5047	620.400
4279	622.900
6243	622.800
10191	624.000
303	624.400
511	624.400
4055	624.500
5287	624.500
6907	624.100
8947	625.700
10619	625.100
11995	625.900
10143	626.400
4923	631.600
4343	632.300
6283	634.600
7027	634.400
8575	635.700
9363	635.600
11791	635.400
75	636.700
3971	636.400
12127	638.000
8975	640.700
9239	641.000
12339	641.000
2319	641.900
3375	641.800
6607	641.500
7319	641.400
7427	641.300
8851	641.800
1031	642.300
4987	642.400
5227	642.700
7403	642.400
2507	643.100
3983	643.300
11179	643.500
6803	644.200
1019	646.400
4175	646.900
4747	646.500
275	648.600
10955	648.700
975	649.900
4919	649.800
6383	649.600
7535	649.800
683	650.100
4155	650.500
8139	650.300
4539	651.900
6315	651.900
9303	651.500
723	652.100
1755	652.100
3611	652.200
5155	652.600
5643	652.100
8207	652.300
8611	652.700
9463	653.000
9491	652.400
123	653.100
5599	653.800
9143	654.000
2367	654.100
7839	654.500
11043	654.200
11519	654.600
4575	656.500
7667	658.600
8095	660.000
10183	660.800
8179	661.100
12191	662.000
12359	661.300
787	662.400
4979	662.900
5239	662.200
2219	663.700
5807	664.900
9007	665.000
3975	665.800
8411	665.800
8739	665.400
11019	666.900
1739	667.400
9039	667.400
19	668.900
8063	671.400
287	672.700
5671	672.600
7911	673.700
9867	673.400
11859	673.500
4955	675.400
8355	675.100
1967	676.700
11015	676.400
7479	677.100
779	678.600
467	680.700
427	683.000
8987	682.200
9651	682.100
12071	682.600
12379	682.500
107	683.300
2271	683.100
10543	684.000
12287	685.600
1699	686.300
6931	686.300
12327	686.100
12343	690.800
6267	691.200
8035	691.800
4003	692.400
4739	692.200
511	693.700
955	693.600
2191	693.600
2771	693.200
4143	693.100
5491	693.100
7055	693.500
8835	693.500
11083	693.100
1751	695.600
175	697.400
399	697.500
475	697.200
6215	697.900
6751	697.600
3323	698.600
4275	699.000
4639	698.600
6211	698.900
7727	698.800
9543	698.800
10151	698.300
10483	698.900
2611	699.400
7319	699.200
10647	699.800
6815	701.200
8247	701.100
7051	702.500
8799	702.800
10451	702.600
1939	704.200
5667	704.200
9891	704.400
2907	705.700
8059	705.200
11395	705.300
10911	706.900
6047	709.700
4207	710.300
4791	710.700
10475	711.000
5027	711.400
8587	712.500
6459	713.100
6567	713.300
2603	714.700
5395	714.400
9091	714.500
39	715.400
1339	715.100
1755	715.400
3223	715.600
3819	715.500
4923	715.200
7379	715.300
9739	715.100
10099	715.700
2507	716.500
5267	716.600
4203	720.900
7567	720.600
3395	721.200
5751	722.500
7015	722.600
11639	722.400
419	723.400
6555	724.900
7215	726.000
9491	725.700
2115	726.200
12239	726.400
235	727.100
3951	727.100
9527	727.200
1999	729.000
2615	728.100
4099	728.300
5903	728.300
2695	729.300
5603	729.100
11683	730.000
4783	731.000
7699	730.300
8019	730.400
9075	730.700
11999	730.300
975	731.100
4663	731.900
2319	734.000
2479	733.300
4667	733.300
8287	733.800
1979	734.600
2059	734.200
2563	734.400
5171	734.600
5735	734.100
6779	734.500
6939	734.200
8015	734.700
9219	734.900
6299	735.200
10451	735.200
2043	740.900
4795	740.500
6675	740.300
7775	740.200
11503	740.500
8435	741.200
4343	742.800
8695	742.800
6231	744.400
10407	744.700
12383	744.900
10375	747.700
723	750.000
5775	750.000
11527	750.600
11959	750.700
12343	750.600
691	757.700
2935	757.100
7059	757.100
12151	757.900
6135	758.100
8967	760.300
9239	760.700
8279	761.500
7847	763.500
8547	763.900
1031	764.100
3975	764.400
7695	764.900
12135	765.000
1131	765.700
1911	765.800
4887	765.900
6467	765.500
7731	765.800
323	766.700
4487	766.700
11635	766.600
11659	766.100
6599	768.000
1351	770.200
6607	770.300
2391	771.600
10095	771.200
5939	772.100
9307	774.400
4079	775.800
11095	775.900
11175	775.500
2151	778.800
10535	779.800
1931	780.400
11515	780.300
1319	784.000
1911	783.800
8827	784.700
10143	784.500
83	786.400
2471	786.900
7531	786.100
11491	786.900
11691	786.600
1707	787.700
5623	787.700
12239	787.800
10387	789.000
3827	789.900
11287	789.600
10163	792.300
7111	795.000
2043	795.400
7611	795.500
9015	795.900
10935	795.700
11531	795.600
1739	796.100
9379	796.100
2103	799.500
3387	799.400
4987	800.200
8503	800.700
9043	800.300
5131	801.500
7475	801.600
9135	801.500
2311	802.700
6547	802.900
191	803.400
1031	803.400
6015	803.800
8691	803.700
9267	803.700
4159	804.700
6131	804.800
6287	804.900
6475	805.000
807	805.900
2139	805.300
7259	806.800
8423	806.100
6115	807.200
1935	808.100
9651	809.200
3575	810.400
8847	811.600
9827	813.400
5655	814.500
8095	814.600
55	815.200
4887	816.000
5259	815.900
11511	815.400
2927	816.800
5091	816.700
5503	816.600
8091	817.000
8515	816.200
9591	816.200
10363	816.100
10667	816.200
10811	816.500
9823	818.500
107	819.800
6987	819.900
10531	819.800
11239	819.300
12391	819.800
2787	820.200
11859	825.300
447	829.600
683	829.200
3211	829.300
3295	829.200
3339	829.800
9439	829.500
175	830.400
1795	830.900
2819	830.600
3543	830.300
3867	830.900
6055	830.400
6455	830.900
9331	831.000
9859	830.400
1571	831.100
4055	831.700
4411	831.400
6215	831.400
6595	831.400
7747	831.300
8183	831.400
8699	831.400
9435	831.300
9515	831.500
9727	831.500
12347	831.300
10399	832.400
6567	835.400
4343	838.000
5487	837.400
10775	837.100
11535	837.700
9719	839.000
10727	840.700
10771	842.000
4795	842.800
115	844.900
4663	844.800
4923	845.000
9931	844.400
4903	846.700
5735	846.200
10295	846.300
4979	847.900
11015	847.400
4363	848.800
7091	848.900
9391	848.500
1699	849.300
3979	850.000
9539	849.500
11231	850.000
11919	850.800
12163	850.700
3251	852.000
9091	851.300
6011	853.500
6511	854.900
7327	854.400
8867	854.400
1559	856.000
1639	855.900
2983	855.200
9451	855.300
11519	855.300
12011	855.400
6651	857.300
9359	858.600
947	861.000
19	861.800
295	862.000
279	862.600
1439	863.000
7987	862.100
9047	862.900
4359	863.900
9535	863.500
4771	864.900
4839	864.400
6711	864.500
9875	864.100
1963	866.000
3523	865.200
3875	865.500
4567	865.700
643	866.700
763	866.500
1003	867.000
2759	867.000
3099	866.500
4143	866.600
6067	866.700
10211	866.700
1743	867.400
6659	868.000
1971	868.200
2595	868.300
6819	868.100
7747	868.200
991	870.500
8351	870.400
299	871.700
7911	871.700
1791	872.300
8343	872.200
8707	872.800
12263	872.300
1835	874.900
3983	874.900
6351	874.600
95	875.900
11663	875.700
10583	878.500
595	880.600
11879	881.000
3651	881.800
6603	881.900
9307	881.900
10423	882.200
1559	883.700
4659	883.100
10763	884.000
563	884.400
9683	884.500
10703	884.600
1591	885.500
5763	886.800
3127	887.600
263	888.700
1655	888.400
10467	888.400
195	889.200
847	891.600
2787	892.200
5267	892.200
5903	892.500
7459	892.800
8263	892.800
2219	895.000
2931	894.500
2119	895.700
2215	895.100
7535	895.500
9727	895.300
1707	897.000
5999	896.300
7275	896.900
9175	896.300
9999	896.700
10475	896.300
8183	899.000
10139	899.600
10383	899.300
539	900.700
6075	901.800
3919	902.400
2131	903.900
9875	904.800
10375	904.400
983	908.900
4383	908.100
8727	908.900
2951	909.700
11523	910.000
12151	909.400
303	910.700
1523	910.200
6907	910.600
8755	910.500
4927	914.600
75	916.000
1351	916.000
2507	915.400
9771	915.900
11931	915.800
763	916.100
779	917.000
4651	916.200
7255	916.600
9879	916.400
2079	917.500
3891	917.700
5935	917.800
7699	917.700
11111	918.000
947	918.100
1291	919.000
4915	919.000
5603	918.800
10603	918.900
9451	919.800
9599	919.200
11711	919.300
4579	921.800
9983	921.200
3767	922.900
8971	923.000
8987	922.600
10891	922.200
10899	922.800
11511	922.500
1619	923.200
7403	925.800
11491	925.500
2067	927.700
3975	927.200
3807	928.700
8311	929.000
67	931.000
671	931.000
2419	931.000
3655	930.900
7899	930.300
8351	930.500
10599	930.300
7279	931.100
7543	931.600
8459	931.300
4207	932.300
8599	932.200
9887	934.500
39	935.100
7871	936.200
2063	938.000
7711	937.800
10983	937.400
11487	937.200
2639	938.900
1299	939.300
11739	941.700
12079	943.800
4767	944.800
5091	945.700
6935	945.100
7335	945.100
11639	945.700
11967	945.100
2287	946.800
9071	946.900
6047	947.400
6815	948.000
7107	947.800
11423	948.000
4799	948.700
5027	948.500
8799	948.900
9455	948.400
10167	948.300
11931	948.100
4907	952.200
6499	953.000
5135	953.600
6367	954.000
975	954.400
1627	954.900
2723	954.900
2883	954.900
3131	954.200
7847	954.900
7891	954.600
10219	954.300
1611	955.900
10383	955.700
2915	956.700
8719	956.600
2331	957.200
2179	959.300
9599	960.700
7287	961.900
11987	962.200
431	963.700
5899	963.100
4467	964.800
1335	965.900
1883	966.700
8811	966.100
1967	967.300
3411	967.700
3839	967.700
4279	967.500
10935	967.100
2043	968.500
43	969.200
11719	970.800
895	971.800
2787	971.600
67	972.100
5247	973.000
6091	972.400
5779	973.700
6663	973.300
11243	973.500
11395	973.400
2215	975.000
4483	974.900
7911	974.400
10963	974.800
6427	975.200
9719	977.300
1651	980.000
1807	979.100
2543	979.500
2695	979.100
7547	979.800
11123	979.600
11595	979.900
4195	980.300
9287	980.200
4199	983.900
9599	984.100
7387	985.200
1095	986.500
1711	986.800
2783	986.200
3503	986.100
4071	987.000
5503	986.200
8763	986.100
879	987.600
2355	987.400
2431	988.000
2755	987.100
3231	987.200
3375	987.300
4079	987.800
4383	987.500
4895	987.100
5355	987.700
6735	988.000
6791	987.100
6935	987.800
8611	987.700
9183	987.400
9823	987.500
2615	988.100
3779	988.800
4007	988.500
4175	988.300
4299	988.100
4375	988.200
5547	988.200
5743	988.800
6607	988.800
6823	988.300
6827	988.300
9535	988.300
10351	988.200
10895	988.700
1639	996.800
12467	998.200
10891	999.900
11115	999.600
