# NEST version: 3.6.0
# RecordingBackendASCII version: 2
sender	time_ms
4293	157.700
8105	158.900
2121	159.700
2533	159.400
8465	159.400
981	160.200
3361	161.500
7641	162.000
8861	162.000
1693	164.000
10341	164.100
11681	164.300
9741	165.500
685	166.400
2901	166.600
5253	166.600
1049	167.800
3925	168.000
337	168.100
5745	168.900
4649	169.200
7993	170.900
965	171.700
2561	172.100
6845	173.600
12305	173.800
5257	174.700
5389	174.800
12053	174.200
11113	175.800
3525	177.400
3905	177.800
4325	177.100
9469	177.700
1673	182.800
2749	183.000
3841	182.800
6033	183.000
5125	183.700
6057	183.800
8457	184.000
209	184.700
4193	184.700
6729	184.800
7129	184.500
7365	184.900
7721	184.600
10125	184.500
10689	184.800
1689	185.800
3305	185.600
3309	185.100
1677	186.900
2189	186.600
6805	186.200
8413	186.600
8741	186.600
11285	187.300
11521	187.600
9865	188.800
333	191.600
9293	197.000
4353	197.700
1045	200.700
1641	200.200
6593	200.100
5661	201.800
5845	201.200
3033	202.500
4449	202.400
10613	202.200
957	203.600
10357	203.300
2309	206.200
9165	207.700
1681	208.300
3737	208.400
9541	208.300
9513	209.600
4041	210.800
253	211.900
2225	211.900
6585	211.700
7225	211.200
2769	212.300
5513	212.200
9321	212.400
11813	212.200
1301	214.400
4125	214.200
6313	215.000
9805	214.500
11181	216.000
6041	216.900
6757	216.100
8013	217.000
9425	216.300
2409	219.000
4081	218.100
10001	218.200
4473	220.000
8629	219.100
11845	219.100
12457	219.400
3181	222.900
2821	223.100
6881	223.200
7617	223.700
12005	223.800
965	224.700
1261	225.900
10017	225.200
173	226.300
701	226.600
489	228.400
2521	228.300
3345	228.800
5789	228.900
8585	228.800
2197	229.800
2245	229.800
3125	229.900
4877	229.400
8421	229.800
10729	229.500
10785	230.000
11853	229.600
2509	230.100
3061	230.200
3825	230.300
4021	230.400
7321	231.400
7653	232.000
12133	231.800
1417	232.700
753	237.800
5257	237.300
7061	237.600
8589	237.800
4725	238.500
8289	239.000
3005	239.200
853	241.400
2301	244.600
5481	244.500
6217	245.700
10073	246.300
6365	247.600
4701	248.900
6449	248.700
3073	249.800
4737	249.400
12313	249.300
2137	257.100
11521	257.700
8097	258.100
10505	259.300
7933	260.100
2469	261.500
12477	261.400
10781	262.700
12325	262.700
1217	263.200
2249	263.700
7985	263.400
3953	264.800
7449	265.800
2569	266.600
3401	266.600
7461	267.000
8733	267.300
2877	268.800
8309	268.200
6697	269.100
3909	270.100
6973	270.100
7773	270.700
9385	271.200
11977	271.900
11021	272.900
2861	273.900
8649	273.400
8725	273.800
11417	273.900
3293	274.400
17	275.400
6717	275.400
577	276.300
7253	276.900
11289	277.700
2505	278.200
3961	278.900
6297	279.000
8529	279.000
10421	278.700
11137	278.500
11969	278.200
961	279.900
2381	282.100
10181	282.800
2449	283.600
3309	283.400
4625	283.100
7245	283.900
3553	284.700
6713	284.300
8137	284.300
9109	284.900
1477	285.100
2005	285.500
2713	285.700
8185	285.700
8669	285.600
11881	285.100
5961	286.400
1789	287.800
5829	287.100
9149	287.200
10713	287.700
12193	287.300
6869	289.600
7969	289.300
5197	290.500
7857	290.200
9017	292.000
10369	291.600
1681	292.200
3101	292.400
9237	292.200
10325	292.400
6581	294.300
6797	294.700
2137	295.300
3637	295.700
12429	295.800
4297	296.700
10037	296.500
5793	298.700
7365	299.200
8697	299.200
11401	299.800
12025	299.600
209	300.800
373	300.300
545	300.300
1245	301.000
2869	300.600
3205	300.500
3585	300.600
3661	301.000
3825	300.600
5089	301.000
6061	300.200
6073	300.300
10065	300.400
11941	300.700
7249	304.000
2201	305.800
9949	305.500
2429	306.600
8473	306.600
10365	306.400
8513	307.800
2669	309.800
2061	310.400
9169	310.100
1157	311.200
11833	311.900
2065	312.200
10321	313.000
12057	312.400
9993	315.900
4701	317.400
12349	319.000
6233	319.500
7309	320.900
7505	323.000
8469	322.200
9105	322.600
10233	322.900
1281	323.700
3861	323.600
10533	323.900
11489	323.500
345	324.600
4521	324.400
5489	324.500
8989	324.500
10697	324.900
1121	325.700
7305	325.700
10169	325.600
6137	326.400
7097	328.700
10601	328.100
10773	328.500
41	333.000
3609	333.600
4821	333.900
6425	333.100
2225	335.900
9957	335.900
11049	335.700
2953	336.400
2073	337.900
3937	337.500
5529	337.300
9429	337.200
12337	337.800
2205	338.200
2957	338.300
4637	338.100
5249	338.900
5445	338.600
7281	338.800
2637	339.200
7265	339.300
9729	339.700
6973	341.000
7537	340.100
1641	343.000
2897	343.900
9045	343.900
11601	343.100
853	344.500
9049	345.600
2097	346.800
757	348.000
4749	348.800
2021	349.100
2121	349.400
637	351.000
8005	350.900
9873	350.500
6965	351.800
5413	352.200
9265	352.300
10009	352.900
6525	353.100
6541	353.500
7949	353.600
10013	353.200
12437	353.400
12413	354.300
1445	355.100
7273	356.900
10133	356.200
245	357.800
7805	357.900
10621	357.600
5365	358.500
1789	359.600
2561	359.900
8745	359.100
10973	360.000
11853	359.900
617	360.700
3477	360.400
7497	360.600
10185	360.500
4785	361.400
10109	361.600
10529	362.300
5677	363.200
11105	363.700
11449	363.200
173	366.000
9009	365.500
11401	366.500
3201	368.800
12361	368.200
7813	370.100
3113	371.200
3965	371.500
8777	371.600
153	372.400
713	372.700
1589	372.400
3381	372.600
4249	372.400
5745	373.000
10937	372.700
1921	373.400
7941	376.000
11557	375.800
4729	376.700
2825	377.600
3577	377.900
4625	377.800
449	378.200
1905	378.900
1917	379.600
3597	379.100
4277	379.200
7901	379.800
9005	379.300
9629	379.900
9801	380.000
485	380.100
1349	380.400
1649	380.400
2537	380.900
4837	380.400
5293	380.500
6109	380.600
6545	380.100
7005	380.700
9633	380.400
10677	380.400
11101	380.300
1985	381.900
4937	381.100
7165	381.100
3765	382.600
5637	383.600
9833	383.900
10993	383.100
3777	385.600
5665	385.600
6541	385.600
8513	385.300
11485	385.600
11997	385.400
5	386.400
4737	388.000
11381	387.200
8045	390.700
10665	390.700
10421	392.000
6753	392.800
7537	392.200
11941	392.700
4285	393.500
6373	393.300
1121	394.500
2961	395.300
8409	395.900
545	397.000
1645	396.300
1869	396.300
3537	396.500
10717	396.100
11493	396.400
4609	397.100
10541	397.300
1229	398.900
10077	398.900
305	401.500
4857	403.800
997	405.000
7465	404.900
1369	405.400
1613	405.100
2369	405.900
2613	406.000
2665	405.500
4901	405.500
5001	405.500
5165	405.900
6577	406.000
8201	405.500
11049	405.600
11461	405.400
7161	406.100
185	409.600
2721	409.300
6953	409.400
9733	409.600
261	410.600
1997	410.900
4161	410.900
11701	411.200
8797	412.100
4741	414.600
5949	414.200
11965	414.700
10573	416.900
9281	423.000
1321	423.700
3953	423.500
6185	424.000
2405	426.000
2749	425.600
4109	428.600
5977	429.000
6073	428.100
10657	428.700
10069	429.600
12005	430.900
7445	432.400
10109	433.900
869	435.800
2141	436.100
5597	436.900
325	437.900
4261	438.000
4909	437.900
7401	437.100
577	438.600
4001	438.500
5489	438.600
6317	439.000
10129	438.800
10581	438.700
12137	438.800
2185	439.500
3825	439.500
4373	439.600
10013	439.300
12213	439.100
5885	441.900
1597	443.500
3425	443.100
6077	449.000
10073	448.400
221	449.200
2157	449.700
2661	449.300
4137	449.300
8241	449.200
9425	449.700
12189	449.600
2845	450.600
5245	450.300
6069	450.400
6717	450.500
8697	451.800
9065	451.400
11797	452.800
9185	453.700
8421	456.100
11461	456.700
11501	456.900
7449	457.300
11417	457.500
2805	460.700
7753	460.500
1157	462.000
7489	461.300
9973	461.400
2769	462.900
3449	462.200
3817	462.100
4913	462.700
5273	462.300
5445	463.400
7845	467.900
1413	468.600
1757	468.200
3537	468.300
4561	468.400
7625	468.400
10137	468.800
10541	470.300
8001	472.600
1037	473.700
5681	473.100
11257	474.200
357	477.000
10997	476.800
1593	477.400
11769	479.700
97	481.000
245	480.800
2637	480.500
3621	480.300
7957	480.800
10845	480.500
10921	480.700
4961	481.500
1301	485.800
7705	485.300
8813	486.000
10013	485.300
1721	486.200
9209	486.600
5013	487.900
453	489.000
2437	488.200
2605	488.800
2993	488.500
8241	488.600
2609	490.000
4205	489.800
11377	490.400
6329	493.500
11449	494.000
4313	494.500
11697	494.800
3353	495.200
11209	495.300
4457	501.000
7193	500.400
165	501.500
2225	501.300
4017	501.200
5429	501.700
8053	501.600
11493	501.600
1281	502.300
4073	502.400
5245	502.200
6497	503.000
8609	502.800
10065	503.200
11629	503.500
12077	503.700
1993	505.900
7361	506.600
9917	508.200
2337	510.700
2717	510.600
10561	510.800
5217	511.800
5733	511.400
2745	513.400
10073	513.800
7613	514.300
1605	515.700
9525	515.600
1297	517.500
9073	517.300
10925	517.500
5601	518.100
3469	519.700
8381	519.600
349	521.000
2401	520.400
3773	520.800
4577	520.200
7457	520.900
213	521.300
961	521.700
1445	521.200
6709	521.700
7793	521.500
9817	521.600
11269	521.500
12041	521.400
12113	521.600
12353	521.900
2137	522.200
2617	522.300
9345	525.500
11357	526.900
3749	527.900
4977	527.100
11477	528.000
6085	530.700
2233	532.000
3805	531.200
5289	532.200
7881	532.100
8801	532.300
5257	534.000
5161	535.600
10025	536.000
12433	536.000
5445	536.900
1109	538.400
4517	539.000
4757	538.900
7909	538.100
11661	538.900
12233	539.000
4125	539.200
11761	539.100
3421	540.600
165	543.400
585	544.500
3901	544.800
7453	544.400
9809	544.700
2181	545.700
3297	545.400
8789	545.600
2661	547.500
3513	548.000
4537	548.000
3385	548.900
2861	549.700
5929	549.400
1461	553.000
4193	552.700
1729	554.300
6513	554.900
11057	557.000
3817	557.600
4989	557.700
5549	558.000
929	559.000
3625	559.000
7229	561.500
8129	562.000
8513	561.500
10153	561.500
8173	562.200
1253	563.700
8549	563.500
7733	564.900
8289	564.200
8413	564.100
5425	566.000
7741	565.700
8765	565.700
2805	566.700
3529	566.900
5861	566.700
11977	566.600
9913	568.000
12481	567.700
7121	569.600
869	571.700
2989	571.300
10525	571.400
11789	572.900
2685	573.400
9041	574.000
10841	575.400
11557	576.100
10085	577.400
2101	578.100
2225	578.500
153	580.200
6221	581.000
7217	580.200
589	581.500
3601	581.300
10461	581.700
5401	583.200
9145	583.400
1593	584.500
8569	584.400
2825	585.300
289	586.500
5505	589.400
3649	592.000
9513	591.800
4261	593.000
5029	593.300
7577	593.600
3149	594.800
5365	596.100
9613	597.000
985	598.100
1937	598.900
5881	598.500
2193	599.600
8605	599.600
7609	601.000
5601	602.000
2349	603.000
1497	605.000
4917	605.000
3905	605.700
7005	605.900
2149	606.300
2421	606.100
2493	606.900
6901	606.600
7637	606.300
7937	606.900
8189	606.300
11829	606.900
9009	607.300
10173	607.700
11237	607.800
1901	609.500
2445	610.000
9549	609.200
8017	610.800
3545	611.900
4985	611.900
6757	611.500
11345	611.200
917	612.200
10465	613.600
12209	613.500
10273	615.000
6129	616.200
5221	617.800
229	618.400
961	618.300
7993	618.600
11105	618.600
11605	618.400
5997	620.400
2861	621.800
5889	622.600
405	623.500
3837	624.000
4309	623.400
7741	624.400
3889	625.100
4041	625.700
9833	625.100
4157	626.900
6781	626.900
1033	627.200
10501	628.700
3001	629.600
4661	629.400
5301	630.000
5821	629.800
11181	629.400
11221	629.600
12353	629.300
10517	631.600
857	634.300
5385	634.800
6753	634.400
2637	635.900
8229	635.600
11769	635.300
4681	636.600
6373	637.700
5257	639.000
8713	641.300
8809	642.300
8581	643.600
10105	644.800
1757	645.100
5013	645.900
1577	646.500
1825	647.900
6989	647.900
8049	647.900
5489	648.300
6237	648.300
6561	653.700
169	654.200
1153	654.300
8605	657.600
3513	660.400
6377	660.900
9041	660.300
1469	661.700
4201	662.000
6429	662.000
2553	662.900
1333	664.000
7585	663.500
1453	664.700
12177	664.400
8813	665.200
11557	666.600
4089	667.300
9689	667.400
2141	670.900
4973	670.600
9853	670.300
11273	670.100
4021	671.800
10741	671.500
2205	672.900
12037	672.400
7425	673.200
2577	674.400
8241	675.000
1181	675.700
1517	675.200
6401	675.400
6909	676.000
7793	675.500
12153	676.000
6541	677.000
7213	676.200
7377	676.700
9513	676.800
11701	676.200
5013	677.700
4625	678.900
8705	678.300
753	679.400
1169	679.800
2149	680.700
5577	680.800
6969	680.400
9465	680.500
9785	680.300
3113	681.900
4705	685.000
10861	685.000
12213	684.800
2085	685.700
7845	687.700
9381	687.400
885	688.500
1021	690.200
11149	690.700
117	691.400
2157	691.800
2821	691.200
3825	691.400
4825	691.500
6573	691.600
10989	691.400
2337	692.800
8833	692.200
9729	692.200
585	694.000
10373	694.000
69	694.700
1361	694.800
4233	694.300
4321	694.100
8081	694.200
1245	695.300
8125	696.200
12337	696.700
909	697.200
1985	697.900
4801	699.000
4857	698.500
10481	700.400
1401	701.800
3673	702.300
10529	703.000
6953	703.400
7885	703.900
9289	703.400
12325	705.000
285	705.500
1449	705.700
7933	706.000
9045	705.900
1873	706.700
3709	706.400
261	707.600
477	708.000
5857	707.200
6265	707.200
10289	707.600
5805	709.000
10217	708.300
5201	709.400
10921	711.600
11889	711.400
8353	714.400
6633	716.400
1201	717.200
3089	717.600
4309	717.600
1145	718.800
12425	718.700
2089	719.400
6309	719.500
969	722.700
6489	722.100
7681	722.700
10637	722.900
11165	722.500
11977	722.500
2769	723.100
5897	723.100
11661	723.200
10225	728.500
8953	730.100
2133	734.000
9489	733.700
3573	735.900
3617	735.200
10197	736.900
9909	739.000
10377	738.200
11049	738.900
4829	740.200
7149	742.000
765	742.800
2305	742.300
5037	742.800
8293	742.200
11701	744.000
761	744.400
3369	744.600
3593	744.800
5449	744.200
7549	744.800
9833	744.100
1361	748.900
1421	749.400
11505	750.000
3321	750.100
10569	750.500
2141	752.200
6385	752.100
1701	755.000
4933	754.700
7725	754.200
21	756.000
1041	755.200
3121	755.800
6561	755.200
8189	755.700
1065	757.000
2121	756.800
4037	756.500
4049	756.700
6593	756.300
6893	756.200
6937	756.200
7901	756.500
9329	757.000
10381	756.200
12189	756.500
12393	756.200
5685	759.900
8993	759.500
9773	760.000
6009	761.000
657	761.700
1097	761.500
1241	761.300
5089	764.500
5561	765.100
11377	765.800
10769	766.800
9217	767.600
12361	768.000
3801	769.500
11021	769.300
5797	770.400
10945	770.800
10009	772.800
10757	772.300
9405	774.800
11249	774.300
11965	774.600
6525	779.000
7273	779.800
11197	779.900
2521	783.600
9213	783.800
2677	784.600
3489	784.200
10377	784.500
7905	785.700
9661	785.500
11453	786.200
1417	788.000
3809	789.100
9429	789.800
3005	790.200
1405	791.500
3889	791.800
6857	791.400
8945	791.600
7645	792.100
981	795.000
4709	795.100
4861	795.700
7709	796.600
633	797.900
2617	797.700
3893	797.300
7845	797.800
11093	797.100
12465	797.600
1269	798.600
2545	798.400
3657	798.600
4805	798.900
2697	799.800
3101	799.700
5169	799.700
4025	800.800
12109	800.700
2945	801.400
7141	801.100
7385	803.100
11601	803.700
4361	804.800
8617	805.700
365	806.500
2993	807.100
3665	807.500
10725	808.000
5273	808.800
11445	808.300
3785	809.700
6345	810.000
2325	811.000
6369	810.700
7349	811.500
12153	811.500
8121	812.200
1981	814.300
2113	814.500
7253	814.900
11369	815.000
1697	815.500
2933	815.700
3741	815.800
6989	815.600
10173	815.200
12313	817.500
6601	818.300
7453	819.400
717	821.700
4121	822.400
4589	822.200
6809	822.300
7461	822.100
7625	822.500
7657	822.400
10769	823.000
2685	823.400
3401	823.800
8857	823.900
11597	823.900
12425	823.200
7409	824.800
12281	827.000
10837	830.500
1485	831.600
5413	831.700
997	832.900
10573	832.700
10773	832.500
5513	833.100
8549	833.300
10013	833.300
12461	833.100
5497	834.100
5257	836.100
209	837.900
1261	837.500
5533	837.300
4193	839.000
10889	838.600
1585	839.500
3869	841.300
4325	841.700
7445	841.700
301	846.300
4201	847.700
7973	847.300
8101	847.800
5189	848.100
2389	849.300
6133	849.600
69	850.600
2553	850.300
3189	850.400
6981	850.700
10125	852.000
10277	851.700
11189	851.900
5501	852.600
6073	852.300
10057	852.400
10321	852.800
10753	852.500
11325	852.400
5297	856.600
10417	857.700
12385	857.900
6093	858.300
6541	858.100
4869	859.400
1541	860.200
2805	860.300
5589	860.100
6429	860.200
11457	860.500
461	861.200
6953	861.200
1017	863.000
10053	862.400
10301	862.100
1225	864.600
6665	864.700
11173	864.500
6989	865.900
3485	866.600
7901	866.200
5853	867.800
6693	867.800
11045	868.000
1669	871.100
6925	872.900
9345	872.900
453	873.900
713	874.000
1969	873.500
7909	873.500
11205	873.900
4521	874.100
9961	877.400
12429	877.800
1045	879.600
1849	879.900
11501	883.400
2113	885.000
4605	884.100
6585	885.600
6853	885.400
3709	886.200
11805	886.200
3553	888.000
12329	887.400
2205	888.100
11289	888.200
11473	888.200
5445	889.100
10225	890.000
537	891.000
7373	891.500
2009	892.400
7813	892.200
7993	892.100
4037	894.200
5001	895.600
4357	896.300
549	897.300
3329	897.700
5089	897.900
3777	898.300
11781	898.700
9769	899.400
10013	899.300
10113	899.600
10125	899.300
10265	899.600
4429	901.600
6209	902.500
2281	903.300
9613	903.300
10993	903.800
813	904.500
5481	905.000
4701	906.000
11673	907.000
3845	907.700
6549	907.500
357	908.300
11453	908.100
1593	909.700
4121	910.000
1997	910.900
597	911.500
2369	911.900
5201	912.500
7861	912.800
9005	912.600
1249	913.800
4821	914.000
5161	913.900
9225	913.600
10153	913.600
7653	914.900
11377	914.500
2753	915.300
5805	915.600
445	918.300
5945	918.800
8541	918.400
8885	918.200
3529	919.500
7717	920.000
9213	919.700
10069	919.600
10381	919.500
2485	920.300
4825	920.200
6613	920.300
4161	921.300
4585	923.000
3869	923.200
5857	926.000
11777	925.100
765	927.300
4977	928.600
9029	929.000
11381	928.200
6033	930.000
341	930.500
3437	930.900
3633	931.200
6137	931.300
7973	931.900
8009	931.300
1793	932.800
2213	932.800
7521	932.600
3085	933.600
8809	933.200
7609	934.500
10925	935.300
6313	936.800
7449	936.400
7497	936.200
7933	936.200
9065	936.600
3825	937.800
7589	937.100
469	938.200
3217	938.300
5073	938.500
6441	938.900
11185	938.900
11429	938.600
4305	939.800
4901	939.200
12233	939.100
4293	941.000
1717	942.400
4805	942.700
6225	942.800
8169	943.000
8625	942.400
9289	942.900
10529	942.900
857	943.800
1025	943.300
1493	943.700
1897	943.300
5577	943.400
8957	943.800
11181	943.200
5473	944.200
5489	944.900
3837	945.100
6485	945.600
6109	948.600
1801	949.400
2617	949.600
5125	949.700
11401	949.700
4737	950.700
4985	950.600
7613	952.500
10001	952.700
449	953.700
2533	954.000
8949	953.300
7193	954.300
6009	957.900
6573	957.400
10009	957.300
12405	957.300
2449	958.300
1057	959.600
3585	959.100
7545	959.900
9153	959.500
9633	959.700
4921	960.700
6029	960.700
6145	961.000
7857	960.600
417	961.800
601	961.100
965	961.700
3693	961.500
5949	961.800
11601	961.500
405	962.300
5953	962.700
8173	962.900
8341	962.300
145	963.800
649	963.100
4885	964.000
9073	964.000
11713	964.000
2629	964.500
4741	964.400
6445	964.900
7473	964.400
8053	964.700
9005	964.300
2805	965.300
4077	965.600
4745	965.300
5345	965.500
10389	965.500
6429	966.200
89	968.400
2853	970.800
4657	971.400
10861	972.100
11493	972.100
11737	972.500
2161	978.900
2381	978.600
12189	978.300
1957	979.600
5969	979.900
3625	980.500
4413	980.400
3401	981.600
4361	981.200
7789	981.500
8029	981.800
9377	982.000
2081	982.600
3649	982.100
4325	982.300
4409	982.400
5729	982.600
8041	982.300
9917	983.000
10245	982.100
12181	982.700
2057	985.200
9877	986.200
4745	987.300
6081	987.100
6221	987.800
11661	987.800
6217	988.500
7721	988.700
9449	989.700
10217	989.400
1133	991.100
2125	991.100
8181	991.900
11049	991.500
12469	992.000
1745	994.100
2537	995.600
7117	995.800
161	997.100
521	998.000
1229	997.900
3961	997.700
6073	997.800
7773	997.700
733	998.100
1773	998.700
3953	998.200
5789	998.300
7309	998.400
12429	998.600
381	999.400
1653	999.600
5561	999.100
11041	999.200
11549	999.600
12001	999.400
