# NEST version: 3.6.0
# RecordingBackendASCII version: 2
sender	time_ms
5599	158.300
8135	158.800
2115	159.100
10435	159.100
4339	161.500
9375	161.500
10439	161.700
10895	161.100
8039	163.500
7547	164.500
4031	166.200
6887	167.000
7439	166.500
811	168.000
1755	167.200
8591	167.800
9795	167.200
679	168.300
907	168.700
1979	168.500
4199	168.800
4527	168.400
4671	168.100
5355	168.200
6487	168.600
8699	168.600
8943	168.200
9303	168.300
9363	168.600
9639	168.600
11819	168.500
2827	169.200
3723	169.100
4027	169.400
6831	169.200
7151	171.900
8643	171.600
2771	172.800
711	173.900
6279	173.300
7695	173.400
11663	174.000
7523	174.700
9715	174.400
3467	176.300
4155	176.600
12351	176.200
35	178.700
2175	178.900
2427	178.800
10271	178.500
7895	179.300
8035	179.800
2091	180.500
4219	181.000
5735	181.000
6123	180.100
9487	180.100
10183	180.200
10319	180.700
12419	180.800
63	181.600
3419	181.100
4459	181.600
6443	181.100
12375	181.300
4487	184.600
3027	185.700
11655	185.400
2771	187.600
3391	187.600
3643	187.900
6379	187.900
3531	188.700
4671	188.300
6291	188.400
7267	188.400
9031	188.300
9499	188.100
11151	188.300
12215	188.300
12283	191.400
5359	192.800
4499	193.300
9719	193.900
11415	195.000
1711	196.000
2107	195.300
3503	195.800
1959	197.900
3655	198.400
11599	198.100
11955	200.500
3543	203.300
8623	203.200
10291	205.200
3279	208.500
375	209.800
1159	209.500
2043	210.000
6527	209.600
10939	209.300
887	210.100
8699	210.100
1471	211.800
1559	211.500
1875	211.800
6211	211.700
10399	211.500
10407	211.700
511	212.600
5571	212.300
6303	213.000
9039	212.200
4627	215.100
4147	216.600
11367	217.000
1415	217.900
3455	217.400
3459	217.900
11671	217.800
5139	220.100
75	222.800
11039	222.900
771	223.800
2323	223.900
1591	224.100
10739	224.100
5435	228.700
7923	228.900
9435	230.300
263	231.900
5247	231.500
9643	232.600
10339	232.400
655	233.600
1359	233.200
9611	234.000
12203	235.000
9219	235.400
11055	235.100
4027	236.100
9927	236.700
1791	237.300
4459	237.800
9567	237.700
11023	238.000
11071	237.600
471	238.800
3015	238.200
3231	238.500
3583	238.700
5779	238.100
2771	239.300
10295	239.200
12295	241.800
1903	242.600
5219	242.300
5823	243.100
683	244.200
7095	244.100
8359	244.100
6943	245.700
7055	245.900
1951	246.800
5891	246.700
975	247.300
2963	247.600
4927	247.700
5563	247.700
8755	247.200
10163	247.100
2723	248.600
3391	248.900
6919	249.000
7671	248.800
12107	248.900
183	249.500
299	249.300
1811	249.100
2431	250.000
2715	250.000
3743	249.300
6135	249.700
6399	249.800
6727	249.900
9615	249.500
12327	249.200
12455	250.000
5451	250.100
6751	250.100
10655	250.400
11219	252.900
131	256.800
1971	256.400
3411	257.300
11871	257.600
7503	261.600
2523	262.900
531	266.000
10495	265.500
2659	271.000
6291	270.800
11559	271.000
6691	271.700
9147	271.700
11715	271.800
3951	272.900
4127	272.600
7223	272.700
6367	273.900
1995	274.800
5083	275.500
6335	275.600
11	276.700
2267	276.600
3635	276.200
6195	276.200
8339	276.700
10683	276.700
10835	276.500
475	277.400
1167	277.400
5015	277.200
6663	277.300
8071	277.200
8839	278.600
10183	279.500
7339	280.100
879	282.000
2259	282.100
2795	282.800
2963	282.300
3751	282.100
3779	282.600
11143	282.700
7899	283.200
8487	283.300
8691	283.100
2043	285.700
11331	285.400
4375	287.800
7175	287.100
8643	287.500
4035	289.700
4935	289.900
5707	289.300
9047	289.500
11655	289.600
2507	290.300
7871	291.900
10963	291.500
11931	293.800
535	294.700
5339	296.700
6011	297.600
3131	298.400
5195	298.800
6607	298.900
8035	298.600
10727	299.000
4571	299.800
7535	299.200
7747	299.400
5655	301.000
8407	300.500
9407	301.000
343	301.800
723	301.700
6779	301.400
10695	301.400
10775	303.000
2967	303.300
3511	303.800
5263	303.300
7567	303.600
7643	303.300
10779	303.800
3523	304.300
9539	304.700
11539	304.500
12135	304.600
8867	305.400
9547	305.200
55	306.600
847	306.700
2219	306.200
4079	307.000
5247	307.000
5867	306.400
7887	306.200
8179	306.300
10191	306.800
11063	306.200
983	307.600
2111	307.400
3543	307.100
4799	307.300
4899	307.200
155	309.400
10883	309.700
6111	311.600
139	312.600
1467	312.400
4811	312.200
5275	312.700
11071	312.400
10815	313.800
11679	313.700
2287	315.400
10671	316.600
3855	318.400
8139	318.800
11651	318.500
10071	319.200
10783	319.200
1111	320.600
1687	320.400
3839	322.400
5163	323.900
6067	324.000
1479	324.900
9303	324.200
1647	325.100
3471	325.400
5739	325.300
10531	325.200
2259	326.700
2631	328.900
3279	328.800
5487	329.600
5579	329.600
7115	329.100
331	330.500
979	330.300
6051	330.500
10923	330.400
11955	330.600
12075	330.300
10831	333.800
12379	335.000
5199	335.200
9607	335.500
4487	336.100
3947	337.900
451	338.900
607	338.500
7379	339.900
10059	339.600
2963	340.400
7987	340.400
9267	343.100
10851	344.000
11383	343.200
2879	344.500
2831	346.000
4855	345.700
10623	345.900
12127	346.000
2795	346.600
3063	346.500
3783	346.600
4079	346.100
4567	346.600
7635	346.400
8035	346.800
3143	347.800
6395	347.100
3743	348.800
3811	348.700
4251	348.800
5227	348.800
8359	348.900
11419	348.400
12339	348.100
1367	349.100
7475	350.700
3379	351.800
3503	351.200
9203	351.500
1451	352.800
4295	353.000
8647	352.100
487	353.600
4127	354.000
5527	353.600
1067	354.900
4091	354.200
4383	354.200
8015	354.100
11115	354.300
10787	359.000
1639	359.500
351	362.600
739	362.100
879	362.100
2531	362.800
10223	362.700
11647	362.600
12419	362.600
4787	363.500
6039	363.500
11651	363.400
4275	364.300
1079	366.100
2479	366.800
11287	367.600
3927	369.200
3983	370.000
7	370.900
7215	371.000
7851	371.500
8411	371.500
7923	372.700
8207	372.700
715	374.000
5503	373.700
5623	373.300
5779	373.700
807	374.300
1323	374.500
2087	374.500
4219	374.700
11507	374.800
5687	375.100
10659	375.300
4175	378.500
9735	378.800
12027	378.900
5143	379.300
11059	379.900
5087	381.000
6303	380.100
9399	380.900
12075	380.200
4719	381.600
295	384.300
3135	384.200
6667	385.000
7059	384.500
8779	384.500
1687	385.200
1999	385.900
7995	385.300
3163	386.400
5735	386.400
6159	386.300
6427	386.300
8219	386.200
8943	386.300
6935	387.100
1967	388.600
7327	389.000
11599	388.600
7523	389.200
10243	389.600
2179	391.400
4519	391.600
1019	392.100
2943	393.000
3647	392.900
8455	392.400
299	393.400
2615	393.500
79	394.300
4823	394.400
7467	394.800
9659	394.300
11319	394.900
11995	394.200
12011	394.600
4027	395.400
12251	395.300
10519	399.700
7047	403.200
1655	405.000
6115	404.100
6967	404.200
9367	404.200
4995	405.400
5023	406.000
7391	405.600
7551	405.700
11211	405.600
3867	406.800
9399	406.300
1415	407.300
4543	407.300
7531	407.400
1255	408.900
5103	409.000
1995	409.600
2139	409.700
4971	409.300
5939	409.800
6215	409.800
7231	409.600
7275	409.500
9799	410.000
10583	410.000
11055	409.700
2231	410.600
2963	410.400
6443	410.800
8447	410.500
10215	410.600
10923	410.800
11883	411.000
2527	411.500
7711	416.300
8699	416.500
5263	417.100
9887	417.100
10339	417.300
5827	419.000
8647	418.700
11987	418.100
1699	420.000
2067	421.500
10127	421.500
2643	422.900
4671	422.800
7339	422.200
12051	422.100
1379	423.800
2835	423.800
5191	423.200
6091	423.800
9019	423.800
9499	423.600
3615	426.300
11699	426.100
7187	428.900
6379	430.000
11859	429.300
5935	431.400
175	432.700
10399	432.100
11879	432.500
5259	433.300
443	435.200
10263	436.300
10963	436.600
3047	437.200
9859	437.600
1999	440.600
2171	440.300
11423	440.500
4951	442.000
5899	441.500
10439	441.600
2567	443.900
2767	443.400
3179	443.200
4963	445.000
7703	444.300
7351	445.500
779	446.400
851	446.100
6391	446.400
9943	446.100
10375	446.700
10435	447.000
2559	447.400
8083	448.400
87	450.400
4099	450.500
5287	450.400
11287	450.300
2063	451.800
10971	453.700
11875	454.800
6555	455.200
9395	455.600
9499	455.900
1963	456.800
1967	456.100
3003	456.700
3491	456.500
4623	456.200
5055	456.500
8407	456.600
8455	456.500
9155	456.700
295	457.600
2523	457.700
2807	457.400
4971	457.600
6539	457.200
7147	458.000
7279	457.100
8707	457.600
8827	457.700
10191	457.200
12063	457.500
4747	460.300
8359	460.500
4291	461.200
4455	461.200
5883	461.300
7731	461.800
11571	461.300
71	462.800
9739	462.800
2519	464.100
6287	464.800
9187	464.600
3931	465.600
4831	465.500
9543	465.800
12455	465.800
1151	466.500
1607	466.300
2259	466.100
7379	466.200
10163	466.200
547	468.800
4431	469.100
6243	470.600
8691	471.000
299	471.700
1711	472.000
4799	471.300
5975	471.100
6411	471.900
7047	471.600
8231	472.000
231	472.100
3963	472.500
10871	472.100
9091	475.500
1479	476.500
9515	476.900
2159	477.100
5655	477.600
11103	477.500
10583	478.200
407	480.100
8343	480.200
4347	481.700
10131	481.500
1867	483.800
9007	485.800
10467	485.900
5039	486.500
8947	486.800
995	487.700
2951	489.500
1707	490.800
3563	491.900
9615	492.700
10219	492.900
639	493.100
3947	493.800
127	494.100
815	494.700
3603	494.800
5427	494.400
8095	494.100
8739	494.400
4943	495.100
5739	496.500
7467	496.300
7535	496.100
7867	496.100
1875	498.000
5131	497.600
7043	498.000
5411	498.900
5935	498.700
8019	499.000
10383	498.200
3959	501.900
4291	502.700
1343	503.400
5839	503.100
7155	504.500
7195	504.200
11535	504.400
4411	505.500
5035	505.600
5499	505.300
263	506.900
2015	507.400
6443	508.400
8515	508.600
10275	508.100
5027	509.100
4507	510.600
7659	510.600
8327	512.400
1323	513.200
1835	513.400
6599	514.000
4311	514.200
8163	515.000
9691	514.400
10155	514.900
11083	514.500
11351	514.800
11487	514.900
6651	515.200
3795	517.800
571	519.200
1491	519.600
2603	519.300
2863	519.100
3975	519.600
7671	520.000
8611	520.400
9235	520.700
10295	520.200
5487	523.000
6515	522.800
207	523.700
12095	524.000
907	526.200
835	527.500
3263	527.500
3931	528.800
6751	528.700
8615	528.100
3483	529.100
4499	529.200
5423	530.600
12495	530.600
1131	531.300
2127	534.600
9047	535.200
11071	535.500
1371	536.400
5071	536.200
5823	537.000
9487	537.000
6707	538.000
10815	537.700
10935	537.100
11659	539.700
135	540.700
7807	540.900
10167	541.000
11895	540.900
5303	541.100
5563	541.300
10127	541.100
6887	543.400
10195	543.300
3807	545.000
6907	544.900
11263	545.500
1351	548.000
2975	548.000
6135	547.800
2887	548.600
10171	548.500
8439	549.300
11487	549.200
123	550.100
4575	551.600
1131	552.100
2663	552.900
3339	553.000
5843	552.500
9091	552.200
7819	553.800
9307	553.400
11931	553.200
4091	554.600
6831	554.300
3039	555.200
5447	555.100
7799	555.400
9531	555.400
3115	556.500
3179	557.000
4023	556.400
5571	556.500
7659	556.700
8035	556.900
8535	556.400
9275	556.600
9559	557.000
10167	556.900
10439	556.900
12363	557.000
543	557.800
2863	557.900
4067	557.800
4807	557.300
5015	557.800
5243	557.700
9775	557.500
12263	557.300
6927	559.000
2699	560.000
5183	560.800
887	562.600
6671	563.100
427	564.200
731	564.900
3867	564.900
4751	564.300
9979	564.200
2927	565.400
11135	565.300
11611	565.300
11615	565.200
10375	566.100
9331	568.500
9863	568.200
8179	570.500
8931	570.800
2499	572.700
3435	572.600
2899	573.800
5595	574.100
3951	576.200
4667	576.600
6339	576.100
11083	576.200
5295	579.000
5947	579.600
8435	579.200
10971	580.200
11759	581.900
4295	582.400
4771	582.200
5775	582.800
5975	582.700
295	583.200
1263	583.700
6283	583.800
6919	583.500
10647	583.900
12287	583.700
1555	584.500
3175	584.600
5891	584.300
12147	584.700
2807	587.100
10823	587.300
12435	590.500
7627	592.000
8719	592.000
9155	593.800
7247	594.900
7479	594.800
1467	595.400
5227	595.100
10219	595.700
10723	595.800
11059	595.100
12371	595.100
4147	598.500
6843	598.500
3471	599.600
6619	599.500
3251	600.800
5023	600.500
8615	601.000
10035	600.700
8867	601.700
8947	601.100
3943	602.700
11023	602.900
7975	603.800
155	605.400
255	605.800
2399	605.500
9723	605.100
11911	605.900
5839	607.000
9035	606.100
11523	606.100
12363	606.600
4751	607.400
6671	607.300
8607	607.700
9875	608.500
7147	609.500
9555	609.700
71	610.200
9531	610.100
11419	610.600
887	612.900
9583	613.600
7911	614.700
5575	615.300
5795	615.500
3651	617.000
3855	617.900
4055	617.800
11135	617.200
12383	617.300
235	618.300
1935	618.800
8707	618.900
4839	619.500
7899	619.600
8419	619.200
10887	619.700
11055	620.000
375	620.400
1391	620.500
1403	620.500
3067	620.600
4099	620.200
4467	620.500
8247	620.200
39	621.500
4647	624.800
4955	626.000
4711	627.300
1827	629.800
7495	629.100
1939	631.300
9603	631.500
6751	632.300
8327	632.600
11047	633.000
12319	632.500
12279	633.500
1807	635.800
2267	636.000
10831	635.400
4171	637.900
19	638.900
5687	638.300
9675	638.400
2283	639.100
5735	642.800
8219	642.400
1211	643.400
3015	643.500
6047	643.600
3119	644.300
415	645.800
2695	645.900
9227	646.000
9563	645.400
12327	645.700
2107	646.400
4195	646.300
4815	647.000
5323	646.100
8739	647.000
467	648.000
2103	648.000
3583	648.000
5231	647.700
5359	647.800
10527	647.300
123	648.300
2143	648.400
2819	648.100
11263	648.200
1591	649.400
131	650.600
723	650.800
2203	650.900
2723	650.900
487	651.400
1995	651.400
3471	651.700
4459	651.200
4635	652.600
5267	652.900
451	654.000
6915	653.400
8063	653.600
9895	653.700
12063	653.300
1487	655.000
4375	654.900
6011	654.700
9199	654.400
9399	654.100
167	655.400
1795	655.900
6231	655.400
8747	655.300
10699	655.500
2771	657.000
9471	656.300
5071	657.300
5563	658.000
1675	658.400
1811	658.800
7759	659.000
9435	658.900
1255	659.100
4203	659.300
6303	659.600
10155	659.700
1755	660.500
5227	660.800
7479	663.300
7095	666.200
9655	666.700
7875	669.000
4943	669.300
8163	669.600
10783	670.400
5647	671.500
1291	673.900
4935	673.200
9771	673.400
1967	674.400
5303	674.100
7787	674.200
3007	675.800
8231	677.200
8259	677.400
8515	677.700
1339	678.900
1563	678.900
3775	678.800
7019	678.300
67	679.700
331	679.800
503	679.500
3467	679.400
4383	679.600
5367	679.100
7671	679.400
4947	684.700
8371	685.000
10763	685.000
7359	685.500
7459	685.700
10467	687.200
12331	687.500
447	692.300
3811	692.800
5135	692.400
803	693.600
2699	693.900
5291	693.600
7871	693.700
8619	693.900
8755	693.100
11879	693.600
5687	694.400
9603	694.400
10219	694.200
807	697.000
4275	697.700
2795	698.900
3491	699.000
4875	698.400
5151	698.800
8587	699.800
12455	699.300
379	700.200
1939	702.500
9735	702.900
4199	703.600
12263	703.900
3703	704.400
3767	704.400
10251	704.500
5547	705.300
3075	706.100
7259	706.700
8631	706.300
4339	707.800
5127	707.400
4635	709.000
4783	708.700
9019	709.000
175	709.600
3047	710.000
3343	710.000
5803	709.900
6383	709.900
8279	709.300
9475	709.900
9731	709.800
1675	710.600
1999	711.000
5279	710.100
9375	710.500
5195	711.300
947	712.400
3223	714.600
787	715.600
3395	715.600
4207	715.500
10835	716.700
10011	717.900
47	718.500
4623	718.500
6827	718.500
11431	720.000
5503	720.200
7727	721.000
615	721.800
1963	721.800
6159	722.000
4603	722.600
10923	722.600
5595	725.100
9203	725.700
5775	726.600
11599	726.800
4099	727.100
791	729.500
931	729.900
4647	729.900
5123	729.500
8851	729.900
311	730.900
12391	731.000
1447	731.200
1839	732.000
7231	732.000
9675	731.500
10539	731.900
10615	731.800
11147	731.300
4031	732.300
4683	734.700
7463	734.300
12343	734.600
7999	735.700
10655	736.000
10963	735.700
12127	736.400
5423	738.200
5851	738.700
6299	739.700
4979	740.500
8455	740.300
10575	740.700
11531	740.200
1891	741.300
6151	741.400
6659	741.600
7211	741.300
9227	741.800
1371	743.600
10955	743.700
927	745.000
5839	746.200
11391	746.900
7335	747.500
12431	749.500
503	752.200
2735	752.300
3807	753.700
3819	753.500
8987	753.700
10535	753.100
1647	754.300
2231	755.500
7095	755.400
1323	756.100
4359	756.700
4955	756.200
5187	756.200
5435	756.500
5571	756.700
6047	757.000
8355	756.200
8519	756.400
9407	757.000
9735	756.700
10243	756.500
10967	756.400
423	757.300
1771	757.100
2423	757.200
4583	757.500
4831	757.200
10339	757.200
12323	757.700
11	758.100
7559	760.200
10163	761.700
10555	763.100
5823	766.800
6635	767.900
7115	768.000
5303	768.500
2383	769.500
12427	769.200
6791	770.600
1467	772.100
1675	772.200
4219	773.600
8067	773.500
11243	773.200
7687	774.800
8663	775.900
7051	776.600
11491	776.500
1127	777.900
11187	778.000
703	778.700
8615	778.200
10355	778.900
11615	778.100
11987	778.100
355	781.400
6359	783.600
4567	784.900
11595	784.400
3251	785.300
3567	785.300
4499	785.300
7243	785.400
11507	785.700
11515	785.600
2863	786.300
1707	790.100
1795	790.300
1999	790.300
7839	790.200
8455	790.700
12151	790.200
12451	791.000
1379	791.300
4963	791.900
9591	791.500
5067	792.100
3223	795.000
4667	794.900
6779	795.900
8827	795.900
10095	795.200
1731	796.900
9239	797.600
9835	797.700
11123	797.200
6183	798.600
10351	798.100
1315	800.800
3643	800.300
8279	800.400
8503	800.900
3227	801.500
8051	802.000
11215	801.400
11647	801.700
12363	801.400
183	802.300
10895	802.200
6211	805.000
7003	805.300
8719	805.300
10091	805.200
6755	807.200
2775	809.800
3603	809.200
4171	809.600
979	810.200
2171	810.500
3355	811.000
6055	811.000
27	811.700
1243	811.300
1719	811.300
6195	811.100
8015	811.800
8375	811.900
10127	811.200
5767	812.100
167	813.300
3719	813.200
4823	813.600
9679	813.200
6231	814.300
155	815.900
6243	815.700
6287	815.100
6383	815.800
7275	815.800
8799	815.900
10143	816.000
5687	817.000
6395	816.400
7407	816.400
9691	816.400
11555	816.700
12059	816.200
391	817.700
3283	817.500
4411	818.300
9507	818.300
351	819.400
5135	819.300
7667	819.900
10919	819.200
1215	822.000
1787	822.700
5139	822.200
7223	822.300
7339	822.800
1271	823.800
8971	823.600
9411	823.600
11207	823.500
12391	823.800
847	824.700
2139	824.700
4971	824.400
10963	824.600
7075	825.400
11175	825.600
11667	826.200
8847	827.400
10847	827.600
3303	830.700
7975	830.200
559	831.900
2643	832.000
3087	831.700
3615	831.700
9715	831.300
3171	832.300
10267	832.200
11255	832.600
5155	835.100
6939	835.600
8723	835.900
1243	836.300
3723	836.800
4791	836.800
7055	836.200
7723	837.000
9531	837.000
11179	836.100
1971	837.900
3231	837.900
3971	838.000
4347	838.000
10215	837.300
10455	838.000
10615	837.700
11739	837.300
8803	841.000
2799	841.800
6927	841.900
10071	841.800
67	845.000
2395	844.100
6707	844.900
2131	845.500
10335	845.700
1899	846.700
2035	846.600
5023	846.200
6499	846.200
619	847.400
2119	847.100
5579	847.900
5839	848.000
4023	848.700
5487	848.300
7307	848.300
8103	848.300
8483	848.200
9919	848.100
12239	848.700
771	849.100
12223	850.600
5979	851.100
87	854.700
1187	854.600
9823	854.700
1451	855.200
4795	855.800
4895	855.400
9743	855.800
9491	856.300
10291	857.400
11719	857.500
659	858.300
9447	861.500
895	862.700
8519	863.000
3295	863.500
3559	863.700
1283	864.100
10783	864.100
7643	867.500
1287	868.100
10355	868.400
4943	869.100
5259	869.700
9531	869.500
6635	870.400
9511	870.700
1447	871.900
6299	871.700
9331	871.600
10647	871.900
887	872.100
12051	872.200
1211	873.100
4375	877.700
2127	878.500
1807	879.600
7519	880.200
9407	880.300
2139	881.300
8207	881.800
10451	881.200
5267	882.900
7031	883.000
12379	882.800
855	883.200
11711	883.300
559	885.300
1451	886.900
6619	886.600
10407	886.300
6755	889.800
8667	889.800
63	891.500
6547	892.800
2523	893.900
7599	894.000
2703	894.700
4007	894.600
4311	895.000
5071	894.700
10835	894.900
351	895.600
1767	895.900
2395	895.800
2855	895.100
3227	895.200
4799	895.200
7939	895.500
1955	896.400
4639	898.500
4783	899.100
6059	899.800
6067	900.000
1919	900.500
7631	900.100
8947	900.800
4051	901.700
8739	901.600
9115	901.800
12023	902.000
7911	902.800
8763	902.900
391	903.300
3931	903.200
1387	905.700
2227	905.700
2323	906.000
6635	906.000
99	906.700
3467	906.200
4255	906.200
5203	906.200
7339	906.200
9367	906.100
2307	907.500
483	908.800
2599	909.500
431	912.700
2115	912.600
2987	912.900
9287	912.800
1279	913.800
6455	913.600
9651	913.500
11279	913.100
7203	914.200
12339	917.700
4839	919.500
10163	919.700
3719	920.800
9151	920.700
887	922.000
2335	922.200
8247	922.500
175	923.900
855	924.500
7467	924.800
10699	924.100
6039	926.000
9475	927.000
3707	927.800
6779	928.000
9519	927.200
2415	928.400
2439	928.200
7423	928.300
1479	930.000
7391	929.500
4407	930.100
1811	931.500
4219	931.100
4275	931.800
2819	932.800
2959	932.800
5899	932.500
4099	933.600
5027	934.700
6195	934.800
6243	934.300
4071	936.000
6643	935.800
9239	936.500
9375	936.100
10703	937.000
12471	936.700
5047	939.600
9331	940.200
10507	940.400
7183	941.300
107	945.700
131	946.800
1343	946.700
8327	946.700
10519	946.100
10727	946.500
12239	946.200
2967	947.100
5303	948.900
5091	949.200
127	950.300
263	950.200
43	951.400
11543	951.600
1467	953.800
5279	955.200
3575	956.400
5343	956.200
5935	957.000
6027	956.900
2179	957.700
4499	957.400
5503	957.500
6219	957.500
8883	957.200
3723	958.500
6843	958.600
12079	959.000
1391	959.200
6367	959.300
8203	959.900
8647	960.400
6559	962.800
803	963.200
2423	963.200
5827	963.500
2395	964.400
9683	964.500
2703	966.000
5763	965.100
5807	966.900
6675	966.200
7891	966.400
8519	966.800
8995	966.700
3531	967.300
8095	967.100
8923	967.400
279	969.000
6427	969.000
2091	969.500
9559	969.400
5151	970.800
8223	970.900
9927	970.500
1707	971.600
1919	972.000
4279	972.500
10399	973.000
12123	973.000
6931	973.200
9815	974.700
331	975.900
4071	976.400
12267	976.300
1167	977.200
9175	977.200
11291	977.400
11095	979.400
115	980.600
4935	982.000
6267	982.000
8451	981.600
1135	982.800
4387	982.200
7259	982.500
9771	983.000
487	983.700
2699	983.400
3315	983.800
3823	983.300
5199	983.600
5359	983.800
6231	983.900
7091	983.800
7675	983.900
9979	983.900
11119	983.600
143	984.200
1967	984.300
4679	984.200
8707	984.300
8959	984.300
11527	984.400
8195	985.300
1215	986.700
4995	986.300
8075	986.600
8319	986.400
6215	987.600
8331	989.200
9959	989.700
1687	991.000
10811	990.300
11543	991.700
1731	992.700
2951	992.500
8663	992.100
5139	993.600
10535	994.500
12431	994.900
10331	995.200
7447	998.900
