# NEST version: 3.6.0
# RecordingBackendASCII version: 2
sender	time_ms
4225	159.600
4341	159.300
8505	159.800
11313	159.300
12397	160.600
5661	161.300
7457	161.300
2517	162.200
8273	162.400
8805	162.400
2945	163.200
3325	163.900
11865	163.100
1505	165.600
11625	166.000
2249	169.800
8533	169.900
8929	169.400
10901	169.200
5741	170.100
7509	170.400
8817	170.200
3673	172.000
11389	171.100
5405	172.200
2885	173.400
3025	173.500
4565	173.600
5025	173.500
10253	173.800
2461	174.600
2909	175.000
4525	174.500
9573	174.800
8285	175.100
8641	175.400
9269	177.000
6889	177.100
2917	179.000
10685	179.400
12093	179.600
12381	179.600
5049	180.200
11877	181.900
8453	182.500
7133	185.000
4217	186.400
10401	186.500
409	187.400
8089	189.200
4385	190.600
1989	191.700
4509	192.100
6945	192.700
8073	193.000
53	194.000
1781	193.800
2601	194.000
5697	193.900
5965	193.400
7781	193.400
7929	193.600
9789	193.400
2645	194.300
2893	194.700
3497	194.700
4173	194.700
7277	195.000
8125	194.800
11825	194.800
3613	195.900
5177	195.800
7209	195.900
7421	195.300
11757	195.800
1581	197.600
4817	198.500
401	199.800
5457	199.300
6537	199.200
9861	200.100
10453	200.300
11665	200.300
11233	201.200
4629	202.900
7437	203.000
269	203.600
4225	203.500
5713	203.500
11201	204.000
8561	204.800
7833	205.500
8333	205.500
5545	206.400
9341	210.000
5801	210.200
6209	210.900
9737	210.200
397	213.300
2757	214.700
8873	214.900
11677	214.700
11953	214.600
2341	215.100
6849	215.400
10425	215.400
10677	215.400
10485	216.900
5181	217.800
5309	217.600
525	218.600
1377	218.800
2737	218.800
6617	218.200
11905	218.900
1241	219.100
2725	219.500
8789	219.100
10101	219.800
12049	219.800
5405	222.100
629	223.900
6249	224.600
7125	224.700
7409	224.600
1117	225.700
2229	226.000
6261	226.000
6517	226.000
7785	226.000
9481	225.900
10317	225.700
11477	225.400
1	226.500
5605	226.600
9129	226.800
10177	226.700
825	227.200
3461	228.100
8153	228.900
7749	229.300
341	231.900
877	231.200
10297	231.200
5629	232.300
8329	232.100
8205	233.300
11153	234.500
12453	234.900
2933	235.100
6381	235.200
8477	235.100
11409	235.800
1749	237.900
4777	237.600
4165	238.400
4845	240.800
8181	241.300
3565	242.900
5117	242.200
7185	243.000
349	244.000
3441	244.000
4645	243.500
4773	243.300
11925	243.400
7697	244.300
11109	244.200
2477	248.300
9797	248.900
329	249.100
2417	249.400
5037	250.000
6313	251.700
3857	254.700
1677	256.000
5193	255.700
5221	255.900
5973	255.300
6045	255.700
8977	255.700
11421	255.300
821	256.300
1513	256.300
4441	256.500
4605	256.100
9437	260.000
9801	259.800
1561	260.100
2545	260.800
6905	260.200
6949	260.900
9185	260.300
10645	260.600
12485	260.100
1705	261.400
9241	261.200
1541	263.800
2777	265.000
4485	264.300
11233	264.200
3009	266.800
12441	267.000
705	268.000
7333	267.800
4549	268.100
12025	268.500
2853	269.400
3097	269.400
6829	269.800
7433	269.800
7477	269.600
2173	270.200
3077	271.000
417	271.300
1893	271.700
2373	271.600
8345	271.300
9697	271.200
10045	271.500
10221	271.100
11493	272.000
733	272.500
2393	272.400
5129	274.900
9661	275.500
9785	275.800
1437	276.300
4165	276.500
9085	276.800
9925	276.600
7413	277.400
7753	277.900
9793	278.000
10425	277.400
837	278.200
3341	278.300
1441	279.400
4097	280.000
6125	279.100
7813	279.200
8149	279.500
3633	280.200
4025	280.300
4177	281.000
5629	283.000
4113	285.000
4009	285.200
473	287.000
1069	287.500
6717	287.400
4341	288.400
4781	288.500
9797	288.600
9905	289.000
1149	289.700
6933	289.300
1365	290.400
5105	290.100
6929	290.200
7925	290.200
1941	293.300
3685	293.900
3833	293.900
681	294.400
3681	294.900
3941	294.900
4117	294.900
5017	294.900
6337	294.900
737	295.100
4669	295.500
6177	295.300
7089	295.900
8805	295.500
10113	295.100
10201	295.300
3585	296.700
6209	296.100
8261	296.400
8673	296.800
9241	296.300
10777	296.100
11553	296.500
4657	298.800
9285	302.000
277	303.600
4161	305.700
4137	307.000
169	308.000
1617	307.600
4321	307.100
7417	307.900
7789	307.800
8285	307.900
9137	307.700
269	308.700
6949	308.600
7477	308.600
10141	308.200
5073	311.900
8025	311.100
10485	311.900
2645	312.800
10525	312.100
11413	312.300
12285	312.500
1661	314.000
4829	313.300
11529	313.400
8969	317.000
10521	316.900
5129	317.400
7593	317.900
8585	318.800
37	319.800
3285	319.600
10137	320.300
2977	325.100
5433	325.200
7837	325.200
5477	326.300
5757	326.400
6609	326.100
10029	326.500
3581	327.900
4993	327.300
6649	327.300
7865	327.500
8317	327.400
10261	327.800
10373	327.400
7177	331.700
3105	332.700
2589	333.100
3657	334.000
837	334.600
5417	334.800
7533	334.600
9753	334.100
10081	334.200
11341	334.500
12377	334.400
593	335.400
8345	335.300
9521	335.100
10625	335.900
121	336.100
849	336.800
3197	336.300
369	338.000
1513	338.000
8825	338.000
12101	338.000
1369	338.900
2413	338.800
5145	338.700
8965	338.700
9909	338.500
9929	338.400
1361	339.400
2773	339.200
2873	339.600
5929	340.000
6749	339.100
7121	339.200
7701	339.100
49	340.700
3129	340.800
9637	340.800
9989	341.000
845	341.400
5477	341.300
10041	341.400
11209	342.000
11897	341.900
12105	341.900
9453	342.800
9533	342.400
4345	344.500
6165	344.400
9593	346.900
4197	347.700
1437	348.800
2613	348.400
7829	350.000
10453	350.000
12173	349.700
397	350.200
1897	350.400
2365	350.300
2565	350.600
3509	350.100
3525	350.600
3897	350.200
6141	350.600
9557	350.300
5725	351.200
6181	351.800
6481	351.400
8049	351.300
11973	351.400
1249	352.900
8853	354.800
5541	357.400
8573	357.800
3541	358.200
9369	359.000
6257	359.500
9185	359.500
2873	360.300
2853	361.200
11437	361.800
697	362.300
1145	362.900
2741	362.800
3481	362.600
10909	365.300
377	367.000
8285	366.100
973	367.400
2069	367.600
8453	367.200
9653	367.500
11161	367.200
11529	367.600
169	368.400
1365	368.200
6085	368.700
7837	368.100
9397	368.200
10393	368.200
1385	371.700
413	372.600
805	372.400
3137	373.000
4437	373.000
813	373.900
1545	373.200
8153	373.200
8681	373.100
9609	373.400
4397	376.800
5529	376.100
7493	376.800
373	377.200
2621	377.400
7397	377.900
7761	377.500
12057	377.800
1521	378.500
7169	378.400
9025	379.100
11773	380.500
10221	382.200
10793	382.100
1805	386.800
9061	386.300
5209	387.600
6893	387.700
5913	388.800
7201	388.200
7033	389.800
7353	389.200
8281	389.600
10061	389.800
11469	389.500
2941	390.300
1	391.700
5749	393.200
9685	393.600
11229	393.400
625	395.000
2937	394.400
1257	395.500
5121	396.000
5393	395.300
11961	395.700
2477	396.200
7945	396.200
11845	397.400
7397	398.300
1945	400.800
9333	400.200
3517	402.700
7661	402.500
9689	403.400
9913	403.500
11113	403.500
1973	404.100
4481	404.300
7349	404.300
3629	405.600
11117	405.600
5457	406.200
9141	406.300
12105	407.000
3557	407.500
10297	407.300
10689	407.900
3441	409.500
1661	410.800
3881	410.900
10389	410.800
2165	411.100
4753	413.400
6877	413.300
7485	414.100
12221	414.200
11769	417.000
489	417.800
4721	417.500
5177	417.400
9357	417.200
3065	418.500
5761	418.700
7525	418.100
7601	418.100
9813	418.300
11685	418.200
2405	419.500
6225	419.300
8385	419.700
10413	419.800
477	420.500
3949	420.500
6173	420.100
8005	420.500
11277	420.300
1513	421.200
2497	421.200
5801	423.900
10585	424.000
5693	424.600
7293	424.400
2945	425.400
3873	425.700
7297	426.000
4485	426.500
5041	426.500
5525	427.000
8625	426.400
12201	426.500
849	427.800
10053	427.400
5077	432.000
9137	431.900
9241	431.600
5309	432.900
6869	432.200
8589	433.000
12049	432.100
2901	433.900
6249	433.300
11877	433.400
3645	434.100
12069	434.100
2645	436.400
2493	437.600
7033	437.600
5493	438.900
8373	438.100
5641	439.100
8537	439.300
857	440.600
3521	440.800
4461	440.600
9653	440.600
2741	441.100
8157	441.800
285	443.500
6613	444.500
8457	444.200
1989	445.900
3329	445.200
4813	445.300
6673	445.800
10857	445.600
821	446.500
1945	446.500
2789	446.600
4949	446.900
5813	446.400
7749	446.800
9801	446.900
11349	446.200
6389	447.600
9049	447.800
621	448.600
1125	448.600
3445	448.500
7973	449.300
8301	449.500
12409	449.500
6933	453.700
12165	453.400
12485	455.900
9	456.200
4549	456.100
9317	456.500
11533	456.300
145	457.100
1373	457.800
4981	457.500
1037	459.300
2893	460.000
8345	459.400
8553	460.000
4957	460.600
5933	460.600
1749	462.000
3193	461.800
4213	461.900
7405	461.500
4045	462.300
7033	462.600
9821	462.500
10049	462.900
11373	462.300
1233	463.600
4573	463.300
681	464.500
1265	464.400
2153	464.700
9593	465.300
11873	465.900
3109	466.400
11421	466.100
293	470.700
6769	470.600
7201	470.300
7645	470.600
8849	470.500
10021	470.100
741	472.500
12141	473.800
609	474.800
845	474.800
3317	474.600
3833	474.100
10761	474.600
249	475.400
12169	476.500
2481	477.300
4153	477.200
6545	477.700
11573	478.000
225	480.000
9445	479.700
1193	481.200
9225	481.900
10497	481.200
6413	482.500
2361	484.200
2289	485.300
3917	486.200
8101	486.100
169	487.900
1317	487.800
6621	488.000
7057	487.700
12301	488.000
777	488.700
4725	488.700
5517	488.100
5697	488.800
6245	488.300
6829	488.600
6901	488.600
7029	488.400
7945	488.700
9185	488.200
10397	488.400
11925	489.000
1249	489.800
2877	489.500
3197	489.300
3253	489.300
3941	489.200
4137	489.700
5285	489.300
6537	489.300
7257	489.200
8193	489.500
8585	489.400
11261	489.700
3877	491.600
10165	491.200
7689	492.700
10701	493.400
3969	494.800
2929	495.700
4321	495.800
4897	495.900
473	496.800
5945	497.000
9989	496.100
3493	497.200
4545	498.000
5105	497.200
8897	498.900
10705	498.200
1537	499.300
7209	500.500
2465	501.600
3669	503.000
7825	503.000
8369	503.000
12221	502.400
4401	503.300
5693	503.800
7285	503.900
1993	504.200
7433	504.700
9521	504.900
57	505.100
2273	505.200
4645	505.800
11405	505.700
11973	505.900
3521	506.500
8485	506.200
721	511.800
3545	512.000
9581	511.200
2153	512.300
2209	512.400
5813	512.600
7733	513.000
6597	514.000
7193	513.100
8373	513.500
4529	514.300
9201	514.400
12461	514.900
2901	515.200
4833	515.300
6689	515.900
7389	515.600
9397	515.400
9501	515.900
11477	516.600
8237	517.800
509	519.000
1105	518.300
6553	518.700
8545	518.900
933	519.700
2045	519.100
5453	520.000
5761	519.300
8501	519.800
5317	521.000
6801	520.300
5801	522.000
9585	521.600
2865	522.300
3289	522.600
7125	523.000
7761	522.400
2297	523.100
10649	523.900
3229	525.700
11089	527.700
10973	528.900
2421	529.200
7565	529.200
2961	531.400
4077	531.700
4265	531.200
5181	532.900
11265	532.100
11625	536.700
2249	538.000
5109	537.900
5333	537.400
6301	537.600
11973	538.000
7629	538.500
11305	539.900
413	542.900
1905	542.600
5409	542.400
6293	542.500
8449	542.200
9117	542.300
9597	542.700
10113	542.300
10909	542.300
625	544.000
5765	544.000
8509	543.600
4781	544.100
10165	544.300
10853	544.900
12181	544.900
1557	545.200
3745	545.200
8333	545.500
9265	545.400
1049	546.900
125	547.700
9881	547.400
1609	549.000
4945	548.100
6105	548.400
11393	549.200
265	550.200
10005	551.500
1373	552.200
1477	552.100
6813	553.700
8133	554.000
10797	553.500
1725	554.800
6473	554.900
969	555.800
10241	555.100
121	556.100
7405	556.300
7601	556.900
11477	556.100
1693	557.100
8129	557.800
10761	557.500
11341	557.800
12257	557.900
2361	558.400
9925	559.100
2985	561.100
3289	561.500
1877	562.800
2885	562.900
3065	562.900
8077	562.400
10693	562.600
565	564.000
9033	564.000
353	564.500
9437	564.800
1193	565.700
8317	565.700
11233	566.000
7205	566.100
3409	567.900
12057	567.600
4257	568.400
681	569.800
11133	569.200
9561	570.600
8141	571.900
1917	572.700
2325	572.700
2477	573.000
2425	573.700
7081	573.900
8593	573.700
8985	574.000
9601	573.800
297	574.100
5713	574.100
7665	574.400
7873	574.400
8829	575.000
2273	575.800
2305	575.600
7921	575.400
9673	575.200
6065	576.300
11281	576.400
737	577.200
7925	579.700
89	580.700
3097	581.000
3197	580.700
5237	581.200
8801	581.300
8905	581.100
2929	583.800
7141	583.500
9737	583.800
10457	583.900
9	585.000
269	584.900
3281	585.000
12489	584.200
5189	585.100
9357	585.300
973	588.500
5441	588.800
11857	588.700
9133	589.300
12193	591.100
4329	592.700
877	593.800
4477	593.300
725	594.900
5921	594.800
1177	595.300
4149	595.500
9241	595.400
10049	595.900
11221	595.200
2677	596.900
6241	597.400
3285	598.100
5585	598.100
6521	598.700
9721	598.300
12441	598.200
4229	599.600
10149	599.700
385	600.500
9373	602.000
9821	601.500
11625	601.100
11741	601.700
2901	602.700
4733	603.400
457	604.900
1489	604.100
1509	604.400
65	605.900
4497	605.300
9301	605.300
6389	606.600
8081	606.800
11201	606.500
361	607.200
3373	607.300
3725	607.400
6941	608.300
11213	608.900
3221	609.100
3789	609.900
3733	611.200
3761	611.500
5565	611.200
5993	611.900
6553	611.300
11485	611.600
12197	611.900
7433	612.600
1933	615.500
2281	616.800
10809	616.100
1705	618.100
3969	619.600
4045	619.800
2589	620.200
9365	620.400
12165	620.900
1709	621.400
9009	621.600
9421	621.600
11649	622.100
6209	625.000
11117	624.300
11445	624.600
2129	627.800
2565	627.900
7701	628.100
8973	628.800
8325	630.000
49	630.700
849	630.300
2905	630.800
4541	630.700
6125	631.400
10025	631.300
8897	633.500
6141	634.900
6625	634.200
9085	635.100
10681	635.200
2041	637.800
7093	637.500
945	638.800
4461	638.100
5545	638.500
7601	638.200
8125	638.500
5913	640.000
5525	640.700
10325	641.200
2045	643.400
7825	643.100
11973	643.400
1857	644.800
2497	644.100
8321	644.700
9317	644.300
3397	645.100
9553	645.200
5473	646.500
9313	647.500
10005	647.500
4981	648.200
1853	650.400
9537	652.000
329	653.900
6645	653.900
7049	654.900
1421	655.700
8205	655.500
693	656.800
8273	656.700
3177	657.500
4629	657.600
5437	657.400
6013	657.300
11409	657.100
1561	658.100
5865	658.800
7061	658.500
11153	658.100
1141	664.100
4777	664.900
7413	664.400
7509	664.500
9033	664.700
5649	665.100
9769	665.100
11333	665.300
2853	666.200
4005	666.100
8265	666.400
9241	666.800
9557	666.200
10593	666.100
10673	666.100
5337	668.600
5617	669.900
8913	669.800
9121	669.900
9641	670.200
2513	671.200
10141	671.900
4461	672.900
7329	672.800
8781	672.500
9305	672.500
5673	673.700
7669	673.800
9549	673.300
4249	674.600
5917	674.900
1809	676.000
3345	675.900
3657	676.000
4245	676.000
6357	675.600
7557	675.700
8601	675.200
10597	675.200
501	676.100
721	676.700
5269	676.500
5553	676.800
6757	676.100
7357	676.600
11565	676.100
11637	676.200
653	677.300
11657	680.000
1505	680.400
4773	680.300
9501	680.600
11117	680.200
6449	681.400
693	682.200
4221	682.500
8825	684.000
9093	684.000
2273	684.500
7977	684.400
9521	684.100
12161	684.500
3745	685.400
5085	685.200
6617	685.200
9989	685.200
12017	685.400
1893	687.900
3285	687.700
5569	687.600
2485	688.400
8133	688.800
1565	689.800
3561	690.000
1513	690.200
7997	691.800
2785	692.700
9277	692.100
10049	692.500
10917	692.900
3649	693.200
5581	693.700
3157	694.600
3197	694.500
3381	694.500
10197	694.500
12397	694.500
277	695.100
1369	696.000
4229	695.500
3613	696.600
8457	696.900
5377	698.000
6673	697.300
7153	697.400
9333	697.900
8917	698.300
9133	698.600
9481	698.600
11017	698.600
11485	698.200
10645	699.600
11765	699.400
2657	704.000
1933	704.900
6021	706.000
6177	705.900
8889	705.200
837	706.600
7841	706.800
9649	706.800
9757	706.700
4529	708.500
4545	708.700
10985	708.800
237	710.000
1317	709.200
1365	709.600
9013	709.500
10541	709.200
11221	709.100
7081	710.900
11565	710.600
1117	711.100
2653	711.400
3337	711.100
10009	711.500
12185	712.500
10609	713.400
969	718.000
1381	718.600
9713	718.900
12201	719.500
2741	720.300
2929	720.600
7085	720.800
809	722.000
2461	721.900
4509	721.600
4849	721.300
11253	721.600
1629	722.200
11485	722.700
6357	723.200
3733	726.200
7141	726.500
9909	727.000
10849	726.400
1377	728.900
9393	728.900
9773	728.400
9897	728.900
3341	729.100
8365	729.400
4397	730.800
4829	730.100
5809	730.500
6857	730.700
6913	732.400
7469	732.900
9285	733.000
12245	732.600
8829	733.300
1541	734.800
2797	734.200
8337	734.200
1105	736.700
1041	737.900
1125	737.200
4009	737.100
5437	737.600
6101	737.800
9501	738.000
9593	737.500
2961	738.200
6129	738.100
1193	739.300
3381	739.400
9469	739.400
10165	739.600
12445	739.600
1145	740.300
6285	742.000
9977	741.400
5693	742.400
7089	742.300
7025	743.300
10793	743.400
9745	744.300
2257	745.100
10561	745.600
2873	746.900
3405	746.400
3877	746.600
9305	747.300
10685	747.800
273	748.600
7257	748.400
11225	748.900
249	749.100
2881	749.200
2977	749.500
9113	749.900
9961	749.600
11561	749.100
3421	750.400
8021	750.300
1437	751.600
4465	751.800
6685	751.700
7621	751.900
5313	752.400
11201	753.900
2973	754.300
2921	756.000
3249	755.300
5561	755.600
6309	755.600
10749	755.100
6649	756.300
11737	757.400
9925	758.800
7009	760.700
7153	760.400
7925	760.200
9533	761.000
12113	760.400
12329	760.400
6149	761.600
6469	761.100
12169	761.800
12197	761.200
2565	763.500
6745	763.900
409	764.900
11905	764.300
3357	765.200
5637	765.500
7757	766.000
10905	765.400
1705	766.400
7677	766.200
2817	769.000
5465	769.300
2345	770.400
3541	770.200
3761	770.600
6305	770.800
7889	770.900
9245	770.700
9617	770.500
1693	771.100
2361	771.800
5129	771.500
5145	771.100
5917	771.800
7113	771.300
8501	771.200
10029	771.300
1249	773.700
3917	774.800
9445	774.900
11037	774.700
865	775.300
3373	775.900
9481	775.100
37	776.600
5913	776.800
9929	776.800
10353	776.500
11957	776.400
2281	777.900
3725	777.100
4657	777.700
6177	777.500
313	779.000
481	779.000
6381	778.800
6533	779.000
8005	779.800
10541	779.500
10801	780.000
11333	779.300
3733	780.100
2645	784.200
8205	784.900
8585	784.500
2041	785.100
2133	786.000
4517	785.300
7593	785.300
7961	785.100
9149	786.000
10597	785.300
12093	785.400
5433	786.900
7389	786.100
8629	786.100
6669	792.400
5965	793.400
7201	793.900
6129	794.900
9529	794.300
9553	795.000
12165	794.700
2669	795.100
4401	795.600
10697	795.100
10933	795.600
12389	795.600
9829	799.400
8145	801.400
7121	802.900
9601	802.600
10909	802.300
4697	803.200
9793	803.600
10129	806.000
901	806.100
845	808.900
933	808.800
1477	809.900
8317	809.600
8501	809.800
10537	810.000
11801	809.400
2029	810.200
5485	810.200
7665	810.100
8337	810.200
10793	810.700
61	811.200
8597	811.800
7253	812.600
1461	813.300
1629	813.400
9305	813.300
217	815.000
1905	814.200
4833	816.000
7397	815.200
8801	815.200
11373	815.500
1893	816.400
4633	816.700
10385	816.200
4045	817.400
3693	821.200
1573	822.700
3897	822.600
10897	823.200
2473	824.800
12081	824.600
9821	825.300
445	826.400
3029	829.700
4689	829.400
7185	830.000
11625	829.600
5473	830.300
7649	830.700
4405	831.900
6857	831.500
9885	831.800
2281	833.000
2985	832.900
5053	832.100
6493	832.100
7557	832.800
12245	832.300
12257	832.900
12445	832.400
353	833.100
7273	833.600
11209	833.700
3381	835.100
7381	836.300
1077	837.900
4413	837.800
8041	837.400
12453	840.200
10221	842.700
10549	842.700
493	843.400
3725	844.500
8317	844.800
3565	846.000
4929	845.400
7509	845.900
12141	845.700
1153	847.300
7617	847.700
705	848.500
10525	851.000
11713	850.200
11949	850.700
5749	851.400
7337	851.600
837	852.400
1601	853.900
1981	853.200
2589	853.200
6737	853.100
9909	853.900
12013	853.100
5929	854.700
7141	854.500
4101	855.100
169	856.600
11201	857.400
3261	858.100
7621	858.400
8285	860.500
669	862.000
9745	861.200
11373	861.100
3829	863.400
7065	863.800
7777	863.900
9241	863.500
10585	864.000
1693	864.500
3441	864.200
3813	864.100
7609	864.400
9341	864.500
11005	864.200
12201	865.000
481	865.700
3541	865.500
5485	865.600
6165	865.100
7949	866.000
10261	865.900
10297	865.200
4257	866.100
10705	866.100
11409	870.600
2813	871.100
9989	871.300
2325	873.000
2785	873.000
3729	872.700
4997	872.500
6033	872.900
8149	872.700
9417	872.700
9777	872.600
11089	872.900
2341	873.400
2917	873.800
11877	873.300
317	874.200
361	874.400
8261	874.300
9869	874.800
3969	876.000
9929	875.700
10617	875.200
11677	877.400
7477	879.800
6193	880.300
8801	881.400
509	882.200
905	882.900
3633	882.700
7389	882.500
9893	882.600
10589	882.100
7757	883.800
9965	883.100
10177	884.800
629	888.600
1629	889.000
12473	889.400
741	896.600
6673	896.900
1493	898.000
3481	897.800
11025	897.100
11101	897.700
11477	898.000
4025	899.400
4481	901.200
11117	902.000
933	902.700
2797	903.000
3697	902.300
9277	903.900
10281	903.800
745	904.600
1993	904.100
7137	904.200
8657	904.700
1009	905.300
1809	905.800
2929	905.300
8525	905.600
9853	906.000
12081	905.700
10545	906.100
12197	906.300
8621	907.400
6461	908.200
2881	909.800
465	910.300
3741	910.100
5381	911.100
9	912.400
2945	912.500
10089	912.900
11345	912.500
777	913.800
1689	913.400
9357	913.600
5929	915.000
9581	914.700
3029	915.200
6413	915.200
937	918.000
2485	917.100
5625	917.600
6605	917.900
7457	917.600
8845	917.800
8913	917.900
1265	919.000
1621	918.100
5205	918.500
5221	918.300
6877	918.200
7917	919.000
10793	918.200
11433	918.500
6101	919.200
6129	919.400
9829	919.400
9913	919.700
241	920.300
2801	920.400
3349	920.300
4149	920.600
4909	920.400
6209	920.400
8101	920.900
9477	920.300
9141	923.700
509	925.300
3117	925.500
4177	926.700
5825	926.200
7033	926.600
7437	927.500
7953	928.500
10973	928.100
8273	929.900
8941	929.900
2597	930.500
3497	932.400
10233	936.000
10549	935.500
8637	936.800
2941	937.700
4465	937.600
1665	938.200
8629	938.900
921	940.200
3461	941.000
7389	941.600
11989	942.000
2317	942.300
10289	942.600
7409	944.900
12461	944.800
3441	946.000
8305	945.400
10761	945.900
11801	946.800
241	947.400
125	948.800
685	948.800
1137	948.500
1505	948.800
4529	949.500
1661	951.700
5117	951.200
2645	953.700
4865	953.100
3289	954.400
7829	954.900
4397	955.900
5809	955.800
8117	955.500
9309	955.200
12485	955.200
2601	956.300
11437	956.200
6017	957.800
2501	958.600
925	960.000
9037	959.200
11213	959.900
8937	960.700
11445	961.000
8377	961.600
8537	963.900
257	964.100
865	964.700
2653	964.200
11997	964.400
12397	964.800
7649	965.300
10157	965.200
2457	966.700
5697	967.100
7529	967.200
5041	968.500
6349	970.000
11561	970.900
2265	972.200
8205	974.500
8325	974.300
4809	976.100
6689	976.400
10749	976.900
11265	976.800
3585	977.100
4137	977.500
6685	977.200
7201	977.100
8741	977.100
8317	979.800
3221	980.500
3757	980.500
8249	981.000
6149	981.900
725	982.300
1009	982.500
1249	983.000
5869	982.600
6901	982.300
8985	983.900
57	985.000
1489	984.800
8545	985.200
9493	985.800
85	986.900
645	986.900
4785	986.800
9573	986.200
9909	986.400
12069	986.600
12393	986.400
5709	987.800
9737	987.600
10589	988.900
7485	990.000
8257	990.800
9317	990.200
11565	991.400
4069	992.900
5325	992.900
3129	993.200
8225	993.600
9437	993.100
3637	994.700
2473	995.800
8333	995.300
5381	997.000
225	997.100
1933	998.100
2037	998.700
3821	998.800
12241	998.200
