# NEST version: 3.6.0
# RecordingBackendASCII version: 2
sender	time_ms
11909	159.100
6825	161.400
7897	161.700
3133	162.100
4029	162.900
4201	162.900
5473	162.400
5741	162.100
6017	162.100
8873	162.900
11677	162.700
12169	163.000
12497	162.800
8381	166.500
3081	168.900
3561	169.100
7965	169.500
2769	170.700
11333	170.900
1521	171.100
3545	173.000
6513	173.000
7357	172.400
9597	172.400
565	174.000
577	173.900
1513	173.600
2189	173.600
3865	173.500
6613	173.500
6821	174.000
6833	173.900
7457	173.400
7625	173.500
7833	173.200
8269	174.000
9517	173.700
9685	173.300
11493	174.000
11825	174.000
12161	173.700
12485	173.900
1377	174.900
2053	174.400
4097	174.200
5313	174.300
6733	174.500
7017	174.100
7109	174.300
8505	174.600
9541	174.400
10005	174.900
10529	174.100
10689	174.500
12069	175.000
10977	180.700
4005	181.200
10289	184.300
8981	185.600
3573	186.100
12081	186.300
393	187.800
11205	187.300
1525	188.100
2025	189.900
11773	189.100
12129	189.900
2017	190.500
11185	190.200
11897	191.600
3121	193.600
7885	194.400
4329	196.000
10917	196.000
3269	196.300
11909	196.400
2473	198.000
2605	197.900
11017	198.000
2973	198.900
5013	198.900
5089	198.700
8565	199.000
9817	198.600
11553	198.600
8853	201.900
5809	202.700
5457	203.700
2921	206.300
757	207.200
297	208.300
1197	209.800
1297	209.700
5109	209.500
5337	209.400
7469	209.100
8213	209.600
8337	210.000
6633	210.600
401	211.600
11013	211.800
9097	212.700
11337	212.800
201	213.500
629	213.400
7125	214.700
10653	214.700
12293	214.700
9929	216.800
10389	216.200
2457	219.700
6309	219.900
10921	219.600
3129	224.800
773	225.400
1913	225.700
2109	225.400
6317	225.600
6501	225.700
4229	226.700
10741	226.300
11925	227.800
4189	228.800
6057	228.200
8069	228.100
6665	230.300
10261	230.500
11761	230.200
12201	230.300
12477	231.000
657	231.100
7253	231.300
7697	231.200
4917	236.000
7597	235.300
9141	236.100
5533	238.200
9497	238.900
869	241.100
6301	242.000
9389	241.700
9521	241.600
9693	241.600
9885	241.900
12121	241.500
805	243.700
7421	243.300
189	244.900
565	244.600
5425	244.400
11113	244.900
11689	244.100
301	246.100
11069	246.100
9777	247.700
2725	248.900
10633	248.600
12485	249.000
1577	249.100
11041	249.400
837	250.200
11205	250.200
2189	251.800
4961	251.700
389	252.200
609	252.600
1353	252.700
1765	252.300
4381	252.400
8177	252.800
1289	253.400
2101	253.300
3585	254.000
4249	253.500
4813	253.500
6485	253.600
8001	253.700
9017	253.500
10677	253.800
4101	254.400
4369	254.600
645	255.200
945	255.500
2113	255.600
11221	255.600
12289	255.300
3665	259.300
7741	260.000
2257	260.500
8265	260.200
12041	260.500
213	262.900
1373	262.500
7133	262.500
11417	262.100
9053	263.600
1085	264.900
5445	264.100
6161	264.300
2097	266.200
8521	267.000
9881	267.000
161	267.500
6553	267.400
9493	267.700
11209	267.700
6905	268.400
10017	268.900
2401	269.500
4337	269.300
3105	271.000
3621	270.900
3669	270.600
8225	271.400
2037	275.600
3965	275.700
11265	275.800
12445	275.800
6737	276.100
11277	281.300
11229	282.800
8069	287.300
8825	287.400
8829	287.700
11501	287.400
1873	291.800
3521	291.800
6349	291.200
6365	291.900
6841	291.100
10449	291.500
11481	291.500
4101	292.400
4905	292.400
7417	293.000
349	293.400
1785	293.500
11333	294.000
289	294.800
1005	294.500
5405	294.300
5817	294.300
5917	294.100
6813	294.600
7773	294.900
8093	294.600
10073	294.800
10161	294.100
10201	294.800
10941	297.000
949	300.700
1637	301.500
1737	301.800
2073	301.700
3009	301.300
9201	301.400
9697	301.600
6925	302.600
7293	303.000
9269	302.700
10185	302.400
10421	302.900
1649	306.700
10225	308.100
7609	310.700
7965	310.900
625	312.000
3081	311.500
921	312.400
10129	314.000
10373	313.100
441	314.400
4209	314.300
7981	314.200
11341	314.500
5393	315.200
6093	315.600
10285	315.400
1945	317.000
7621	316.200
61	317.800
9621	317.700
10561	317.400
1521	318.200
2473	318.400
3709	318.200
5565	318.500
8181	318.700
3969	319.800
7121	319.300
409	320.600
12289	320.100
12321	321.800
10081	322.100
1733	323.200
2757	325.000
7597	324.500
9193	325.900
193	327.200
2985	329.900
4697	329.500
6285	329.100
9241	330.000
4733	331.200
5833	331.700
9629	331.600
8493	332.400
10725	332.600
2045	333.100
2669	333.400
10697	333.500
11105	333.200
11597	333.200
9385	335.600
1249	336.500
4729	336.700
8401	337.000
3433	337.300
5161	337.500
1049	338.300
3901	338.800
4901	339.000
11645	338.100
709	339.800
7057	339.900
1529	340.900
1625	340.300
2165	340.300
3193	340.800
4057	340.800
4305	340.300
5641	340.200
5709	340.700
6865	340.100
10833	340.900
801	341.400
1965	341.500
3425	341.600
4141	341.700
5649	341.500
6533	341.500
6769	341.500
7113	341.700
8105	341.700
9957	341.800
10305	341.500
10437	341.200
11133	341.600
11245	341.700
11361	342.100
5821	347.100
4549	349.300
3137	353.300
5313	353.500
8661	353.600
10273	353.400
10457	353.800
1061	354.700
4377	354.600
1441	356.000
3189	355.400
5441	355.900
11417	356.100
11697	356.600
4113	357.400
481	358.800
3133	358.100
2633	359.300
3945	359.400
4837	359.800
8137	359.400
10453	359.500
11357	359.100
413	360.100
4117	361.600
6569	361.400
4005	363.100
6329	363.300
3437	364.100
7933	364.200
201	365.600
681	365.800
1909	366.800
3837	366.400
7873	366.500
10593	366.300
5485	367.700
9637	367.700
11113	367.100
12445	367.500
2253	373.800
10765	374.400
10905	375.000
745	375.200
11185	377.600
2661	380.600
8409	380.500
3741	381.300
6785	381.500
7657	381.800
8997	382.100
12377	383.000
5353	383.500
6349	383.200
7961	383.500
8109	383.300
8537	383.200
11241	383.200
3097	384.100
4153	384.300
5401	385.000
6205	384.100
8533	384.800
2529	385.400
4393	385.400
1437	386.100
6445	387.800
7333	387.700
8125	388.000
161	388.400
541	388.900
2645	388.700
2765	388.600
4385	388.900
4469	388.100
9273	388.300
11529	388.700
11609	388.400
12193	388.100
665	389.200
9721	389.500
6249	390.600
10737	391.300
4041	392.500
8873	392.900
325	393.300
3649	393.400
8909	393.800
11653	393.600
1341	394.800
3053	394.400
4545	394.500
11153	394.600
265	395.900
81	396.900
5309	396.700
3521	397.100
10885	398.500
3725	399.600
5521	401.700
6725	401.100
3565	402.800
4013	402.900
5405	403.000
5617	402.100
5981	402.300
7825	402.600
8525	402.700
8729	403.000
10609	402.100
11953	402.600
1101	403.700
3005	403.500
3581	403.100
5001	403.500
5069	403.300
6817	403.400
7565	403.400
8041	403.300
9565	404.000
11497	403.200
4481	404.900
8097	404.100
10241	404.100
11605	404.100
12077	404.300
3273	408.200
8781	408.700
217	409.500
713	409.600
1333	409.600
1529	410.600
4053	410.100
4169	410.200
12405	410.700
9777	412.900
2317	413.300
8717	413.300
9873	414.000
5049	414.900
6461	415.000
3133	415.600
5493	415.600
549	416.400
4829	416.900
8289	416.600
10349	416.700
10389	416.100
11841	416.600
10101	417.200
673	421.600
1653	421.300
3297	421.800
3645	421.300
5749	421.200
6597	421.900
10321	421.800
11089	421.500
1601	422.700
3137	422.400
5225	422.300
6237	422.200
7385	422.700
7549	422.400
6089	423.700
3653	424.200
6093	424.500
11693	425.000
5277	426.500
4601	427.300
1193	428.700
5601	428.500
9625	428.700
10985	428.900
425	429.300
617	429.900
2497	429.400
3141	429.400
5101	430.000
5921	429.800
457	430.700
4629	431.000
285	431.300
1461	431.100
11049	431.700
5673	432.700
1821	433.500
8565	433.800
9701	433.200
593	434.300
3077	434.400
8217	435.000
8801	437.300
1541	439.700
2645	439.700
2649	439.900
6573	439.800
12025	439.700
1393	440.200
6337	440.400
9425	440.500
11065	441.000
6997	441.500
2069	443.400
8517	443.300
7773	444.900
2333	445.700
11653	445.300
7257	446.400
7893	448.000
3965	448.500
7209	448.100
10073	448.400
7569	449.200
11157	451.000
2469	454.900
5233	454.100
1285	455.700
5497	456.700
9397	456.800
7265	457.800
10877	457.700
10589	461.800
1069	463.800
1481	464.200
3545	465.800
6801	465.300
1317	466.800
3481	466.400
5457	466.400
7881	466.200
53	467.600
833	468.000
1389	467.900
1797	467.800
2209	467.800
2917	467.500
3029	467.600
8345	467.600
533	468.800
861	468.200
1429	468.600
2325	468.300
5389	468.400
6201	468.500
9665	468.300
10145	468.100
11197	468.600
11269	468.400
7945	470.800
1505	471.900
1913	471.700
4241	472.000
9677	471.200
2785	472.900
9225	472.200
10405	472.600
3449	473.500
9621	473.100
9653	473.100
1057	474.100
2393	475.000
4545	474.400
1133	475.300
3725	475.300
5065	475.200
7089	475.800
10957	476.900
5817	477.800
4169	478.800
5309	478.100
9989	478.600
2641	479.100
4493	479.400
9133	479.400
2717	480.100
10645	482.200
1165	483.800
737	484.300
11945	484.400
2729	485.200
6757	485.100
12269	486.400
5505	488.000
5509	487.300
8685	487.100
9253	488.800
7173	489.200
9689	489.200
5021	490.300
12481	490.800
11709	491.200
7121	492.400
11617	492.600
9541	493.500
12329	494.500
11069	497.300
12205	497.500
325	498.200
2461	500.000
7013	499.900
9557	500.500
4209	501.600
10257	501.700
293	502.400
3737	502.500
8021	502.400
8949	502.400
9893	502.100
3913	503.100
1929	506.000
4557	506.700
7093	506.800
9393	506.900
7201	507.900
10809	507.700
11573	508.000
3781	508.600
6629	508.600
6709	508.300
11005	510.200
2441	512.000
10513	511.800
6141	513.000
7601	512.200
10321	512.100
8433	513.300
1745	514.300
4909	515.000
8693	515.200
8869	515.700
765	516.700
10965	517.200
11745	518.000
2045	518.400
4885	518.200
9609	520.000
2165	520.900
2621	520.700
2733	520.300
8125	520.400
8281	520.300
8393	520.200
10457	520.500
10617	520.500
11525	520.800
11985	520.300
8049	521.400
10829	522.000
1	523.800
9341	523.700
629	525.100
2201	526.000
8573	525.300
165	528.000
1725	527.500
4149	527.800
6177	527.700
8621	527.200
2589	528.100
6033	528.900
6901	528.700
8613	528.200
10081	528.600
465	529.100
3929	529.200
9641	530.800
8133	532.000
909	533.900
7525	533.600
7921	533.500
10389	533.100
1553	534.100
9841	534.600
11401	534.500
5661	535.500
1517	537.500
3469	537.200
9253	541.300
4989	542.600
6725	542.800
9777	542.400
12105	542.700
1305	543.100
3569	543.600
6469	543.600
8961	544.600
10053	545.000
11777	544.300
7261	546.700
265	547.700
6257	547.800
11497	547.300
6253	549.200
10513	549.800
10981	549.900
1177	550.300
11961	552.600
897	553.400
3805	553.500
4401	554.200
9481	554.300
9597	554.700
10549	555.800
11025	555.800
11749	555.300
1673	556.100
2749	558.800
2725	559.400
3905	559.500
5545	559.800
9821	559.400
6205	560.600
6305	561.000
9473	560.600
6541	561.500
10757	561.900
11605	561.600
9469	562.400
12029	563.800
1777	565.800
2161	565.900
11385	566.000
613	567.000
7101	567.000
11805	566.600
2417	568.300
3445	568.100
12221	569.000
1209	569.100
3289	569.100
4257	570.800
10541	572.600
4309	573.700
11333	575.400
5693	576.500
7597	576.500
89	577.100
565	577.800
6993	577.400
10361	577.800
1413	578.200
3997	578.400
4337	578.300
5273	578.200
10461	579.000
12461	578.600
5889	579.800
7313	579.200
12305	579.800
6237	580.200
8397	583.900
1309	585.000
5085	584.700
2413	585.700
4569	585.300
5561	585.800
257	586.900
1405	586.900
9277	586.900
2913	587.300
4253	587.600
11909	587.900
3445	588.700
12165	588.200
49	589.500
3065	589.500
12241	590.000
3333	590.700
10705	590.200
3969	591.900
9553	591.600
7461	592.500
3313	594.000
7121	594.000
1325	595.100
3061	595.100
6357	595.700
8233	595.800
5077	596.100
9889	596.100
2321	598.000
12261	598.700
12301	598.100
7621	599.200
229	600.800
9517	600.500
10757	601.800
5061	602.600
7689	602.300
765	603.400
10873	603.100
9937	604.600
11069	604.100
11857	604.200
1885	606.900
6261	606.500
1509	607.500
2009	607.200
5129	608.900
6001	609.600
6301	610.200
8073	610.800
5021	611.100
6765	611.600
693	612.600
2965	613.000
6101	612.900
7341	612.700
7025	614.600
7349	614.900
9697	614.600
11753	615.000
11861	614.700
1153	615.500
3009	615.700
9725	615.100
11497	615.300
1701	620.100
10133	621.800
10909	622.200
4345	625.800
11345	626.300
7541	628.000
329	629.400
11289	629.100
937	630.400
9653	630.900
2337	631.900
4869	631.400
3553	632.800
4205	632.400
10141	633.000
12277	633.000
1877	633.600
5237	633.400
5681	633.200
7081	633.700
8149	633.900
8281	633.500
4437	634.700
7173	634.400
9421	635.000
3385	635.100
4809	635.500
9801	635.500
2941	636.200
3465	636.700
8853	636.500
1	637.500
4229	638.600
7809	638.700
201	639.900
1529	639.300
3709	639.300
217	640.500
2549	640.800
5773	641.000
9641	640.500
925	641.400
2209	641.600
4529	641.400
8601	641.900
5181	642.100
7653	642.900
10821	643.900
12465	643.800
2873	644.300
9193	644.500
12189	644.600
377	647.900
2453	650.800
2661	650.600
3657	650.600
9809	650.500
1525	651.500
1997	652.000
2605	651.800
3161	651.800
3309	652.000
3745	651.100
10545	651.300
2401	652.200
4549	652.800
2673	655.700
11649	655.900
661	656.200
1289	656.100
4017	656.700
5601	660.100
8005	660.500
8925	660.300
9209	660.800
1605	662.000
7413	661.800
8449	661.800
6461	662.500
8297	663.000
12441	662.400
6553	663.100
8401	663.600
12097	663.700
5929	667.000
3989	667.700
6161	667.600
6345	668.200
6513	668.400
677	669.800
1705	669.300
3233	669.400
3429	670.000
4989	669.600
7661	669.600
7753	669.500
8437	669.400
613	671.000
2845	670.400
6193	671.000
8793	670.900
9057	670.400
1205	672.000
1853	671.700
2337	671.900
2541	671.800
3157	671.100
3913	671.400
4261	671.900
6005	671.900
6977	671.700
7521	671.200
8137	671.500
8929	671.900
9617	671.900
11265	671.800
11529	672.000
11901	671.900
12277	671.900
2201	672.400
3265	672.500
7437	672.700
7997	672.600
9865	672.500
10053	672.400
4677	675.500
9273	677.700
5985	680.300
1813	682.000
8869	681.700
3361	683.600
10749	683.400
2033	684.600
9757	685.000
12405	684.600
8897	685.100
2329	687.100
10417	689.100
10985	691.900
10861	692.600
9569	695.000
1277	695.400
2365	695.200
5381	695.200
9697	695.600
5193	696.700
8553	696.200
9277	696.500
10101	696.500
1993	699.600
3389	700.000
5597	699.400
6585	699.400
4777	700.500
9949	702.000
6949	703.800
4769	704.400
5141	704.100
6269	704.700
6937	704.900
10317	704.100
10685	704.200
4709	706.800
2613	707.300
4245	707.100
1617	708.700
5917	708.700
6013	708.300
8193	708.100
7485	709.400
9417	709.100
9641	709.700
2617	710.700
8177	711.000
8277	710.900
10949	711.200
89	712.600
373	713.100
2417	714.900
9313	715.900
1613	716.500
6237	717.000
9029	716.500
865	717.800
5537	717.300
6245	717.600
6393	717.300
10089	717.700
11169	717.700
77	718.400
2145	718.500
5629	718.500
7161	718.100
8645	719.000
5241	720.000
5145	720.600
129	722.000
777	723.200
2857	723.500
4561	723.700
8253	723.800
9741	723.900
849	724.200
1285	724.600
10877	724.800
1537	725.300
5713	726.300
3721	727.600
6769	728.400
7169	728.900
9001	730.800
229	731.300
369	731.700
2137	732.000
2377	732.600
2973	732.300
5661	732.700
9241	732.500
11569	732.700
4441	733.500
7173	733.600
9289	733.900
10365	733.300
3209	734.200
11541	735.500
1401	737.300
11773	738.800
10049	739.700
11261	739.900
5581	743.800
125	744.100
1561	744.200
10921	744.800
1877	745.900
3549	745.100
4681	745.100
11797	745.700
12325	745.500
11117	746.300
2881	749.100
1289	750.600
1153	751.900
6577	752.800
7093	752.900
7461	752.200
8529	752.700
11473	752.200
821	753.300
11605	754.000
7089	755.200
4873	756.200
6713	757.000
161	757.500
4697	757.200
7625	757.300
9069	757.400
10789	757.800
1005	759.000
6017	759.700
11393	759.500
445	761.500
4845	761.100
9229	762.000
1937	762.300
4309	762.600
10177	762.800
257	764.000
689	763.300
1113	763.400
2001	763.100
4265	763.200
4329	763.300
8897	763.100
11277	763.900
11877	763.600
3593	764.600
5105	764.100
5469	765.900
6485	765.900
2645	766.700
8273	766.500
8473	766.700
133	767.100
221	767.200
9189	767.500
12125	768.000
1749	768.600
3373	768.500
5293	768.600
5333	768.200
581	770.900
8097	772.000
501	773.500
2121	773.200
4549	773.900
277	774.800
6141	774.900
7469	774.500
8545	774.800
9257	774.600
10425	774.800
1789	775.700
2621	775.700
6277	775.600
6449	775.600
8701	775.700
10197	775.800
10637	775.800
6297	776.300
6977	776.300
8525	776.200
10761	776.200
3289	778.400
5841	778.600
8521	780.700
8713	780.900
7133	782.000
3633	782.900
11781	782.600
5793	783.800
9589	784.600
5261	786.000
6417	786.000
5549	786.800
10269	786.300
1901	787.900
2281	787.100
2469	787.800
2725	788.600
5533	788.600
2961	789.100
7949	789.600
8617	789.400
11853	790.000
677	790.600
10441	790.300
1885	791.500
5137	791.400
5273	791.700
7737	791.100
3225	794.300
3489	795.900
281	796.600
265	797.900
4865	797.300
2585	798.800
10785	799.000
1773	799.600
2121	799.800
2257	799.200
5593	799.800
6189	802.500
5453	805.200
5269	807.900
11193	807.800
9817	810.300
7413	811.200
1285	813.400
9205	813.400
317	814.400
4617	814.500
5573	814.300
7061	814.400
11649	814.400
3789	815.200
4957	815.500
4981	815.100
7233	815.300
9297	815.500
10241	815.600
2741	818.700
409	819.300
4949	819.700
8621	820.000
9553	820.000
1101	820.300
2605	820.100
8149	820.500
11121	820.100
2721	821.500
4145	821.400
6281	821.400
7341	821.500
8745	821.500
10117	821.500
11425	821.500
2969	825.000
5629	828.900
9749	828.200
10545	828.300
11245	828.900
1581	829.200
2669	829.200
9621	829.400
10965	829.700
3297	831.000
6165	830.600
8313	830.500
9085	830.400
10737	830.400
10649	831.300
3573	832.800
4433	832.800
4633	833.600
10045	833.700
12249	833.600
3765	836.000
7009	835.300
6097	836.600
9269	836.500
2401	837.600
3761	837.200
8577	837.100
10213	837.100
6405	838.600
1817	839.400
2317	839.300
6513	839.400
11249	839.300
7873	841.200
2881	842.500
8865	842.500
4093	844.300
6941	845.000
7101	844.600
8425	844.700
9197	844.600
777	846.000
3649	845.600
8753	845.500
8921	846.900
9013	846.400
9349	846.200
1061	847.300
1065	847.600
1425	848.000
6493	847.500
7169	847.900
8137	848.000
8373	847.200
9689	847.800
10089	847.200
10097	847.100
10969	847.800
12173	847.300
2185	848.100
4965	848.100
2265	851.600
6321	851.500
5665	854.000
8225	853.700
8713	853.700
5337	855.400
6461	855.600
8129	855.600
8457	856.400
1865	859.000
3869	858.600
6021	858.700
7081	858.500
3453	859.300
3513	860.900
5757	860.900
9989	861.800
10317	861.300
2333	862.200
361	863.700
6125	863.300
6577	864.000
7313	863.700
10849	864.000
429	864.700
6849	864.900
10941	866.000
1537	866.800
11733	866.100
9961	870.800
3793	871.900
4509	871.900
5673	872.600
6273	872.500
11349	872.100
11681	872.600
12065	872.500
12373	872.600
10337	876.800
3713	877.900
969	879.900
11425	879.400
6065	880.300
5221	881.100
5469	881.400
681	882.300
3729	882.700
5713	882.900
1485	883.500
6997	883.700
7049	883.100
8361	885.000
9417	884.100
12393	884.200
2709	885.300
11529	886.200
3685	888.000
10101	887.100
11053	888.800
4533	892.800
5025	893.000
7901	892.200
8885	893.000
11749	892.900
817	893.200
3389	894.000
5241	893.400
8917	893.700
12309	893.100
1593	894.600
7993	894.600
4405	895.400
9769	895.200
2373	899.500
5313	899.200
6349	899.700
2049	900.200
4809	900.900
7773	900.900
8077	900.500
2477	901.300
4113	901.900
7381	901.500
10473	901.600
11701	901.400
7721	902.200
8429	902.300
93	903.700
4245	904.800
7065	904.800
8089	904.500
1021	905.700
3901	905.600
4037	905.600
4317	905.400
6625	906.900
7045	906.400
7857	906.100
9941	907.000
9985	906.100
11633	906.100
833	907.300
2457	908.000
3109	908.700
5049	909.300
7645	909.200
12345	909.900
9981	911.600
3865	913.700
7457	913.800
73	914.100
1693	914.300
8237	914.700
8313	914.300
5365	916.300
6617	916.900
10461	916.200
10745	916.200
10765	919.600
1529	920.100
5281	920.100
4949	921.300
6621	921.500
9749	921.400
5981	923.100
5985	924.600
6713	924.300
9729	924.100
705	925.700
7021	925.700
8889	925.700
3873	926.300
5533	926.200
7533	926.200
7781	926.200
5125	928.500
12301	928.500
845	930.000
4465	929.100
717	930.100
6981	930.500
7677	930.100
2313	931.900
7397	931.700
10157	931.900
281	932.800
421	932.300
4669	932.200
5285	932.100
6289	932.100
11077	933.000
12033	933.500
10997	936.500
11089	941.900
4425	943.000
6673	942.900
11073	942.800
11925	942.200
7289	944.600
11953	945.800
813	946.500
5721	947.500
8405	947.600
9013	948.800
10653	948.600
5133	949.100
8309	949.300
12461	949.800
2909	951.000
5213	950.300
9053	950.500
12269	950.700
1293	951.500
12089	955.700
9209	956.800
3953	957.900
4781	957.300
12201	957.300
7589	959.800
957	960.500
2449	960.900
4601	960.900
741	961.100
6137	961.200
10881	961.600
7881	965.000
4201	966.700
9225	966.700
12409	966.400
4041	967.300
10053	967.600
6757	968.900
7049	970.900
1253	972.000
213	973.000
433	972.700
3485	972.800
4617	975.000
10353	974.200
4761	975.700
9177	977.000
9709	976.800
10069	976.800
10705	976.900
11533	977.000
6985	977.500
8797	977.400
9621	978.000
10593	977.100
8853	979.200
10029	979.500
8661	980.300
77	981.600
7309	981.400
9685	981.300
8729	983.900
5241	984.300
5193	985.500
7229	985.200
10741	985.200
6493	986.200
385	987.300
9009	987.500
9077	987.600
937	988.300
817	989.600
1433	989.200
2489	989.700
5597	990.700
6945	992.400
7245	993.700
5593	995.300
481	996.400
605	996.200
5825	996.200
6713	996.200
461	997.400
2501	997.300
4153	997.200
4777	998.000
8433	997.300
4633	999.000
4853	999.600
10425	999.600
