# NEST version: 3.6.0
# RecordingBackendASCII version: 2
sender	time_ms
11040	157.400
10296	158.100
8984	160.300
7820	161.100
8120	161.300
5756	162.100
584	164.900
7108	164.400
10904	164.200
6480	166.600
10476	166.200
976	167.200
2732	168.300
7560	168.400
4056	170.800
5160	170.600
84	171.500
1200	171.100
3456	171.500
5008	171.600
7088	171.200
7928	171.300
8020	172.000
10040	171.900
12028	171.600
5144	172.300
5868	172.500
5888	172.100
6076	172.500
7152	172.400
7876	172.500
8076	172.400
10980	172.400
11048	172.500
1220	173.300
7848	173.100
9192	176.700
10236	177.200
11416	177.200
5156	178.100
680	179.700
8708	179.700
708	180.500
1972	180.700
5452	180.400
564	181.200
1096	181.600
5176	181.500
6756	181.100
11396	181.800
11892	181.600
3884	182.400
10992	182.300
6208	184.900
10788	184.600
12500	184.700
1820	185.200
2568	185.300
9960	185.100
6408	187.100
10968	187.800
76	188.800
7512	188.100
10536	188.800
12212	188.600
9664	190.800
10228	191.700
4296	193.000
10832	192.200
4244	194.600
10128	194.200
1520	197.400
5424	197.600
8464	197.700
8564	197.300
8732	197.500
700	198.400
1304	198.400
3076	198.600
5412	198.700
7404	198.500
12000	199.000
1068	199.600
3308	199.600
3708	199.200
7424	199.500
11968	199.600
5932	201.600
6148	202.400
6884	202.900
3060	203.200
4108	203.700
5896	203.700
11800	203.100
2404	204.900
5216	204.800
1812	205.200
3672	205.300
5088	205.300
6496	205.200
9168	205.100
10864	205.300
11936	205.200
10348	210.900
3288	211.700
3472	211.800
1904	212.400
2064	213.600
760	214.900
4524	214.800
12208	214.400
9076	215.600
6212	216.700
8900	216.600
2396	217.400
7308	217.100
7892	217.300
10400	217.900
11976	218.000
4496	218.700
9708	218.400
10068	218.300
11292	218.300
5492	220.700
11776	220.700
1548	221.500
2400	221.500
4284	221.500
9576	221.900
3088	222.300
2228	224.400
168	225.800
11236	226.200
9156	227.900
2532	231.000
4096	230.400
5976	231.400
6260	231.300
9412	231.100
3444	232.400
4520	232.100
11464	232.900
6060	233.200
7828	233.400
11072	233.300
4544	236.400
9024	237.000
3900	237.800
6220	237.700
12076	237.600
7624	239.000
7048	239.800
8340	239.300
11824	239.400
6956	240.100
5164	242.600
3792	243.300
5396	244.200
8456	244.300
9252	245.500
44	246.700
11056	246.700
5036	247.300
4108	248.900
5464	248.500
8592	248.900
7496	249.800
9104	249.300
4396	251.000
2832	251.300
5372	251.700
5520	251.800
7292	251.900
7688	251.400
7696	252.000
8636	251.600
11396	251.800
900	252.100
3028	252.100
4456	252.600
8104	252.400
2656	253.200
8020	254.200
1696	256.000
7320	255.500
1248	256.500
2496	256.900
3816	256.500
5384	257.000
5756	256.900
5968	256.200
6452	256.900
8376	256.500
8812	256.400
140	257.600
3084	258.100
5400	258.300
6520	259.600
10420	259.200
11892	259.100
2252	260.300
412	265.200
5120	265.400
8880	265.300
2272	267.700
2296	268.000
3676	267.700
7432	267.700
9240	267.100
1988	269.000
3740	269.000
6304	269.000
8068	268.300
52	269.700
1276	269.100
7036	269.400
7120	269.100
11120	269.100
11608	269.300
9248	271.500
11936	272.100
1876	274.500
8760	274.600
388	275.100
2556	275.100
4116	275.200
1480	276.600
2400	276.700
6528	276.500
7636	276.600
11940	276.100
12136	277.000
5020	277.400
120	281.800
3944	281.700
5084	281.900
6544	281.300
844	283.000
1008	282.900
1836	282.900
3736	282.500
5648	282.900
12496	283.000
2396	283.300
12188	283.700
4500	284.900
9160	285.100
4436	286.400
8748	286.200
284	287.700
872	288.000
3948	287.900
7268	287.400
12300	287.500
592	289.000
2776	288.300
4872	288.100
6364	288.300
9672	288.300
4416	289.600
5924	289.300
6260	289.100
6804	289.900
7108	289.500
7356	289.400
9516	289.200
2780	290.300
4904	290.700
8860	290.400
10364	290.600
968	291.200
1432	291.900
1656	291.900
4360	291.100
6276	291.900
1032	292.500
1292	292.200
7524	292.800
11228	293.000
500	293.100
10568	293.500
11148	293.500
6748	301.800
12312	301.600
11208	302.300
4708	303.600
5744	304.500
9812	304.300
7848	306.000
2836	307.500
5528	307.800
10612	307.600
4348	308.500
5028	308.700
6928	308.100
7748	308.600
10520	308.900
2924	309.100
5104	309.800
1000	310.500
3280	310.100
5312	311.000
6148	310.200
7552	310.400
7600	310.900
9608	310.400
11536	310.800
2996	311.200
6840	314.600
9932	315.000
11924	315.900
452	316.800
1124	316.300
3628	316.200
7660	316.800
10084	316.600
11252	316.800
11880	318.800
1528	319.700
10204	319.800
10932	319.600
10996	320.600
1496	323.800
1872	323.500
10168	323.800
11944	323.400
696	325.500
916	326.400
4940	326.100
4524	327.300
5520	327.100
5036	329.500
12212	329.400
1556	330.100
3272	332.700
1516	334.500
1520	334.500
2668	334.100
4476	334.800
11088	334.300
2148	336.700
2456	336.600
12196	336.700
10792	337.600
592	340.900
204	343.400
1884	343.200
2284	343.900
3512	344.900
2004	345.600
4472	345.800
4656	345.500
5432	345.900
7160	345.700
12296	345.500
2712	347.200
11228	347.200
1664	348.700
6652	349.200
7312	351.000
9316	351.100
168	352.300
3024	352.300
3368	352.500
5560	352.600
5720	352.400
300	353.200
11064	353.500
11256	353.500
8556	354.400
1096	355.400
4244	357.300
10956	357.900
7676	358.200
12116	358.600
10472	359.200
11800	362.900
3296	363.100
10112	366.300
2232	368.100
4552	368.700
9340	368.100
12196	368.700
896	370.000
2156	369.300
3096	369.500
4112	369.800
1312	370.900
2472	370.800
7168	370.200
8196	370.300
10880	370.500
5592	371.100
7980	371.700
11160	371.200
11892	376.600
80	377.600
2596	377.700
5324	377.400
1020	378.500
11072	378.400
6480	381.000
8972	380.800
1132	381.800
3224	381.700
7336	381.400
9184	381.800
9272	381.100
10612	381.200
6056	382.400
7928	382.100
552	383.600
2944	386.500
5580	388.300
11928	388.400
8244	390.200
360	392.000
2860	392.000
9268	392.000
10152	391.700
284	392.400
4348	392.800
2464	393.900
472	395.000
1764	394.300
2856	394.600
6604	394.700
8512	394.800
8660	395.000
9860	394.100
1804	396.000
2832	395.800
5404	395.300
5568	395.200
7132	395.200
7568	395.600
7892	395.200
8880	395.100
9904	395.700
4748	396.200
5932	396.100
9068	396.300
8	398.000
92	397.800
1084	397.500
2680	397.800
3380	397.800
4164	397.200
4460	397.500
5692	397.200
6864	397.300
7184	398.000
7372	397.400
10816	397.200
10896	397.400
11808	397.300
4212	398.300
8728	398.100
2000	400.200
6228	401.000
6344	400.100
2640	401.700
1496	402.800
7728	402.200
1872	404.500
6628	404.600
2624	405.300
5128	405.300
6384	405.600
10992	405.300
4364	406.500
10164	406.100
5796	407.800
6612	407.200
6016	408.600
828	409.800
3536	409.400
2900	410.700
3468	410.200
8832	410.600
10084	410.700
9076	413.800
12260	414.900
544	415.100
1708	415.200
10772	415.800
11280	415.400
11824	415.700
1996	416.100
6424	417.000
6528	416.100
7160	416.400
10540	416.700
8396	417.300
916	418.400
3288	418.400
10704	418.300
1564	419.800
1072	420.400
332	422.000
5200	422.000
5476	421.900
148	422.700
416	422.600
1292	423.000
1836	422.600
2068	422.500
7304	423.000
9032	422.500
324	423.900
468	424.000
1520	423.800
1748	423.600
2876	423.600
3708	423.700
4060	423.100
4576	423.300
5292	423.200
6276	424.000
6596	424.000
7588	423.800
8664	423.700
10240	424.000
11628	423.900
980	424.400
2420	424.200
2928	424.200
3008	424.200
3640	424.300
7488	424.100
7876	424.500
8772	424.800
12100	424.600
12208	424.200
8768	425.400
9160	425.200
1548	426.900
4708	427.900
10584	427.900
4224	428.800
1936	429.500
2992	429.200
3348	429.800
3512	429.400
5824	429.400
7856	429.900
9380	429.300
11804	429.600
12272	429.400
7828	430.200
928	431.300
7948	431.800
8420	432.700
3516	433.300
8608	434.000
12168	434.000
804	434.600
936	434.900
5636	434.700
7276	434.100
8848	434.800
8204	435.200
5028	438.100
6828	440.000
7156	439.800
10180	440.000
5400	440.300
5556	440.300
2904	442.900
2916	443.400
5340	443.300
9076	443.200
12244	443.800
1976	444.600
8864	444.600
9164	444.700
11364	445.000
1064	445.200
4336	445.300
9248	445.400
3628	449.700
4560	449.800
8720	449.200
3012	451.000
8424	450.600
12044	450.800
1596	451.300
3776	451.700
5960	451.600
7400	451.300
6152	453.400
6948	453.400
8432	454.700
1768	455.700
2716	456.000
8692	455.500
10004	455.600
10272	455.500
592	457.000
2736	456.800
2952	456.200
4780	457.000
12252	456.800
12308	456.200
7196	459.500
1360	460.900
4384	460.600
7456	460.500
10696	460.400
5464	461.900
8180	461.800
9924	461.500
11412	461.300
6356	463.100
7696	463.400
10152	465.000
10412	465.600
10124	467.900
10568	467.700
10800	470.700
1496	471.200
5376	473.000
11280	473.300
908	474.700
8728	474.400
12488	474.600
11532	477.500
11692	478.900
1412	480.900
1484	481.500
1948	481.400
6900	481.700
4660	482.400
10172	483.000
7928	483.700
9880	483.200
912	485.600
3456	485.300
5904	485.300
8952	486.000
7488	487.300
3524	489.700
7036	489.600
7172	489.400
11332	489.600
3148	490.200
2580	493.000
108	493.100
1988	494.800
2232	494.200
6496	494.600
7460	494.300
11384	495.000
3820	495.300
10492	496.500
44	497.200
388	497.300
1604	497.900
1880	497.200
3448	497.800
5332	497.100
7992	497.400
8760	497.400
5968	498.200
1608	499.600
5800	499.900
6128	500.000
7160	499.900
1900	500.500
2980	500.600
10720	500.400
11764	500.800
4712	502.600
4864	502.900
5020	502.600
6236	502.600
7400	503.600
3928	504.500
768	506.000
2348	505.600
2552	505.200
4168	505.400
9972	505.500
11212	505.800
328	506.900
608	507.000
1616	506.500
3344	506.800
6848	506.400
7024	506.600
1204	507.200
260	509.900
4604	509.300
3692	511.600
5340	511.500
11088	511.700
3984	512.900
4364	512.500
6116	513.400
7240	513.600
11436	513.100
12404	513.600
7944	515.000
8652	514.900
2280	515.400
1580	517.000
3160	516.600
212	517.400
2304	517.500
2548	517.800
3644	518.000
4148	517.600
5332	517.900
10404	517.100
11000	517.200
11344	518.100
736	523.600
2344	523.600
6788	523.500
752	524.300
3336	524.400
7908	524.700
8860	524.800
9504	524.100
10276	524.600
208	526.800
8352	528.200
3652	529.200
10740	530.700
11992	530.700
2924	531.600
7288	537.400
8972	537.700
4	538.800
2032	538.800
3344	538.400
6652	538.600
9448	538.500
10836	538.800
8588	539.600
12136	539.100
340	543.400
10572	543.900
880	544.800
2388	544.100
6304	544.600
11528	544.800
12036	544.500
2156	545.100
3532	545.600
8584	545.300
92	546.600
876	546.100
6072	546.700
9156	546.300
56	547.700
3168	547.500
1892	549.000
4612	548.500
5584	548.300
6636	548.500
10736	548.400
11572	549.000
2372	549.700
5992	549.600
6172	549.600
8152	549.400
9412	549.200
9524	549.800
4340	551.500
944	553.500
2968	553.500
2036	554.500
2592	554.500
5060	554.700
11844	554.300
3908	555.500
8808	556.000
764	556.400
3016	556.800
3996	556.800
5316	556.200
5620	556.800
6864	557.000
8996	556.100
4872	557.200
6988	557.900
10692	557.700
11520	558.000
1136	558.100
1428	558.200
2056	558.100
6260	558.100
7496	558.100
9200	560.700
10828	562.400
224	563.200
1216	563.300
1888	563.100
8916	563.200
10796	563.200
1624	564.500
5296	565.900
8656	565.600
9028	565.200
1112	566.900
2272	567.000
532	567.400
2796	567.300
7316	568.000
8756	568.000
8968	567.800
11412	568.000
12068	567.500
12136	567.600
5564	568.100
7320	568.200
8008	568.500
10044	568.200
10068	572.600
248	577.500
8216	577.300
12216	577.400
1212	579.500
5228	582.900
7480	582.800
3396	583.400
4604	583.800
7596	583.600
8460	583.400
10216	583.700
12088	584.400
9244	586.600
10588	587.500
3740	588.900
7400	588.200
9580	589.500
816	591.000
8900	591.600
10192	592.400
5544	593.700
8728	593.100
7332	594.300
12260	597.000
2780	597.800
5408	597.600
7772	598.900
8400	599.000
5948	599.200
7956	599.600
8652	599.100
10760	599.900
2264	600.600
2364	600.700
9608	600.600
9056	602.000
9380	601.600
9584	601.700
11080	601.400
1304	603.000
6988	602.600
11004	603.700
12116	603.600
2668	605.200
2776	605.900
3728	606.000
4980	605.400
9960	605.600
12120	605.800
12184	605.700
11872	606.100
620	610.400
3076	610.900
7860	610.400
11380	611.500
1000	612.700
5124	612.900
9956	612.100
812	613.600
2748	613.200
3828	613.700
4460	613.900
10796	613.500
12008	613.100
3652	614.200
10416	614.300
3708	619.700
7648	619.300
10896	620.100
9012	624.200
11248	625.800
6672	628.000
9752	628.300
11400	629.500
5344	631.900
12016	631.300
144	632.100
7100	632.500
7228	632.600
9828	633.000
12012	632.200
1900	633.100
3748	633.100
10044	634.800
836	636.200
3028	637.100
1072	638.600
336	639.500
1572	639.900
7384	640.000
2548	640.600
2676	640.600
4316	640.100
6076	640.100
776	641.100
1688	641.200
8052	641.100
1608	642.200
84	643.100
7092	644.000
10612	643.100
1580	644.900
7900	644.700
7052	645.400
8840	645.600
6228	647.900
2696	648.600
2228	652.600
4796	652.100
7276	652.200
5840	654.000
9248	653.600
10180	653.700
11152	653.200
1424	655.000
3992	656.700
2388	657.200
6968	657.300
9072	657.900
4596	658.400
6560	658.100
8796	658.700
11764	658.200
312	659.100
1068	659.300
1428	659.600
1656	659.900
1664	659.500
5388	659.200
11852	659.700
6152	661.500
512	662.800
8580	662.300
4204	663.100
6236	663.300
228	665.500
1892	666.300
12304	666.900
768	667.200
9068	667.300
11004	667.200
11940	667.800
1348	671.000
7328	672.000
4856	672.800
10384	672.200
11992	674.800
6896	675.400
6964	675.500
3336	676.200
7500	677.300
9248	677.700
10288	677.500
340	679.000
5504	678.700
10660	678.200
12072	678.400
4696	683.100
12088	683.300
1844	684.900
4140	684.800
6088	684.200
7824	684.800
496	685.700
12312	686.100
4792	688.400
6112	688.400
3964	690.900
11840	690.500
736	691.800
11632	691.400
132	692.300
2920	692.200
348	694.600
5228	694.700
9244	695.200
2548	696.200
5276	696.200
9356	696.200
3140	697.700
4808	697.200
5052	697.100
5868	697.700
11396	697.900
108	698.200
1776	698.900
2908	698.800
5300	698.200
6148	699.500
8100	699.800
884	700.100
3240	700.100
1144	702.900
1972	702.800
7928	703.000
8228	703.700
8796	703.300
12016	703.300
1184	704.100
9784	704.300
8216	705.700
8532	705.800
1240	706.900
4348	707.000
6260	706.800
12480	706.900
4168	707.600
7432	707.500
2200	708.800
9616	708.400
11412	708.900
3060	709.300
3244	709.900
1720	710.700
11744	711.000
2736	711.900
12104	711.700
8132	712.100
9876	713.900
10204	713.100
9224	715.300
1096	716.700
8024	716.200
6920	717.100
800	718.300
1952	718.200
5948	719.200
7200	719.200
8608	719.800
4336	720.600
6792	720.900
11556	720.300
9532	721.200
11944	721.200
980	722.100
11376	722.800
1700	723.800
1740	723.700
3920	723.300
4576	723.400
7592	723.500
9364	724.200
10536	724.100
456	727.700
1052	727.700
6236	728.100
7308	728.400
11096	728.500
4832	730.000
2804	730.700
6548	731.300
388	732.200
5392	733.000
10164	732.500
12428	732.700
8768	733.300
10492	733.300
8744	736.900
9680	737.700
2320	739.000
5260	738.800
7264	738.900
10484	738.700
6784	739.400
9512	739.800
6772	740.100
608	742.900
1000	742.900
4308	742.400
12204	742.300
2760	743.200
3664	743.600
1264	745.800
4636	745.600
11508	745.300
5656	746.700
10672	746.500
2132	747.300
2284	747.400
4916	747.400
10560	747.100
1164	750.700
2268	750.600
5300	750.600
8688	750.100
412	751.900
7480	751.800
8964	751.500
3852	752.600
4520	753.000
10100	752.600
11968	752.400
580	753.100
3700	753.700
7228	753.100
12420	753.100
5140	758.100
5240	758.400
7140	758.900
480	759.100
4468	759.100
11732	761.600
192	764.900
2196	764.800
11028	764.900
2652	765.400
4092	765.200
9912	765.200
248	766.300
4280	766.800
12036	766.700
896	767.700
4992	767.300
7020	767.800
7984	767.800
9088	767.100
11828	767.300
984	768.100
12080	768.100
2496	770.000
4476	772.900
5256	772.800
10696	772.300
11192	772.600
11260	772.900
784	775.800
2464	777.300
2188	778.100
3532	779.800
5684	780.000
8704	781.200
8988	781.400
2944	782.400
8372	782.300
3328	783.700
6752	783.700
8944	784.000
9684	783.300
3408	784.700
5556	784.700
11596	785.100
5340	788.300
7800	788.300
9512	789.400
11856	790.000
10776	790.500
10040	793.300
5012	795.900
7996	795.600
8020	795.100
8516	795.700
11972	796.000
480	796.900
668	797.600
2252	797.800
11624	797.900
7688	798.200
11848	798.800
640	800.400
3776	800.900
3852	800.400
10992	801.000
2968	802.000
4812	802.300
5000	805.000
1824	805.900
2564	805.600
5736	805.800
7612	806.000
9088	805.800
10796	805.600
2796	806.500
3012	806.400
6772	809.200
10536	809.600
1384	811.800
9924	812.000
284	812.700
2232	812.800
3528	812.800
5400	812.600
6540	812.500
9740	812.600
7024	813.600
9028	818.700
12088	819.300
12020	822.200
12396	823.200
3820	825.000
11520	824.100
836	827.800
3780	828.200
3380	829.600
8648	830.000
10052	829.200
2792	830.900
4312	831.500
124	833.000
3548	832.700
4656	832.900
740	834.000
12280	833.900
80	834.700
12208	834.700
1876	835.800
11580	835.200
7276	838.500
1048	842.000
6808	841.600
1256	842.200
1428	843.800
3692	843.500
10260	843.600
11656	843.200
4200	844.600
5096	844.900
7104	844.400
10688	844.300
9404	845.900
10444	847.000
4712	848.000
10528	847.400
7272	850.000
7624	849.500
9228	849.500
1288	850.200
10536	851.500
3628	852.200
7796	854.000
360	855.200
812	855.900
3652	855.600
8472	856.000
3208	856.900
3888	856.200
6344	856.600
8564	856.600
2712	857.600
3432	857.700
4884	857.600
6788	857.400
7372	858.000
5068	858.200
1056	859.900
2556	860.000
4180	859.800
8864	859.200
10412	860.000
2928	860.200
7692	860.900
8216	860.100
7248	861.500
1988	863.200
8604	863.200
7688	864.500
9956	865.600
132	866.700
260	867.700
3920	868.000
5476	867.700
6116	867.600
6464	867.200
7432	867.700
11292	867.400
2156	868.100
3596	868.900
4888	868.700
7008	868.200
8900	868.900
1812	869.100
10860	869.500
12316	869.800
6756	873.600
220	874.200
7636	874.700
2164	876.000
3708	876.100
4500	876.100
7532	876.300
2684	877.200
11032	877.700
11536	877.800
2312	880.400
1504	883.900
5588	884.100
8760	884.100
6720	885.100
11120	887.000
11552	886.300
12404	886.700
4232	887.200
4552	888.000
1664	888.900
4856	888.800
5420	889.800
5720	889.400
9136	889.700
1000	890.500
1496	890.800
3448	891.000
5400	890.600
7612	890.600
9412	890.700
336	891.800
1060	891.800
8364	891.900
11612	891.200
232	895.700
752	896.500
2904	896.800
7828	896.800
960	897.300
1128	897.700
6676	897.400
7676	897.700
8416	897.300
10836	897.800
956	899.500
7220	899.500
2460	904.300
2592	904.400
276	905.600
680	905.400
2252	905.800
4364	905.100
5948	905.500
12348	905.600
1952	906.800
2036	906.200
2640	906.800
5808	906.100
6152	906.600
6176	906.700
6408	906.400
7152	906.400
10140	906.700
2708	907.600
2712	907.100
4336	907.900
5456	907.500
7248	908.000
11392	907.800
780	908.700
6412	908.600
8636	909.000
10716	908.600
1492	910.700
8744	910.700
4540	912.400
5020	912.400
2156	913.900
1704	914.300
5192	914.300
7752	915.800
11752	915.700
9512	917.500
2208	918.100
4692	918.600
3652	919.200
6828	919.300
9620	919.700
5628	921.600
8388	921.300
884	922.400
1856	922.400
3576	922.600
4956	922.600
6912	922.800
9912	922.400
10444	922.900
12184	922.500
12440	922.600
468	923.300
2132	923.300
4660	923.700
4728	923.600
8904	923.200
10152	923.800
2952	924.400
7120	924.100
7172	924.400
144	929.000
2216	928.100
12400	929.200
7768	930.100
3552	931.200
284	932.800
7068	932.900
9048	932.800
6072	933.200
11552	934.000
148	934.400
7804	934.700
10404	934.300
348	937.500
4828	938.900
4960	938.600
6136	939.400
296	940.900
6236	940.900
6948	940.900
12088	940.900
2032	941.700
2344	941.400
5240	942.000
9684	942.000
2808	942.300
1160	943.300
10272	944.000
7552	944.500
1936	946.700
3832	946.800
11096	946.900
1612	947.600
5344	947.600
8432	947.800
3808	948.600
3140	950.800
12448	951.100
984	954.400
2904	955.700
3248	955.100
5756	955.300
988	956.100
4212	956.300
11432	956.800
4712	958.000
10176	958.000
9812	959.000
1060	959.300
768	961.300
10056	962.100
11120	962.300
11508	962.700
3696	965.900
4368	965.600
3128	966.700
188	968.600
5024	968.600
8016	968.600
8308	968.800
10756	968.200
11552	968.100
12032	969.900
12112	969.700
4948	970.300
5404	970.800
1056	971.300
648	973.800
2876	973.800
4596	973.500
4392	974.100
180	975.900
5636	976.000
3260	977.800
5076	977.700
6264	977.600
6276	977.400
7148	977.500
3200	978.600
4092	980.000
6940	979.600
8880	979.300
11632	979.100
156	980.300
2208	980.600
4364	980.900
11800	980.200
2732	982.500
11788	982.100
6608	986.000
904	986.500
3436	986.400
5536	986.300
7852	986.100
2868	987.700
4632	987.800
7060	987.500
7264	987.500
12268	987.100
3876	989.000
4464	988.800
7352	989.700
8768	990.000
3296	993.800
2376	994.800
5584	994.800
6508	994.400
516	995.700
1656	995.300
3124	995.800
3360	995.500
4240	996.000
4496	996.000
5528	995.700
10492	995.800
11612	995.400
2036	996.400
5020	996.100
10840	996.400
1188	997.500
4552	997.300
