# NEST version: 3.6.0
# RecordingBackendASCII version: 2
sender	time_ms
1847	157.300
6235	159.000
11991	158.700
3243	159.300
9503	159.100
11463	159.500
2779	161.000
7387	160.300
367	162.000
3771	161.600
7055	162.600
1227	164.500
8687	164.200
9299	165.000
2667	167.800
10351	168.000
8891	168.200
11691	168.900
411	171.700
3551	171.800
4575	172.000
6583	171.400
11771	171.800
3239	172.100
3867	172.100
4315	172.300
4327	172.600
5327	172.100
9035	173.000
12099	172.200
3191	173.300
4287	173.100
8127	173.600
591	174.700
775	174.300
3659	174.900
8099	174.200
10683	174.100
10835	174.700
3287	175.600
8119	178.000
6563	179.500
6303	180.200
7395	180.700
4743	181.500
8459	182.000
10587	181.300
2687	182.800
2751	182.800
5715	182.200
6859	182.100
10147	182.900
3367	183.400
5383	183.100
8219	183.300
3699	186.400
555	189.000
1463	188.800
1823	188.400
4539	189.900
8883	189.200
11923	189.700
163	190.600
1943	190.200
2335	190.500
10331	190.900
4387	191.500
1091	194.900
4447	194.700
5983	195.600
8123	195.400
3691	196.100
4367	196.200
6155	196.400
8063	196.200
419	197.500
2443	197.600
3835	197.500
4479	197.200
5351	197.600
5363	197.400
5407	197.400
5587	197.300
5859	197.800
6039	197.500
6311	197.500
6587	197.200
7263	197.100
7555	197.100
7703	197.500
7963	197.300
8107	197.800
9791	197.400
9983	197.500
11131	197.700
7935	198.500
10427	200.600
11339	205.000
3615	205.900
631	206.900
12087	206.900
2235	207.400
6695	208.300
7983	208.500
9131	209.000
5459	209.700
9423	209.600
9755	209.600
2107	210.900
4111	210.100
4131	210.900
2031	212.000
3967	211.900
6483	211.400
3871	212.300
4999	212.300
1807	213.300
2463	213.400
11703	214.300
4895	215.200
6731	220.900
7439	220.100
1491	221.400
2495	221.200
3367	221.900
4767	221.500
5299	222.000
5555	221.700
7563	221.200
9159	221.400
10371	221.400
12103	221.700
12367	221.400
339	222.200
2491	222.200
4507	222.100
4871	222.100
7627	222.300
11011	222.200
1331	224.700
903	225.200
6615	225.400
10311	225.800
7927	226.800
10927	226.800
7903	229.300
6843	230.700
823	231.500
6871	231.900
7303	231.800
8011	231.700
11155	231.800
1515	232.500
2719	232.900
4103	232.300
10307	232.300
10947	233.000
391	233.100
3659	233.300
11291	233.300
4655	237.000
9175	236.800
5347	237.900
6699	237.600
9635	237.800
4179	238.900
1879	239.200
2015	239.200
2167	239.800
6279	239.400
2683	240.100
6099	240.900
4803	241.400
1499	242.700
1971	242.800
2555	242.900
2919	242.800
4559	242.400
4819	243.000
5543	242.800
6407	242.800
8635	242.300
9335	242.900
11791	242.900
6975	243.200
9259	243.300
9479	244.800
3515	246.900
7099	247.000
9687	246.300
5515	247.300
6627	247.600
7643	247.100
7595	250.000
6307	250.900
10567	250.700
2079	251.300
10331	251.700
10859	251.600
11787	251.100
1071	255.700
2595	256.900
12399	256.700
4799	258.700
5191	258.500
9027	258.400
9587	258.300
1763	259.600
4271	259.800
3407	260.900
8623	261.000
9083	260.700
10547	260.600
11167	260.100
4327	261.900
11751	261.500
7039	262.200
8039	262.800
8855	262.200
6239	265.600
5479	266.600
10447	266.300
7507	267.900
5539	268.700
8627	268.500
755	270.700
3123	270.400
4815	270.500
4515	272.300
11387	272.200
2591	273.400
4411	273.500
2627	275.000
7739	274.400
223	275.500
3303	275.900
3507	276.000
6439	276.000
9703	276.000
9847	275.600
11463	275.700
11475	275.300
4139	276.600
6519	277.800
10723	278.000
679	278.500
2579	278.400
5679	278.900
1571	279.400
3851	279.300
8167	279.800
8523	279.300
9207	279.400
9379	279.500
1667	280.900
3439	280.300
4611	281.000
10147	280.300
11815	280.300
12035	280.400
1907	281.800
2575	281.200
6991	282.100
8163	283.000
735	283.400
1287	283.200
811	284.800
6731	284.300
8807	284.900
2219	285.500
10075	285.600
2307	286.500
3959	286.800
7811	287.500
5819	288.600
7167	288.600
4075	289.200
4367	289.900
5339	289.600
9567	289.500
10859	289.900
11619	289.600
12071	289.600
1863	290.100
3847	290.200
9011	290.500
1219	293.000
7943	292.800
8579	292.600
10851	293.900
463	294.900
1583	294.100
6131	294.800
9071	294.800
10067	294.300
10359	294.500
5911	295.100
7511	295.800
2343	296.400
7619	296.600
10863	296.800
12055	296.200
555	297.600
2095	297.200
7239	297.300
10007	297.500
10471	297.700
10687	297.600
387	298.900
3195	298.400
10707	298.200
8415	300.900
9003	301.400
611	303.700
3147	303.200
11259	303.900
1167	304.800
4371	304.700
6639	304.100
2211	306.100
1335	307.400
5535	307.500
1675	308.300
2979	308.700
4435	308.500
5463	308.300
8563	308.800
4539	309.500
6451	309.700
7611	310.000
11675	310.000
1743	310.700
7119	310.900
3043	311.700
5711	312.100
6263	314.900
5727	315.100
1667	317.000
10827	316.300
7255	317.800
8227	317.900
6807	318.800
10347	318.900
12387	318.900
6699	319.800
10711	319.700
4599	320.800
7587	320.400
10495	323.000
203	323.800
335	324.000
12219	323.400
9831	325.000
7363	326.300
9747	327.500
1355	328.800
6979	328.900
12211	328.600
9167	331.000
10503	330.900
6719	331.200
8583	331.500
6695	333.500
9083	333.900
8275	334.800
10267	335.300
2827	342.100
7383	343.900
179	344.400
9755	344.200
10283	344.400
11923	345.200
8543	346.200
10331	347.700
12307	348.300
6063	349.500
6927	350.600
3595	351.500
7799	351.800
11199	351.600
6327	352.200
10719	352.200
4011	353.600
943	356.500
5731	356.800
11451	356.800
7163	357.600
2547	359.700
6687	359.900
8531	360.000
2051	360.600
5771	360.200
5923	360.800
8187	360.200
8539	360.700
9087	360.700
10863	360.400
215	361.500
1035	361.300
4907	361.800
9243	361.100
9259	361.400
10779	361.200
10979	361.400
10987	361.900
8299	367.900
12123	367.900
7939	368.300
3479	370.800
3411	371.800
6475	371.200
10255	371.100
9211	373.200
591	374.800
11435	375.900
10939	376.200
1879	378.100
6987	378.200
271	379.500
1223	379.300
2123	379.300
10403	379.700
10651	379.800
10723	379.400
383	380.500
3475	381.200
11703	381.700
743	385.000
3371	384.900
4151	384.700
7959	384.100
2135	386.000
9419	385.500
11307	385.400
5015	386.300
11767	386.400
2363	388.000
7199	387.500
11839	387.200
1727	388.400
4555	388.200
9595	389.700
4163	390.900
5383	390.100
8167	390.900
9207	390.700
9971	390.700
11171	390.500
163	391.500
3459	391.900
4191	391.900
5959	391.500
6959	391.500
7883	391.900
9055	391.800
10751	391.900
12459	391.300
1123	392.900
5883	392.300
7903	392.300
10395	392.200
8451	393.100
8635	393.400
5379	394.600
6811	395.000
7067	394.400
7799	394.300
9667	394.700
10063	395.000
11003	394.900
10159	395.300
11195	395.900
2275	401.600
2955	401.600
4239	401.800
4443	401.900
647	402.400
987	403.000
3659	402.600
5771	402.300
6367	402.400
6611	402.200
7171	402.500
11203	402.500
12003	402.200
10919	404.000
11835	404.000
5743	407.400
7563	407.400
9067	407.300
10119	407.500
10555	407.800
11091	407.800
1863	410.800
3715	410.800
2895	411.100
139	412.400
1543	412.500
3347	412.800
4047	412.400
4087	413.900
9803	413.400
9971	414.000
1383	414.300
2847	414.400
3323	414.600
3831	415.000
4267	414.700
5855	414.600
6235	414.900
9087	414.300
9939	414.100
10075	414.800
10159	414.200
10991	414.700
11003	414.700
11363	414.600
11587	415.000
735	415.100
2579	415.200
7607	415.100
7983	416.500
7603	422.700
11327	422.700
6731	426.000
12311	427.200
555	428.100
995	428.400
1131	428.200
3091	430.000
10839	429.500
11387	430.000
971	431.000
9847	430.100
123	432.000
3431	433.500
3731	433.200
6123	433.200
9295	433.600
11883	433.800
6087	434.100
459	435.700
3443	435.900
9991	435.300
2079	438.700
10583	439.000
4159	440.000
4439	439.100
10103	439.700
6255	440.700
11943	441.800
4275	443.000
8735	442.300
2763	443.900
5551	443.900
3675	444.100
5147	444.900
8595	444.800
679	445.300
1419	445.300
2403	445.100
11075	445.600
11399	445.600
11959	445.700
12071	446.000
3999	446.100
4699	446.100
7235	446.500
8227	446.500
8399	446.500
9355	446.500
9595	446.500
10635	446.900
891	447.300
12335	450.500
627	451.300
4315	451.200
10327	451.500
3875	452.900
3839	453.400
6435	453.700
6759	453.800
7999	453.800
12255	453.300
4211	454.800
8283	454.700
10031	454.100
11695	454.300
607	457.400
4139	458.200
4791	459.000
6591	458.800
9571	458.500
8087	460.700
8703	460.300
2055	461.300
8863	461.300
11503	461.800
6895	464.000
923	464.400
5223	464.200
4447	465.700
5831	465.900
9071	465.200
3699	466.400
4003	467.300
5175	469.400
7583	469.700
339	470.700
3695	470.300
7263	470.100
10767	470.400
1763	471.300
9935	473.900
735	475.000
2839	474.400
3159	475.000
7911	475.000
9767	474.600
11499	474.800
199	475.400
8011	475.100
9839	475.200
11003	475.700
11067	475.600
2411	476.100
5031	476.400
8627	478.600
6971	479.800
10987	480.200
2459	482.700
9311	482.800
12035	482.500
11051	484.000
4727	484.300
11855	484.200
443	485.200
8931	485.400
9951	485.800
5627	486.400
759	487.300
1171	487.100
4187	487.800
9251	487.300
215	488.900
495	488.600
3475	488.700
4163	489.000
6611	488.600
1327	489.900
2827	489.100
3819	489.300
7251	489.700
8503	489.800
12159	491.000
6555	492.900
7343	493.400
1163	495.600
6431	497.400
527	498.900
9707	499.000
2635	499.300
10327	499.900
163	500.400
8687	501.000
10643	500.900
4143	501.200
5223	502.000
5651	501.800
10423	501.400
9855	502.800
4511	503.100
1087	504.300
4787	504.500
5719	504.400
6007	504.500
8747	504.300
1515	505.900
1535	506.000
2191	505.500
3935	505.700
10651	505.600
11155	506.100
2335	507.300
7947	507.100
7967	507.500
2903	508.600
4139	508.700
2959	509.300
6155	509.200
1283	510.100
11095	510.300
3939	511.500
9983	511.300
2547	513.900
2691	514.800
4435	515.500
4119	516.200
5351	516.300
5647	516.500
7827	516.400
10023	516.900
11579	516.700
4231	517.900
8239	518.000
10459	522.100
6035	523.100
10415	523.600
8995	524.700
12259	526.100
4691	527.900
6727	527.900
3519	529.000
5607	528.700
5703	528.300
12447	529.000
5831	530.000
8323	529.500
10827	529.900
11899	529.600
2283	530.400
4999	530.500
7903	530.900
10639	530.800
2099	531.100
5423	531.100
2295	532.500
2879	532.800
10167	533.000
10587	533.000
1643	534.000
1823	533.400
8539	533.300
11815	533.300
5715	535.600
7083	535.200
9175	535.300
12055	535.400
10559	536.500
4515	538.900
4931	538.300
11891	538.700
7331	539.400
10867	539.300
12327	540.300
1743	543.000
2731	543.000
5995	542.100
1951	543.100
2303	543.700
12479	544.700
10723	545.400
11339	548.000
6611	548.200
1543	549.600
7019	549.100
12019	549.700
4695	550.300
4835	550.400
6859	550.900
7647	550.100
6415	551.100
8291	551.100
2475	552.900
4559	552.600
4819	552.100
7343	552.900
7607	552.300
7907	552.800
8383	552.700
8939	553.000
9083	552.400
9623	552.800
9695	552.300
10159	552.700
10535	553.000
11447	552.900
435	553.800
703	553.200
951	553.200
1423	553.600
4275	553.100
5899	553.800
5923	553.300
7863	553.700
8071	553.100
8639	553.500
8935	553.300
11387	553.200
11775	553.200
9667	557.100
9051	559.700
10179	560.800
10547	560.400
2211	561.600
4879	561.300
7475	561.500
8495	561.700
6587	563.000
11067	563.000
507	563.400
1251	563.300
2135	563.200
9255	563.100
1323	564.100
2459	564.700
8999	564.500
259	565.500
6959	566.700
243	567.400
8167	568.100
9743	569.000
11607	568.700
6595	569.400
10119	572.800
4319	573.300
23	575.700
5567	577.000
6291	576.600
8307	576.300
10427	576.400
11863	576.500
10503	577.100
10419	580.300
4015	584.000
6423	583.500
6687	583.600
11295	583.200
4399	584.100
5391	585.600
5743	585.700
7311	585.900
12171	585.500
3859	587.300
8927	588.800
10175	589.000
10867	588.400
11275	588.600
6463	590.600
2019	592.600
2447	592.900
6023	592.900
6235	592.200
8323	592.800
491	593.400
6055	593.900
9131	594.200
10875	594.200
2687	595.900
2023	596.700
751	597.700
1599	597.100
6783	599.500
8571	599.100
147	600.100
1991	600.900
5787	602.000
6439	601.500
12459	601.100
4115	602.900
10687	602.900
359	603.800
6879	603.300
1539	604.500
1587	604.500
3431	604.600
4075	604.400
6351	604.500
8631	604.800
10235	605.000
11303	604.700
5923	605.400
6031	605.300
12395	605.600
1983	612.500
5747	612.800
527	614.000
9371	613.700
9623	614.100
10491	614.500
7419	615.100
635	616.300
999	616.200
8511	616.100
8759	616.600
719	617.500
2939	617.900
1823	619.300
12155	619.300
9323	620.500
3799	621.600
12243	622.100
3911	624.300
2475	625.600
4239	625.300
811	627.000
1811	626.800
3407	627.000
5391	626.600
7751	626.600
9203	626.600
11223	626.400
11259	627.000
1519	627.600
1779	627.100
4475	627.900
5919	627.500
9555	627.300
11475	627.700
11523	627.300
12183	627.600
11271	628.200
7879	632.500
1083	633.100
1863	633.900
4047	634.200
4691	635.000
9647	636.300
1139	637.700
3587	638.000
6175	637.800
11483	638.100
3287	640.200
4559	641.400
3651	642.600
11003	643.900
10611	644.400
4507	645.600
651	650.500
10903	651.700
1515	652.700
4227	652.400
4319	652.900
5147	652.400
6307	652.300
6447	653.000
7487	652.600
9011	653.000
9631	652.300
10871	652.200
11463	652.900
2991	653.200
4819	653.100
6571	653.400
11387	659.900
10479	660.700
12219	660.200
4511	664.000
551	664.600
4083	664.300
11951	664.600
315	665.500
163	667.300
827	670.400
1327	670.300
6083	672.500
10979	672.600
12003	672.200
5271	673.700
3715	675.600
9687	675.700
9899	676.600
3903	677.100
6335	677.100
11843	677.300
7171	680.600
12443	680.800
9199	681.100
9851	681.300
1179	683.600
3727	683.600
5899	683.900
6519	683.700
8855	683.100
3	684.300
1127	684.200
2971	684.400
2995	684.900
7919	684.100
9991	684.800
11131	685.800
5539	687.500
5671	689.400
7539	689.100
7951	689.600
11063	689.400
243	690.600
1535	690.900
9627	690.100
10999	690.900
1399	691.400
2951	691.600
7555	691.800
8543	691.700
187	692.200
1303	692.500
3147	692.900
4703	694.000
4751	693.700
5611	693.900
6471	693.200
6691	693.800
6911	693.200
8335	693.300
499	694.100
951	694.500
1847	694.100
2895	694.700
3299	695.000
1547	695.800
1775	695.600
1991	695.300
6531	695.300
9883	695.500
3159	696.200
1203	697.900
5371	698.200
6143	698.800
6735	698.700
9167	698.100
3771	699.400
10951	700.500
299	702.200
2579	702.200
3235	702.900
1475	703.900
9051	703.700
10947	703.800
9907	705.500
2659	707.400
563	708.400
203	710.000
11915	709.600
3407	710.500
5767	710.300
6631	710.900
8539	710.400
9427	711.000
1407	711.200
4231	712.000
2099	712.400
5583	712.800
6819	712.800
6959	712.900
8495	712.800
9107	712.700
79	713.500
1967	713.900
2243	713.800
3203	713.600
3215	713.400
4043	713.900
5743	713.600
11459	713.100
12175	713.600
7067	714.500
7599	717.700
4103	719.500
179	721.900
259	721.700
3367	722.000
8819	721.100
1115	722.700
3691	722.300
4459	722.200
9831	722.700
11371	723.000
12111	722.300
9983	723.400
2887	724.800
3663	726.300
4135	727.000
6447	729.700
8283	729.600
3519	730.800
7971	731.700
10875	732.700
431	733.800
10331	733.400
3283	735.200
10675	735.400
159	737.100
10359	737.900
8807	739.000
6723	740.800
5699	741.500
1883	742.600
2023	742.200
6371	742.400
10451	742.400
10807	742.900
1451	743.300
8135	743.200
8811	743.300
591	745.400
8027	745.500
2355	746.800
5299	746.700
5831	746.200
411	748.800
695	748.800
2055	748.200
2683	748.300
7967	748.200
11951	748.200
2239	749.400
6727	750.700
12103	751.600
6307	752.200
7207	752.200
9731	752.800
287	753.400
12459	753.800
435	755.100
6063	757.900
6259	758.000
11387	757.200
5167	759.000
5607	760.000
7639	759.100
10755	759.600
1363	760.600
2447	760.300
5155	760.800
5471	760.100
10267	760.300
10327	760.400
11003	760.300
11811	761.100
11355	763.900
7143	764.600
1015	765.800
3615	767.800
4415	767.300
9275	767.100
2015	768.700
11227	768.300
1743	769.900
2195	769.600
9791	769.200
5683	771.000
5727	770.100
4059	773.000
5423	772.300
11159	773.000
1195	773.500
5535	773.700
3235	774.700
8891	774.900
1951	775.700
2959	775.800
5479	775.500
7555	775.900
8459	775.300
12347	775.300
2363	776.700
4867	776.900
5231	776.100
7039	776.400
271	777.400
4043	778.000
6435	777.300
8319	778.500
9671	778.600
2343	779.800
2475	779.800
4651	779.100
12063	779.100
919	780.400
1547	780.400
3699	780.500
3879	780.300
7607	780.600
9515	780.500
91	781.300
1715	781.900
3783	781.900
4231	781.600
4915	781.800
10023	781.700
10383	782.000
10443	781.400
10567	781.400
11747	781.800
11763	782.000
12255	781.100
9335	787.300
6903	790.700
4775	791.800
1283	792.900
7139	793.800
4787	794.400
10967	794.500
11443	795.600
6583	796.200
9971	798.400
2859	800.300
9295	800.900
6867	802.000
10503	801.700
2547	802.900
8887	802.400
5663	804.000
3159	805.000
3447	804.500
9715	805.000
10331	804.400
12071	805.000
5567	805.300
11091	807.500
1179	808.300
5639	808.400
3787	809.700
675	811.200
2275	811.400
3547	811.500
3883	811.200
5251	811.400
10223	811.100
327	812.500
10459	812.400
1983	814.200
3507	815.000
7691	814.200
8743	814.700
12151	814.400
383	816.200
759	817.900
2095	817.100
12475	817.800
2019	818.700
6723	818.200
8123	819.000
8155	818.600
9323	818.800
11763	818.600
8443	820.800
2251	821.900
8031	822.100
8099	822.700
9539	823.000
751	823.500
4755	823.500
5007	823.700
5271	823.500
5743	824.000
5915	823.800
7823	823.900
7943	823.600
8299	823.600
8899	823.600
9131	824.000
11787	823.200
1763	824.100
795	826.100
891	826.800
8763	826.700
9779	826.100
11391	826.700
5031	831.000
8767	832.000
611	832.800
10871	832.800
2195	834.700
1103	835.300
2391	836.200
3703	837.600
6031	838.400
10111	838.400
10687	838.600
1679	839.100
5363	839.900
2707	840.500
3111	843.200
5223	843.400
8147	843.500
8495	843.700
8595	843.900
3967	844.600
7959	844.200
9543	844.800
11155	844.200
667	846.800
3011	846.200
6327	846.100
11275	846.800
827	847.400
4235	847.300
7251	847.500
11735	847.200
3995	848.100
7947	850.000
3799	850.100
3875	850.800
4039	850.400
10491	851.000
12015	850.600
335	851.800
3643	851.400
3791	851.500
9071	852.000
10479	851.200
10711	855.100
11855	855.700
8367	860.000
3607	860.400
6123	860.900
5271	863.000
223	863.400
2571	863.700
5347	863.300
6615	863.400
10239	864.000
12303	864.000
9191	864.200
10395	864.200
12007	864.300
2375	868.000
2947	868.500
3103	869.600
10587	869.500
9335	871.600
1715	873.200
5211	873.500
1703	875.600
1847	875.700
7555	875.800
6163	876.700
6623	876.100
9763	877.200
1991	878.800
4231	878.400
4867	878.500
7767	878.900
7799	878.900
8267	878.900
9891	878.800
2487	879.500
3615	879.700
6107	879.500
7347	879.700
9555	879.100
11863	879.800
2347	880.600
2791	880.600
611	881.800
4727	881.300
11675	881.300
751	882.400
4735	882.500
7983	882.100
8735	882.900
12431	882.900
2995	883.400
4043	883.100
8015	883.600
9831	883.100
10863	883.500
811	884.700
3527	884.200
7563	884.500
6411	886.300
10391	886.600
11015	886.400
8099	887.200
3851	890.100
2455	891.500
4911	891.500
11131	891.600
2079	892.700
10179	892.100
11795	892.200
3419	893.500
2751	895.000
2923	896.300
12243	896.200
119	897.500
1163	898.900
5339	899.000
8367	898.600
3023	900.500
10499	900.200
10603	900.700
4475	902.200
7067	904.000
9359	903.400
11435	903.100
775	905.000
2623	905.300
1983	906.800
3215	906.900
3935	906.400
4939	906.500
11943	906.200
199	907.400
11291	907.100
9951	909.000
1151	909.600
3679	910.700
4563	911.000
7947	910.700
9703	910.200
8295	911.700
9579	911.700
10827	911.200
11939	911.200
1519	912.300
1691	912.700
5899	912.500
7315	912.400
9199	912.100
7907	917.500
827	919.000
11831	918.900
4419	919.200
1355	921.900
9419	921.900
12491	921.700
3095	922.700
5659	923.000
8211	923.000
7011	923.600
12043	923.100
5019	924.400
11971	924.600
4851	925.300
5203	925.100
5679	925.500
7859	925.700
8243	925.100
12271	925.600
1287	926.200
5391	926.500
7811	926.400
8683	927.100
2379	930.600
10087	930.400
10807	930.600
3571	931.300
1671	932.600
6767	933.900
7623	934.300
11311	934.100
2235	940.500
4003	940.700
10047	940.800
6415	941.500
7915	942.000
8323	941.300
9275	941.300
9355	941.200
823	943.000
2079	942.700
3011	943.000
3963	942.500
4087	942.400
7795	942.300
10567	942.200
5647	943.100
9959	945.300
10311	945.100
12031	945.100
9359	946.500
5571	947.300
4167	949.900
10551	950.100
627	951.600
6803	951.600
10859	951.200
10175	953.000
1375	953.900
5771	954.600
3599	959.300
3895	960.600
10819	962.800
7363	963.700
7783	963.600
9967	964.400
10523	964.700
1995	965.200
2411	965.500
9883	965.700
11567	965.400
9207	966.200
10907	966.300
9631	969.800
10571	971.800
3711	972.200
8635	972.500
10627	972.200
11371	972.400
5203	976.900
2123	978.000
5075	977.100
307	978.700
1495	978.900
5351	978.700
5591	978.500
8191	979.000
8383	978.200
11835	979.000
747	979.300
4179	979.400
6163	979.900
7331	979.300
8419	979.400
515	980.700
867	981.400
1635	981.400
11291	982.400
7591	983.900
8879	984.000
1991	984.300
2071	984.100
2867	984.900
3287	984.100
6323	984.400
7347	984.600
11891	985.000
6639	985.600
6807	985.200
199	987.000
12179	986.800
1519	987.200
5147	988.200
2235	989.100
5831	989.800
11391	989.600
2347	990.100
6935	990.400
3019	991.700
4191	991.500
12111	991.800
5743	992.500
11919	992.500
1251	994.700
3859	994.100
5907	995.800
6079	995.100
9627	995.500
1963	996.300
5995	997.600
323	999.400
5583	999.300
6311	999.600
8143	999.100
8639	999.900
