# NEST version: 3.6.0
# RecordingBackendASCII version: 2
sender	time_ms
3017	158.400
5853	158.500
1097	159.100
3865	159.600
8945	159.900
1589	161.300
6909	161.600
11905	162.000
4765	162.600
5253	162.400
4677	163.900
801	164.500
929	165.000
7929	164.900
1757	165.200
3277	165.300
9077	165.300
10165	166.300
1281	167.700
10841	169.400
469	170.700
7305	170.700
6377	172.500
6921	172.700
7105	172.500
3817	173.900
4905	173.400
5685	173.800
6577	173.300
7361	173.600
10529	173.700
2809	174.100
3625	174.300
3777	175.000
6141	174.600
6173	174.600
7861	174.300
8785	174.200
557	175.600
3921	175.600
4049	176.900
4289	176.700
4785	176.800
5241	176.900
5637	176.300
10769	176.400
11897	176.200
757	177.500
8425	178.200
11417	178.700
11645	179.200
2861	182.600
393	183.900
12437	183.500
2549	184.700
8469	184.200
9381	184.100
10237	184.100
1165	186.000
1929	185.700
7561	185.300
10813	186.800
11701	186.100
4065	187.100
2769	192.900
3121	192.700
4569	192.400
5201	192.900
8409	192.800
8721	193.600
10337	193.100
11881	193.200
11317	195.900
229	196.300
7705	197.600
11285	198.800
3617	201.000
5969	200.900
2093	201.400
3365	202.900
5089	203.000
11905	203.000
4729	203.400
8981	203.200
3405	204.800
7581	204.800
2973	205.700
7873	205.400
8189	206.000
10137	205.800
10517	205.500
11225	205.900
11725	205.200
1137	206.100
5489	206.400
1897	209.700
4041	209.700
4625	210.000
10333	210.000
1765	210.700
12009	210.500
3485	211.300
289	214.000
3133	213.900
7465	213.300
873	214.700
6809	214.200
1577	216.000
2365	215.500
4709	215.900
1245	216.200
689	220.500
4593	220.200
5057	222.300
5793	222.100
9845	222.600
9217	223.500
9769	223.900
12493	224.000
2617	225.000
737	225.800
8561	225.200
9757	226.900
11029	226.900
189	229.200
701	230.700
7449	230.300
11045	230.900
11577	230.400
29	231.200
4269	231.100
10349	232.500
3013	235.000
11121	235.000
7737	236.300
3781	238.800
5789	240.500
1685	241.700
1965	241.200
4797	241.700
4873	241.600
7269	242.000
7985	241.500
8625	241.400
10845	241.500
637	242.400
2521	242.100
9829	242.700
12077	242.400
1625	243.100
6313	243.800
11593	243.900
5341	244.800
9329	244.100
5601	247.900
11105	247.300
997	249.400
4521	249.100
12157	249.800
6789	250.100
7653	250.100
2553	252.000
4609	251.300
7265	251.800
10885	252.400
549	253.200
1569	253.300
7057	255.700
3697	256.600
10229	256.900
453	258.400
12209	258.600
177	259.200
2121	259.500
2769	259.100
4493	259.500
6833	259.800
10745	260.500
11585	260.400
5829	265.300
6113	265.900
341	267.500
1229	267.200
3801	267.300
4357	267.800
5685	267.100
6781	267.100
9937	267.300
3769	268.800
9677	268.800
10817	268.100
4185	269.800
4937	269.800
5169	270.500
10337	270.200
10989	270.600
537	272.900
8745	273.600
449	279.000
1605	280.700
641	281.800
1293	281.700
5073	281.800
5257	281.500
6805	281.700
9001	281.100
11701	282.000
493	282.900
2213	282.700
3405	282.300
3425	282.700
5961	282.300
6217	282.300
8557	282.800
8773	282.100
9197	282.500
10281	282.500
10697	282.200
1473	284.000
5565	283.700
8481	285.100
12297	285.500
10001	286.400
417	288.300
1625	288.500
5097	289.800
11917	289.600
3473	290.800
4061	290.400
5561	290.600
3089	291.300
6957	291.900
10913	291.100
8341	293.000
11057	292.300
11197	293.900
9289	294.900
11885	295.900
3265	296.400
4701	297.500
1349	298.600
4073	298.100
5513	298.400
3661	299.200
3705	299.200
5261	299.500
11009	299.200
5665	300.300
5953	300.700
12493	300.800
3225	303.100
1133	304.400
6317	304.500
8017	304.500
10077	304.200
3245	306.000
3929	305.700
1025	306.400
3825	306.400
689	309.200
3213	309.800
4301	309.300
10929	309.500
11413	309.400
981	311.400
157	312.300
1957	313.000
6365	312.200
12349	312.900
3921	313.700
8437	313.500
9381	313.500
11181	313.200
4037	315.800
4241	316.000
6561	315.400
7157	315.700
8777	315.800
8945	315.300
9221	316.000
11673	315.700
1021	316.800
5829	316.500
5861	316.400
8417	316.300
11721	316.100
11977	316.100
2185	317.600
5301	317.200
7281	317.300
6033	318.900
9509	319.700
6669	320.700
11593	320.700
5733	321.900
7141	321.100
8137	321.600
3013	322.700
4049	323.000
1029	323.200
7737	324.100
9213	324.900
13	326.900
2125	327.000
141	327.600
4289	327.800
1953	328.700
2925	328.900
3213	328.600
3469	328.800
5397	328.700
7441	328.500
7553	328.700
177	329.700
2897	329.400
4469	329.900
4521	329.900
5029	329.400
5413	329.200
6797	329.700
7645	329.300
8605	329.900
5425	330.100
10421	330.800
3257	331.700
2445	332.900
1897	335.100
861	337.000
10269	336.900
10465	336.200
1453	337.100
2065	337.700
2821	337.100
3453	337.200
8513	338.300
1729	339.900
2169	339.800
5481	339.800
9949	340.800
2349	341.400
8201	341.500
8921	341.500
2437	342.400
7901	342.700
1169	343.300
4233	343.400
7733	343.800
10729	343.100
3093	345.800
7425	345.500
3085	348.700
6525	348.500
981	349.100
1221	349.500
2721	350.900
2705	351.400
8793	351.300
11357	351.800
6313	352.500
7521	352.200
8669	352.500
11289	352.200
2533	354.000
7561	353.900
9665	353.400
5977	354.500
2809	355.200
4597	356.000
6037	355.900
7501	355.600
10313	355.200
10365	355.800
11393	355.200
8773	356.200
7213	359.900
10721	360.000
357	360.600
3905	360.900
5521	360.300
6405	360.200
6757	360.800
7805	360.800
8925	360.400
9233	360.700
1217	361.900
2561	361.100
10989	361.900
413	362.800
1097	362.400
1589	362.800
9637	362.200
3649	363.100
7269	363.200
7709	363.200
7897	363.100
6217	365.000
10765	367.000
4361	367.700
10461	367.300
3293	372.000
6953	372.000
11053	371.600
2053	372.100
6153	372.100
10613	372.200
1813	376.200
3973	376.200
11589	376.300
4029	377.900
11505	377.700
3805	378.900
8313	378.200
9361	380.300
1469	381.600
5445	382.000
6057	381.200
6121	381.600
7193	381.800
8949	381.800
9553	381.400
12309	381.500
153	382.900
1305	382.200
2433	382.200
8833	382.200
3789	383.100
6513	384.000
9525	383.300
11613	383.500
797	384.100
4173	384.700
5841	384.300
7581	384.300
8813	384.600
9961	384.400
4105	385.300
6853	385.800
1673	386.700
7329	386.200
10997	386.900
1701	387.700
9917	387.400
12425	387.400
3297	388.300
8653	388.300
6181	391.800
8713	392.400
9189	393.700
11501	394.000
8413	394.700
8561	394.800
9321	394.600
2485	396.700
6817	396.400
9857	396.100
1733	397.900
6009	397.400
8293	397.800
8117	398.200
3921	399.400
4597	399.500
5025	399.200
9541	399.700
4357	401.000
7897	400.400
749	401.900
1089	401.100
3345	401.700
5165	402.000
1085	403.000
261	403.700
1985	403.700
4661	404.000
10477	403.800
497	405.000
4561	404.500
10533	404.700
11013	404.100
12401	404.700
4901	406.400
8753	406.900
11093	408.800
7657	410.300
6665	411.600
4061	412.700
8013	412.600
9733	412.600
10421	412.400
10961	412.300
12365	413.000
861	413.700
4049	414.400
5593	416.000
11681	415.900
11805	417.200
4789	418.800
8137	418.300
177	419.200
2549	420.300
9665	422.900
3769	423.500
605	424.500
5489	424.900
10765	424.700
12421	424.500
765	425.700
8997	425.300
3225	426.100
6225	426.300
8309	427.000
10573	426.900
12305	427.100
1785	431.200
2377	432.900
2545	432.800
4037	432.600
4449	432.600
5745	432.200
9629	432.400
1237	434.000
10037	433.100
10301	433.600
2181	434.100
1057	435.200
1717	436.000
2913	436.800
2953	436.300
4373	436.900
6053	436.800
6565	436.500
6641	436.400
7429	436.500
10861	436.500
11937	437.000
1037	437.400
3145	437.300
3849	437.100
5949	437.700
8529	437.300
6697	439.000
12413	438.100
2925	439.400
5173	439.300
5413	439.900
2197	440.600
3889	440.100
6313	440.900
6513	440.500
8881	440.600
10657	440.600
153	441.900
3793	441.400
9225	442.100
325	443.200
657	444.000
761	443.400
841	443.600
5805	443.400
4649	444.500
6497	445.000
6573	444.800
7713	444.400
8297	444.600
12325	444.600
9401	445.700
4269	446.500
7717	446.400
3869	447.800
6085	447.900
10821	448.000
2369	448.200
9477	448.400
11321	448.600
2169	449.100
10785	450.600
6509	451.700
1345	453.300
3825	454.200
6525	454.500
7617	454.200
8993	454.500
11033	454.200
9873	455.700
11525	456.200
5961	457.900
8033	457.200
4113	458.100
7321	458.200
11289	458.200
6453	459.100
9197	459.500
5137	462.000
8417	461.500
8781	462.000
3965	462.800
4661	462.500
10473	462.300
10633	463.000
4881	463.200
5565	463.800
8777	463.300
8865	463.900
11633	463.500
5301	467.100
10493	467.700
7765	468.800
3017	470.200
9545	470.300
10465	470.600
729	471.800
8001	471.500
41	472.600
4369	472.600
4705	472.400
5201	472.900
6965	472.500
8161	473.100
11429	473.600
10333	474.900
8153	475.600
1997	476.900
1361	477.900
2549	477.900
4941	477.500
5857	477.900
8293	477.300
9865	478.000
1669	478.900
2101	479.000
6729	478.200
11921	479.000
2705	479.100
4325	479.700
4989	479.400
5021	479.500
8877	479.100
4189	480.300
3245	481.700
2269	483.800
2433	483.400
5953	483.700
1325	484.700
1549	484.400
3033	484.600
5269	484.500
6189	484.900
5537	485.100
6085	485.100
7909	485.200
8469	485.400
8053	486.700
9429	487.400
10825	488.000
4357	488.500
11397	490.100
1305	492.200
297	495.900
1985	495.100
2157	495.900
4785	496.000
6073	495.600
6993	495.400
7281	495.700
7809	496.000
749	496.200
1041	496.700
3785	496.700
4649	496.800
4925	496.700
7237	496.600
7957	496.100
8201	497.000
8777	496.100
11321	496.300
11661	496.400
7369	497.100
1085	498.900
6233	498.700
6333	499.900
12493	500.400
1829	504.000
7493	505.900
1597	506.900
9109	506.100
113	507.700
7993	509.000
7589	509.500
10657	509.700
11141	509.200
7857	510.100
3465	511.600
9325	511.200
6697	513.300
1469	514.900
1849	514.400
1685	515.800
3181	515.800
3909	515.500
6497	517.600
6953	517.500
2201	518.600
6313	518.600
3085	519.300
5241	519.100
1433	520.600
2309	520.200
2349	520.500
5841	520.400
7377	520.400
12277	521.300
7585	524.700
77	526.600
441	526.600
1205	526.200
2149	526.100
2713	526.400
4205	526.800
4325	526.500
6201	526.300
8561	526.200
10217	526.400
1225	527.900
1641	528.000
2745	527.800
6557	527.900
7681	527.700
11121	527.800
973	528.100
3293	528.100
8581	528.800
10573	528.300
11401	528.400
4189	529.800
4561	530.400
11045	530.300
12077	530.700
309	531.300
1701	531.400
6233	531.400
6797	531.100
9629	531.200
185	535.600
613	536.500
981	536.400
10697	536.600
10109	537.500
2449	538.700
757	541.500
10989	541.700
1957	542.800
2197	543.000
3665	542.600
4901	542.400
5173	542.600
9021	542.600
9097	542.700
9817	542.200
11585	543.000
4961	544.000
9261	543.500
657	544.100
2953	545.500
3005	545.900
7249	545.200
337	547.000
2689	546.700
10193	546.900
10889	546.400
11749	546.300
12153	546.900
7721	547.700
10013	547.400
10745	551.000
2245	553.000
341	553.100
2029	553.500
2433	553.200
3405	554.000
5365	553.300
6277	553.200
7769	554.000
12189	554.900
1385	555.300
6369	555.800
8749	555.200
209	556.400
10229	557.400
4305	558.900
1457	559.700
7381	559.500
10557	559.400
5045	560.300
1173	561.600
4649	561.400
1357	562.600
6377	562.100
6961	562.800
1897	563.100
3737	563.100
4361	564.000
5857	563.900
7561	563.400
8633	563.300
10125	563.200
3697	564.800
11957	564.100
6281	565.900
2957	566.100
4705	566.700
4745	566.400
6589	566.200
10477	566.100
3869	567.600
4625	568.400
4709	569.800
2989	571.100
3165	571.300
3709	571.100
5089	571.800
7449	571.500
10529	571.200
11797	571.500
5621	572.900
5645	572.100
5685	573.900
8949	573.800
3245	574.400
3485	574.300
833	575.300
8933	575.300
4433	577.300
4681	580.000
5949	579.100
5841	581.000
1045	582.000
1061	581.500
5401	581.300
2845	582.700
3089	582.500
5549	582.200
6513	582.300
7545	582.200
10993	583.200
11841	583.900
12137	583.300
149	587.000
1089	588.500
5901	588.900
6565	588.200
12177	588.600
3677	589.600
4037	589.900
4917	590.000
5389	589.200
10105	590.000
12469	589.400
6329	590.300
8757	590.600
10269	590.600
11861	590.200
5053	594.100
2637	596.000
10177	595.600
2537	597.500
3537	597.700
5097	597.100
309	600.000
2157	599.400
2181	599.100
9169	599.400
11769	599.600
417	600.400
10721	600.100
1133	601.200
3465	601.500
10821	601.300
12273	601.500
1433	602.800
11197	602.800
5389	603.200
5273	604.300
3361	606.700
4905	607.000
6369	606.700
7281	606.300
4065	608.900
7377	608.900
8605	608.100
1769	609.100
6089	609.200
7365	609.100
7657	609.600
8921	609.700
1365	610.300
1493	610.700
6881	610.300
12109	611.000
11873	614.300
7545	615.800
3101	616.400
10581	617.900
11361	617.900
6053	618.500
7245	618.100
7821	618.700
8409	618.500
11257	618.700
12269	619.700
9717	623.200
11461	623.100
11705	624.200
12253	625.100
11745	627.700
12493	627.400
1165	629.600
3005	629.600
4869	629.400
5361	630.000
9549	629.600
117	630.800
1037	630.900
1901	630.500
2609	630.700
10465	630.700
11053	630.400
2377	631.400
3237	631.300
6809	631.100
8185	631.200
8549	631.300
9145	631.200
637	632.200
1421	632.800
4649	633.000
6333	632.700
7045	633.100
11777	633.100
6033	638.000
4277	639.900
4801	639.700
861	640.200
1121	640.300
4029	640.400
6041	640.900
5633	641.300
5845	641.400
8173	641.500
11813	641.400
3477	642.300
3597	642.400
3841	642.100
5937	642.200
6781	642.200
4293	644.700
5557	645.200
7745	645.600
341	646.700
5997	646.900
9241	646.500
4297	647.500
4705	647.500
749	648.300
2841	648.100
4261	648.700
4741	649.000
6189	648.800
11289	648.100
12177	648.200
9513	650.000
1357	651.400
4309	651.100
3985	653.000
5385	652.700
177	653.900
2021	655.000
2617	654.900
1333	655.600
1757	655.300
4709	655.200
8833	656.000
11429	655.300
393	656.800
453	656.900
3945	656.900
4049	656.100
4325	656.600
3537	660.300
7117	660.600
11557	661.400
8313	662.100
10529	662.100
6221	663.500
8653	663.300
9193	664.700
3677	665.900
5421	665.200
7237	665.600
7269	665.500
11881	665.600
6397	668.000
181	668.600
5877	670.700
6845	672.200
10949	672.400
9089	675.800
261	677.000
1449	676.800
9961	676.700
1065	677.500
4353	677.800
10473	677.500
10837	677.300
12077	677.800
12273	677.400
5257	679.300
1717	680.700
10213	681.900
1325	682.100
2409	682.600
4125	682.400
8949	682.800
12281	682.500
1417	684.500
9549	684.200
11789	684.800
4265	685.600
5241	685.600
6633	686.600
4301	687.500
9001	687.400
12305	688.000
7013	688.500
2469	689.900
10189	689.900
2785	690.700
3925	690.900
8353	692.700
2737	693.300
5521	693.200
8513	693.200
1353	696.000
1793	695.200
6729	696.600
3805	697.700
4129	697.900
8121	697.500
12297	697.900
12457	697.800
5817	702.800
6585	702.800
1997	704.300
561	705.200
6909	705.800
9465	705.600
13	707.600
5245	708.200
5677	708.400
6373	708.500
7349	709.000
9017	708.200
10733	708.700
2149	709.200
8997	709.900
9441	709.300
12009	709.700
7105	710.400
8001	711.400
333	712.900
3177	712.300
5029	712.900
8465	712.200
4001	713.200
6201	713.400
7009	714.000
8493	713.900
11813	713.500
1589	714.800
4713	714.200
5829	714.800
8357	714.500
1061	715.300
4613	717.000
5253	716.100
5861	716.100
505	717.700
1069	717.600
6077	717.500
8209	717.100
8773	717.100
4661	718.200
4597	719.300
12477	720.800
7877	721.300
12053	721.300
5093	725.600
11085	725.100
3785	726.200
7281	726.400
8809	726.500
209	727.500
2177	727.100
4857	727.800
197	728.300
765	728.800
3369	728.700
4861	728.100
6601	728.400
9197	728.900
11033	728.400
11705	729.000
12333	728.800
1741	729.600
1829	729.300
2065	729.500
3677	729.300
6421	729.200
7045	729.600
7965	729.200
8029	729.900
8125	729.400
8173	729.200
9045	729.600
10169	729.800
10213	729.300
10725	729.400
10881	729.500
2685	730.300
8045	730.200
9637	736.400
7369	738.300
10605	738.600
9573	739.500
11437	740.000
2521	740.900
1701	742.200
10473	742.400
3925	743.800
7817	743.600
17	744.600
9517	744.700
12153	744.300
12497	744.800
6993	745.500
10133	745.100
753	747.600
2093	747.900
5025	748.000
5681	747.900
5853	748.900
7625	748.200
10185	748.300
4941	749.200
6561	749.200
5773	750.600
1681	751.400
2721	751.500
5241	751.500
6137	751.500
2077	752.900
11889	753.000
12041	752.400
585	753.200
7653	753.200
7937	753.200
8165	753.100
9729	753.600
6077	754.500
4201	758.000
1065	760.600
10929	760.100
11021	760.400
9733	762.000
8617	762.600
4125	763.300
2553	764.300
449	765.200
545	765.400
5797	765.900
6505	765.700
7249	766.000
10265	766.000
4489	766.200
8053	766.100
8721	766.100
8669	767.600
3101	768.100
6441	768.600
1133	771.000
6197	770.800
6217	770.500
10021	770.900
10897	770.300
11761	770.100
12449	770.700
4649	771.600
7789	771.100
3645	775.300
6757	775.400
8745	776.800
9017	776.500
4369	778.000
5201	777.800
9477	777.200
5789	778.200
8777	778.500
11577	779.000
173	779.100
3149	779.500
4237	779.700
6365	779.200
11145	780.200
8757	781.500
1181	782.100
585	783.600
3909	783.300
4121	783.300
9217	783.900
11629	783.400
8213	785.300
989	786.500
1853	786.900
10273	786.500
11057	786.100
1721	788.100
5753	788.400
7577	788.700
8921	788.300
9961	788.300
12269	788.800
6133	789.100
7489	789.500
305	790.400
2449	790.200
5577	790.500
7853	790.600
4081	793.000
7265	795.400
1793	796.700
2065	796.300
1113	800.700
3817	801.300
9817	802.500
1021	803.200
3837	803.200
4857	803.700
7217	803.800
9477	803.700
11929	803.800
10225	804.600
7197	805.800
9825	806.400
5729	807.800
9741	807.600
2073	808.400
7681	808.400
3781	809.800
4477	809.800
4861	811.000
8013	811.100
8561	811.600
9877	811.300
10665	811.300
1717	812.200
6497	812.100
9165	812.900
9981	812.800
1305	813.900
5169	813.500
289	814.200
3377	814.600
4665	814.500
6513	814.900
6701	814.800
7769	814.300
9105	814.600
9217	814.500
317	815.300
2045	815.300
5353	815.300
5569	815.600
6029	815.600
6693	815.300
7045	815.500
7709	815.600
8965	815.300
9013	815.900
9353	815.100
9513	815.600
9861	815.700
10753	815.700
10805	815.800
11897	815.100
9837	816.300
7237	821.900
9505	821.600
2309	823.600
9401	823.700
1641	824.300
9893	824.200
10517	826.600
1225	828.000
4821	828.000
8041	828.000
933	828.200
3737	828.900
5769	829.000
10573	828.700
4729	829.500
297	830.100
1765	830.900
3661	830.300
9561	831.300
11337	831.500
6281	833.800
833	834.200
10709	834.300
277	836.000
3213	835.400
7117	835.600
9541	835.300
197	836.900
6917	836.800
2749	837.700
9153	837.800
1053	838.600
8409	838.300
1873	839.500
2085	839.800
3513	839.900
5829	840.000
6037	839.100
513	840.800
5205	840.900
5253	840.300
5561	840.600
10369	840.100
10845	840.500
11645	840.400
761	841.300
9377	841.300
177	844.000
885	843.300
4473	843.800
3945	844.900
4221	844.200
5201	844.500
12041	844.100
709	845.300
537	846.500
2081	846.300
6721	846.200
11977	846.600
1769	849.900
9709	850.200
6961	851.200
11289	851.900
12333	851.400
2093	854.600
4409	855.100
4625	855.800
209	856.300
5565	856.500
6581	856.600
10945	856.700
12193	856.700
9237	857.500
11285	857.500
3569	858.100
9281	860.400
9513	861.300
10881	861.700
3053	862.300
8125	862.400
2161	863.500
9021	863.500
5097	864.600
11633	864.500
11661	864.500
2845	865.500
5549	865.100
8185	865.900
12153	865.400
9637	866.500
3005	868.300
6033	868.600
8341	869.000
4957	870.400
5889	871.100
10569	871.600
11405	871.600
4085	872.200
2685	875.000
10581	874.800
11021	874.600
11601	874.200
3697	875.500
11453	876.600
1685	879.300
9477	879.200
1969	882.100
6313	882.300
7109	882.900
1281	884.000
1789	883.800
2001	883.900
221	884.600
1469	885.000
6289	884.700
6477	884.500
1121	885.300
1169	885.900
2229	886.000
5269	885.200
7693	885.200
7973	885.200
853	886.700
5997	886.400
3977	889.000
11497	888.700
9917	889.900
2113	891.700
4757	891.100
9149	891.800
513	892.200
5597	892.600
6217	892.100
7441	892.200
8201	892.300
8433	892.800
11093	892.200
12117	892.800
173	893.100
449	893.500
785	893.300
2013	893.500
4133	893.500
6009	893.100
2969	895.300
6653	895.400
11673	896.400
11957	896.400
4537	899.700
4637	899.500
5833	899.200
8405	899.900
3257	901.200
1081	902.500
7021	902.500
7641	902.300
10293	902.500
10841	902.500
4869	903.500
6065	903.100
11429	903.300
1517	907.800
7149	908.800
4017	910.300
5421	910.200
2233	911.200
3113	911.500
1329	913.300
5841	914.300
7581	914.200
6589	915.600
2077	916.300
5169	917.000
8001	916.800
10065	916.400
11289	916.700
1873	918.300
829	919.800
5349	920.000
7021	919.300
7317	919.900
8045	919.700
11897	919.700
321	920.100
3841	920.300
4473	920.300
4593	920.500
7721	920.100
10421	920.300
3597	921.400
8173	921.200
8633	921.200
5001	923.600
3865	924.400
10201	925.700
7429	926.500
12265	926.600
9677	929.400
11557	929.200
1093	930.500
1745	930.100
8957	930.200
1337	931.200
1085	932.700
3353	933.100
6333	933.800
7269	933.300
10581	933.600
453	936.000
7449	935.500
2925	936.400
5989	936.900
10445	937.400
4777	938.400
5253	938.700
7633	938.100
8409	939.000
8609	938.200
1333	940.000
2021	939.400
2269	939.800
2697	939.700
2713	939.800
4801	939.700
5733	939.700
6137	939.300
6321	940.000
8137	939.800
11049	939.800
177	941.000
1253	940.200
1293	940.600
1301	940.500
1325	940.200
2301	940.700
3361	940.500
3569	940.500
4597	940.500
5297	940.400
5937	940.400
6405	940.700
6637	940.400
8097	940.300
9541	940.200
10961	940.300
10997	940.700
11137	940.200
12217	940.200
2185	944.900
10473	944.600
4869	946.300
12401	947.000
1261	947.400
1589	947.200
5261	948.400
1793	949.500
2085	949.500
7541	949.600
9353	949.400
10001	949.300
6369	950.800
8793	950.900
2421	951.800
10569	952.000
577	952.100
12369	954.000
2913	954.200
3457	954.200
3473	954.600
5777	954.500
7205	954.600
7605	954.900
8549	954.600
9525	954.200
9629	955.000
557	955.900
4313	955.200
7641	956.400
7045	959.000
3309	960.400
6845	960.400
2777	961.800
2381	962.100
11697	962.800
12145	962.500
3377	963.600
4373	963.800
5097	963.400
6041	963.100
7793	963.100
9109	963.400
9681	963.400
10197	963.400
6909	965.000
10813	964.200
157	965.600
309	966.000
9361	965.900
11009	966.000
605	967.600
2245	967.600
11617	968.700
5445	971.700
8557	971.200
997	972.600
3781	972.600
7705	972.900
521	973.100
3825	973.700
5789	973.500
8645	973.300
10629	973.600
1937	974.200
5241	974.200
8797	975.400
4597	976.500
6061	977.700
6109	977.700
7985	977.600
9541	977.500
11997	977.300
13	980.900
7773	980.200
10461	980.400
12325	980.800
953	982.200
3125	984.600
4625	985.000
7181	984.700
8981	985.000
10293	985.000
1757	985.900
4705	985.500
8745	986.800
5777	987.200
6217	988.200
8713	989.000
10109	989.800
11705	990.000
117	990.900
2705	990.300
3245	990.400
7505	990.300
7517	990.600
9889	990.100
2189	991.200
357	993.200
9197	993.800
10757	993.600
2121	995.600
3749	996.000
10329	995.500
1585	996.200
6093	996.300
2549	997.200
7465	997.600
10573	998.000
6453	998.300
