# NEST version: 3.6.0
# RecordingBackendASCII version: 2
sender	time_ms
5874	158.900
6714	158.900
7766	158.400
6142	159.300
1406	160.500
4006	160.300
4490	160.600
7070	160.900
9242	160.400
10430	160.900
11994	161.500
11154	162.200
4126	165.000
8442	164.400
10322	164.600
6098	165.500
6958	165.200
10778	165.200
9010	168.600
1678	169.600
3782	169.900
2070	170.100
4702	170.300
4818	170.200
12462	170.900
638	173.700
1250	173.800
1878	174.900
4166	174.300
4610	174.800
8426	175.000
12294	174.900
938	175.900
1018	175.500
4622	175.600
11554	175.100
5670	176.500
7590	176.100
1366	177.500
1710	178.700
5698	178.400
10738	178.900
6062	179.700
7446	179.200
3566	180.500
6538	181.400
570	184.800
1882	184.800
6626	184.200
190	185.500
2126	185.900
9126	185.500
9946	185.300
11638	186.000
12482	185.400
9118	186.200
9342	186.400
12154	188.600
11542	189.300
426	191.900
10470	194.400
5494	195.400
10522	196.500
11062	196.200
10618	198.000
346	198.300
6522	198.200
9714	200.000
10942	199.700
2238	200.600
1890	201.900
4982	201.500
8938	201.400
1834	202.900
3990	202.400
8774	202.700
9954	202.100
11842	202.100
5278	203.900
12086	204.000
6830	204.900
7962	204.900
9254	204.900
4118	205.400
5902	205.200
5950	205.600
6914	205.900
630	206.600
3826	206.200
11454	206.900
7754	207.100
1102	208.900
5026	208.800
5542	208.500
5466	209.900
11538	209.500
1198	211.000
2966	211.400
3386	211.900
9810	211.100
10310	211.400
7526	212.200
7574	212.700
10914	212.800
982	213.400
1498	214.000
5790	213.300
6894	213.200
7978	213.200
11722	213.500
8154	214.900
11714	215.800
1626	216.400
8526	218.400
2022	220.500
2886	221.500
7158	221.800
8598	221.100
11934	221.600
626	222.400
2506	222.400
5858	222.200
7538	222.200
6042	223.700
11270	223.700
11910	223.400
6422	224.100
8530	228.500
12442	228.500
1002	229.600
7470	230.000
8566	230.000
5122	231.000
9086	231.500
5438	232.500
4062	233.400
8082	234.000
6930	234.800
4214	235.400
4834	235.300
7102	236.000
10934	235.800
12198	235.200
4946	236.200
12370	237.200
622	238.600
11122	238.600
5890	241.200
6682	242.200
1042	244.700
4190	245.200
7230	245.500
2470	246.900
3602	246.400
5558	246.900
7362	246.300
10686	246.600
1370	247.100
1390	247.300
5854	248.000
11470	247.100
4902	248.500
9450	248.500
11550	248.500
12474	249.100
2430	252.300
7974	252.800
382	253.100
6710	253.800
6738	253.300
9638	253.500
10830	254.000
11046	253.800
142	254.800
658	254.300
2798	254.400
4390	254.500
4934	254.800
5910	254.300
6278	254.700
7922	254.700
9070	254.600
2294	255.100
2314	255.400
6562	255.500
1298	256.600
6766	256.700
394	257.700
6958	257.900
10166	257.400
11234	257.400
3758	258.100
7206	258.300
9370	258.100
11826	260.000
6910	261.800
2046	262.500
2582	262.500
630	263.100
5834	263.100
7818	263.900
8210	264.000
11766	263.600
3362	264.200
8118	264.200
11698	264.400
11802	264.900
4646	265.900
3902	267.500
8570	267.700
10958	267.700
614	268.500
7898	268.400
4366	270.300
4594	270.700
3494	271.300
1374	272.500
4918	272.600
7758	272.300
10198	272.500
1582	274.000
11098	275.500
994	276.300
1882	277.900
2538	277.200
2574	277.900
6154	277.100
8202	277.700
8650	277.200
9534	277.500
11190	277.300
518	278.700
6630	278.200
4294	279.700
6038	279.400
2162	281.000
4866	280.500
10898	280.700
12190	280.700
7378	282.400
1138	285.100
10938	285.500
11002	285.100
11014	285.400
2634	286.700
186	290.000
11026	289.700
5466	290.100
8034	290.600
9678	290.400
2646	291.600
4066	292.100
7794	292.100
7554	294.600
1190	295.900
6506	295.800
102	296.200
3202	296.700
9594	296.300
10974	296.700
414	297.900
1002	297.500
1758	297.300
3886	297.600
8782	297.500
2590	298.500
2790	298.700
4262	298.600
4462	298.400
4578	299.000
6442	298.500
10062	299.000
12150	298.600
4914	301.900
470	303.900
2090	303.300
4430	303.900
7286	303.800
7586	303.300
7594	303.800
10842	304.000
250	304.900
466	304.800
898	304.500
1450	304.900
1762	305.000
3690	304.700
3894	304.100
4410	304.300
5006	304.500
6102	304.800
7346	304.800
7866	304.600
8426	304.900
10590	304.600
11062	304.200
12078	304.900
12270	304.900
5502	305.300
9870	305.700
10298	305.100
12066	305.800
10354	307.700
6814	310.200
3134	314.500
4950	315.000
8534	314.100
7538	315.800
7082	316.700
9782	316.600
12022	316.500
7370	317.900
4698	318.400
6742	318.500
11374	318.700
2066	319.300
4890	319.200
9894	319.600
10498	319.300
7954	322.200
11746	323.000
650	324.000
2562	323.900
1366	324.300
7506	325.200
10198	325.900
1858	326.500
6058	326.600
3186	328.000
4662	330.200
7970	331.000
9790	330.900
10678	330.900
11906	330.800
1562	331.600
2470	331.200
2598	334.900
4530	334.900
346	336.000
5046	336.000
5598	335.900
5882	335.300
8518	335.300
10174	335.800
2906	336.200
962	337.900
7266	337.500
8642	337.300
2610	338.800
4050	339.400
4338	339.600
8794	341.900
1014	342.100
1358	342.700
4814	345.000
9290	344.100
6778	345.700
7174	345.700
4842	348.700
5218	349.000
8590	348.800
9478	348.900
734	349.900
5594	349.800
5634	349.900
6738	349.800
11698	349.200
11814	349.600
12086	349.200
6410	350.100
2046	352.200
7750	352.900
4722	353.200
8250	353.200
1998	356.600
486	357.700
3250	357.600
7706	357.800
6506	358.500
8362	358.900
8886	358.800
10046	358.600
10830	358.800
3094	360.900
5314	360.500
5962	361.700
6886	361.700
11450	361.600
2430	362.300
4142	362.700
7206	362.300
1866	363.500
12426	363.500
1106	364.300
2858	364.700
7214	364.900
7862	364.300
9894	364.100
10958	366.200
4402	367.600
11430	368.900
2750	369.500
5998	369.700
11766	369.300
3874	372.000
8730	371.600
2446	372.500
11966	372.500
70	373.200
11490	373.400
3570	374.400
4030	374.100
5198	374.100
5950	374.600
7978	374.500
10598	374.800
2798	375.700
8538	375.500
5330	376.700
9358	376.400
11246	376.800
3866	377.200
5854	377.500
6406	377.300
8838	377.300
9638	377.600
10318	377.100
7126	378.900
7994	378.400
2086	379.100
4070	379.700
10750	380.400
11406	380.100
1794	383.100
5370	383.800
2418	384.700
5074	384.600
5710	384.700
6186	384.500
7622	384.300
8898	384.800
9674	384.400
10286	384.300
1446	385.900
2702	386.000
3382	386.000
4510	385.800
5226	385.600
6482	385.600
6990	385.300
9206	385.700
10838	385.600
10962	385.600
11154	385.700
254	386.500
2526	386.400
2566	386.300
2894	386.100
3214	386.100
3394	386.800
6214	386.800
9650	386.200
1786	388.200
5914	388.300
7762	391.200
5798	394.500
9178	394.700
9482	394.400
5410	395.300
2010	396.600
2266	397.000
9754	397.600
12018	397.300
11638	399.900
7102	402.700
9678	402.800
3210	404.000
6178	403.800
7338	404.000
9826	403.500
486	404.200
4738	404.800
5310	405.000
5754	404.700
7038	404.800
7162	404.500
8050	404.100
8594	405.200
9994	405.100
922	406.900
346	407.600
5010	407.400
8002	407.100
42	408.500
950	408.300
7390	408.800
8810	409.000
9786	408.800
2038	409.600
4630	409.900
5398	409.800
7326	409.600
9610	409.500
210	410.100
290	410.500
3666	410.700
4830	410.400
5618	410.300
6742	410.900
8438	410.500
12078	410.900
46	411.300
1190	411.300
2502	411.700
6318	411.600
7150	411.400
8142	411.600
9714	411.400
10450	411.600
10714	411.800
12238	411.700
5106	416.200
4130	417.400
1170	418.400
5326	418.700
7990	418.800
12482	418.500
998	425.200
10746	426.000
166	426.700
9258	426.600
9378	426.300
9590	426.800
2366	427.800
2946	427.500
9114	427.800
10870	427.600
10958	427.900
5646	428.500
7366	428.100
10070	428.100
12386	428.100
658	431.900
1722	431.100
662	432.800
2474	432.600
11538	433.200
11630	433.800
11546	436.000
4162	436.300
9006	442.700
9182	445.400
10802	446.700
12170	446.400
12346	446.700
786	447.600
6150	447.600
6166	447.400
8338	451.000
9062	450.700
318	451.700
5702	452.000
8546	451.600
8586	452.100
5214	453.600
5474	454.000
6802	453.300
8038	453.800
9682	453.800
9910	453.400
3478	454.900
4626	454.200
6974	454.100
7150	454.100
1498	455.600
2150	455.800
6830	455.700
8054	455.100
7438	457.000
4650	457.700
5366	457.200
6054	458.500
9634	458.700
12382	458.600
2834	460.700
290	461.700
2170	461.100
2670	461.700
4366	461.400
8198	461.300
10442	461.300
11786	461.500
326	462.200
1054	464.700
738	465.900
6618	465.700
306	467.000
8762	467.000
10938	466.400
11982	466.200
2574	467.300
6334	468.900
9794	470.100
10258	470.900
10018	471.200
4418	472.300
3398	473.600
3762	475.300
9702	475.900
4506	476.600
10198	476.700
9638	477.500
10078	477.400
3670	478.300
5990	478.100
8450	478.300
11570	478.300
11614	478.100
2038	479.100
4278	479.500
6586	480.000
4946	481.000
14	481.800
2742	481.900
5914	481.300
9338	481.900
106	483.000
5810	482.200
3858	483.500
6714	483.700
1450	484.200
6178	484.900
8086	484.300
10290	484.700
10550	484.800
11778	484.400
4634	485.300
9362	485.900
9618	487.300
11438	487.300
6382	489.000
7998	489.200
8094	489.400
2502	491.000
7738	490.500
10762	491.400
2522	493.300
4046	493.200
4378	493.700
7114	493.800
7234	493.600
9078	493.500
2838	494.300
11314	495.100
7762	496.400
11666	496.100
7350	498.600
7678	498.600
8922	499.500
8338	501.000
9118	500.600
7178	503.800
9882	503.600
11222	504.200
11246	504.600
4974	505.300
6542	505.100
10554	505.800
1570	506.800
5506	507.000
7042	506.600
8862	506.700
786	507.100
1802	508.500
3510	508.900
4590	508.900
9574	508.700
9978	508.400
1638	509.700
5910	509.700
6514	509.500
7426	509.600
7550	511.100
8730	511.200
10090	511.700
510	512.800
1522	512.500
4790	512.100
674	513.800
6846	514.000
9018	513.100
6490	514.900
7258	514.100
1178	516.000
5906	517.000
6638	516.300
6642	516.900
8150	516.900
8430	516.200
4102	517.100
7858	517.800
9666	517.800
11630	517.100
5190	518.900
6662	520.000
610	520.100
4154	521.000
5322	521.000
1138	521.100
2538	521.600
7898	521.700
10326	521.800
5170	522.200
12186	522.300
12330	522.800
882	526.000
6262	525.500
3162	526.700
11170	526.800
2058	527.700
6522	527.300
11566	527.800
1546	529.400
6046	529.400
8786	530.600
4234	531.600
7362	531.500
7382	531.300
10930	531.600
4250	532.500
3306	533.800
4390	533.100
6518	533.700
874	534.100
5014	534.800
6070	534.900
10494	534.900
11290	534.500
12110	534.500
1614	535.300
6422	535.500
8850	536.200
3862	538.100
6478	538.500
7390	538.400
8518	538.300
9838	538.300
1390	539.100
3094	539.100
3826	539.600
5746	539.600
6870	539.400
7062	539.300
7770	539.200
8974	540.000
11402	539.600
12362	539.600
8118	540.900
11066	540.700
3594	541.500
10978	541.400
606	542.900
7430	542.500
3906	543.600
1022	544.700
9782	544.400
10886	544.500
710	547.500
3002	548.900
3266	548.400
5258	548.300
9518	548.700
850	549.200
8534	549.100
1610	550.100
2202	550.700
3754	550.600
7222	550.700
8590	550.900
9578	550.600
9666	550.400
11826	550.800
4146	551.300
5594	551.100
6618	551.100
6970	551.600
10582	551.100
610	554.900
11810	554.800
11598	555.600
10562	558.600
2430	559.800
9990	560.600
6846	562.000
11554	561.300
970	562.400
3634	563.200
4194	563.100
7462	563.300
954	564.800
614	565.900
2594	565.900
6466	565.800
6942	565.800
7270	566.000
7374	565.700
10026	565.900
12198	565.900
5254	566.400
6398	568.500
10946	570.900
7766	571.500
2530	574.000
9018	574.800
1178	576.700
3506	576.900
7338	576.600
8914	576.900
12186	576.600
9982	578.100
5546	580.000
10438	579.100
3450	580.300
8850	581.900
8938	582.000
7162	582.600
9910	582.500
1102	583.600
3554	583.900
5166	583.700
11590	583.600
11558	585.600
6866	586.900
10218	587.600
6162	588.400
11850	589.000
7158	590.000
6670	590.600
5450	593.600
7922	593.200
3990	594.700
6662	594.700
7238	594.100
10318	594.200
9546	596.800
2942	597.500
10322	597.100
11026	597.300
602	598.700
3114	600.400
5258	600.800
4966	603.000
8710	603.400
1222	604.300
8446	604.100
8370	605.700
7602	607.000
11606	606.300
5634	607.900
11794	607.800
1810	608.100
12222	608.500
4098	609.200
8430	610.100
11054	610.200
8194	612.900
1170	613.500
1686	613.900
4514	613.800
8610	613.700
9242	613.600
1246	614.600
4150	614.700
6054	614.800
6230	614.400
6470	614.600
7354	614.500
8670	615.200
154	617.600
5522	617.500
11098	618.000
12078	617.900
342	618.800
11902	618.300
1306	620.600
1818	621.400
3782	621.500
222	622.200
2634	622.200
7710	622.500
9098	623.600
2942	625.000
3602	624.200
4390	624.400
8602	624.900
11106	624.600
2066	625.400
6570	626.600
5222	628.400
2718	629.100
9206	629.400
2954	630.400
182	632.500
1750	632.300
3594	632.500
5538	633.000
5894	632.700
11146	633.700
7286	636.200
4186	638.000
5166	637.200
7998	637.800
8590	637.900
450	639.000
5026	639.700
6502	639.200
11626	639.800
9018	640.200
3186	641.800
8730	641.800
1954	642.200
4546	642.800
6754	642.700
9542	642.800
9986	642.400
734	643.300
894	643.100
2926	643.500
3034	643.800
4410	643.500
5630	643.100
8994	643.400
9522	643.500
8826	644.100
1250	647.400
8838	647.900
8902	647.400
11534	647.400
9546	648.100
122	650.000
4702	649.300
9350	649.800
8142	650.600
310	652.900
9534	652.700
202	654.000
798	653.200
3498	653.400
4538	653.100
4650	653.200
7362	653.400
658	654.900
4310	654.600
7906	654.300
9486	654.600
1114	655.500
2218	657.000
3098	656.500
3282	656.200
606	657.600
1046	657.400
1198	657.600
1326	657.600
3158	657.900
5126	658.000
5258	657.200
5562	657.800
6082	657.300
7930	657.700
10306	657.900
11250	657.500
10	658.400
2814	659.000
3942	658.500
6658	658.200
8418	658.300
10070	658.700
1106	660.900
1354	663.900
7662	666.900
8606	666.400
5082	667.200
8526	668.000
3118	669.000
3146	668.300
3802	668.300
4978	668.300
1170	674.000
10346	673.900
11866	673.700
8346	674.800
8570	675.800
1026	678.000
9618	677.600
10802	677.900
8814	680.300
510	681.300
9990	681.600
3342	682.600
8534	682.300
9006	682.800
9134	682.900
11542	682.800
606	683.700
6546	683.300
6558	683.300
7014	683.400
8910	683.600
5138	684.300
2534	685.800
1262	686.400
7446	686.900
9362	687.700
10258	687.500
1622	691.500
3686	692.000
7094	691.400
8118	691.700
9278	691.600
12078	691.600
3630	692.300
3926	692.500
7990	692.900
8846	692.100
9606	692.900
610	693.400
5266	693.100
3806	694.900
11234	694.100
3706	695.800
6690	695.700
2410	696.700
7118	697.000
9258	696.700
10622	696.600
12054	696.600
1354	697.600
5438	697.800
1950	701.000
10042	701.800
298	702.400
318	702.600
7034	702.600
9994	704.600
10254	705.000
7818	705.400
10566	705.400
2870	707.500
5486	707.600
8682	707.100
9142	707.700
10066	707.600
2046	708.300
3558	709.700
3874	709.800
12202	709.400
6442	711.200
5762	712.100
6070	712.500
2010	713.300
4206	713.900
7518	713.700
6282	714.900
522	716.000
4758	716.000
6054	717.100
9566	717.100
4770	718.100
194	719.500
6386	719.200
3226	722.800
4034	722.500
8470	722.300
11566	722.800
1514	723.300
6838	723.600
12234	723.100
2766	724.400
6266	724.200
12362	724.700
126	725.500
2066	725.200
2954	725.800
7038	725.200
5774	728.800
7906	730.100
9926	730.300
154	733.000
894	732.400
2082	732.300
3210	732.700
2542	733.100
9550	733.100
10906	734.000
5634	734.700
6166	735.000
6410	734.600
7418	734.600
9294	734.600
9710	734.700
10618	734.500
6502	735.400
10794	735.200
11950	735.100
1346	736.300
5222	736.100
9910	738.000
1242	739.400
11178	740.000
5682	740.900
5786	740.600
6026	741.400
6886	741.700
290	743.600
8838	747.200
1142	748.700
1430	749.000
3258	748.700
6482	748.400
10746	749.000
5658	749.600
7406	749.800
12370	749.600
2050	750.600
2546	750.300
11134	750.600
4794	751.500
6318	753.000
770	754.100
318	755.200
2778	755.600
5478	755.700
2758	756.200
4878	756.700
9894	756.800
4934	757.900
10494	757.800
10834	762.800
2790	763.400
3474	763.100
7814	763.400
11922	763.200
1326	765.500
8646	765.600
4630	766.100
7298	767.700
7526	767.300
9230	767.600
2762	768.900
3122	769.900
4262	769.700
6594	770.000
10262	769.700
10546	769.900
10770	769.100
6774	770.300
7010	770.300
9290	770.500
5250	772.500
9178	772.500
4418	773.500
5574	774.000
8210	773.900
1490	774.700
6314	774.100
1762	775.900
3678	776.000
8046	775.300
10582	775.800
3614	776.400
9214	776.600
2018	778.700
4030	780.900
7422	780.400
454	783.000
5438	782.300
5842	783.000
6926	782.200
734	783.600
994	783.900
1754	783.500
2062	784.000
2114	783.400
12166	783.500
838	784.700
1506	784.400
1990	784.400
2514	784.300
2582	784.200
5762	784.600
6486	784.800
7790	784.700
8902	784.300
11878	784.100
322	785.600
5290	786.200
8694	789.800
11970	789.900
5658	790.600
6842	791.700
11914	791.400
2638	792.300
12226	792.900
1322	793.400
1586	793.200
3526	793.300
5110	793.600
6530	793.400
10454	793.600
2006	794.200
3598	794.300
8598	794.300
12466	794.500
5546	797.100
10438	797.800
12370	797.600
4966	798.300
5670	799.700
5970	799.800
7630	799.400
266	800.200
778	800.600
1114	800.300
1878	800.400
2474	800.300
6974	801.000
11850	800.100
8062	801.300
10886	801.200
11374	801.900
714	802.800
6322	802.600
6758	804.700
6634	807.000
7930	806.200
4034	807.700
4166	807.600
1634	808.500
5010	808.300
238	810.600
398	811.100
3098	811.500
3146	811.500
6038	812.000
2058	812.400
4802	812.800
4958	812.100
5854	812.400
6078	813.000
8258	812.500
11002	812.700
474	813.800
1410	813.400
10550	813.200
3110	814.800
3490	814.600
4262	814.100
4622	814.100
5002	815.000
5702	814.900
5826	814.200
6098	815.000
6330	814.600
130	816.000
770	815.800
1450	815.700
1718	815.200
1970	816.000
2094	815.500
2150	815.800
3210	815.600
3434	815.800
4054	815.300
4122	815.800
4758	815.400
6206	815.600
6422	815.400
7234	815.100
8246	815.800
8846	815.700
8906	816.000
9190	815.900
10518	815.900
3754	816.200
5710	816.100
6398	816.100
7138	816.300
7206	816.700
9290	816.400
11126	816.200
178	818.900
842	820.000
11310	819.400
2798	820.500
6838	820.600
7338	820.600
9694	822.000
1882	822.900
3542	822.300
3802	822.100
4918	822.700
6178	823.000
5170	823.400
8602	823.700
1930	824.500
6594	824.800
2246	825.900
9850	826.000
3326	826.700
3742	826.800
9858	826.700
6442	827.300
6994	827.200
9054	827.100
1710	828.400
7866	831.000
2162	833.000
4978	833.200
9178	833.400
1366	835.000
5266	835.000
6782	834.500
422	835.600
2062	836.000
3838	835.900
6846	835.400
8490	836.000
9618	835.200
12254	835.500
3578	836.200
3614	836.400
3722	836.400
5026	836.500
5454	836.500
5634	836.600
6502	836.100
10118	836.100
10734	836.100
11482	836.400
9698	839.800
394	842.800
6518	843.000
5274	843.800
9142	844.900
2670	845.900
7930	845.600
9846	845.500
11254	845.400
11534	846.600
6142	848.400
4722	850.600
6274	851.000
11622	850.400
9578	851.700
6570	852.100
502	853.600
12246	853.600
7678	854.400
10322	855.000
6810	858.300
1246	859.300
526	860.600
6650	860.100
10894	860.900
558	862.500
2818	864.200
8746	864.500
2650	865.800
3522	865.100
202	866.400
4658	866.200
11122	867.900
322	868.200
9930	868.400
11970	870.900
2022	871.200
3498	873.200
4986	874.600
5466	874.900
7350	874.400
8014	875.000
9486	874.200
9110	875.700
586	876.800
3722	876.800
12078	876.400
2790	877.200
222	878.500
4338	878.900
9230	878.900
11222	879.000
1822	879.900
3874	879.600
6646	879.500
9262	879.600
9346	879.200
10582	879.400
11186	879.200
11802	879.100
1326	880.200
9674	880.900
11178	880.800
6814	882.000
9302	881.700
10898	881.500
11146	883.000
4342	883.800
7450	883.300
11626	883.100
4782	885.000
5742	884.200
9338	885.200
8230	886.800
11518	886.100
11770	886.300
9866	887.200
938	888.800
1814	888.500
4854	888.700
4738	889.500
5106	889.700
6558	889.800
9182	889.100
3370	890.200
2002	891.100
11262	892.200
6962	893.200
11730	894.500
4414	895.200
1842	896.900
8094	896.500
8258	896.200
11998	897.300
5658	898.900
7090	898.600
7314	898.800
6002	899.200
434	900.100
9570	900.200
10046	900.100
10934	900.700
12086	900.300
6538	902.400
7910	902.300
9258	902.500
12150	902.300
3066	903.900
5366	904.000
7630	903.100
8886	903.300
12194	903.900
134	904.400
7470	904.300
9030	904.500
9966	904.800
7530	905.600
6178	906.200
3802	907.300
6506	907.900
6690	907.300
1070	908.500
1558	908.800
5746	908.500
6006	908.300
6766	908.300
6978	908.400
4058	909.100
9990	909.600
10762	909.200
5378	910.500
1102	914.000
6806	913.800
2306	915.000
4770	914.900
126	915.300
2886	915.100
9662	915.200
10554	915.800
12178	915.500
12430	915.200
3366	916.100
12338	919.100
2710	920.700
162	921.700
7618	921.800
6442	922.700
7362	922.700
11462	923.000
1610	923.900
11434	923.100
470	924.700
138	925.600
3010	925.900
4746	925.900
10286	925.800
12318	925.400
3746	926.700
4126	927.000
5678	928.900
7582	930.800
10602	930.400
9610	931.700
8602	932.100
6698	934.100
11198	934.600
290	935.500
6726	935.100
10466	935.600
10182	936.800
3006	938.900
9750	939.600
8046	940.500
8622	940.600
8642	940.800
814	941.600
942	941.300
2278	941.400
3898	941.500
10674	941.600
5870	946.900
1026	947.800
2330	947.900
3326	947.200
8566	947.600
6170	948.900
8162	948.600
11962	948.200
3558	950.000
10870	950.000
9398	951.000
254	951.600
1378	951.700
5354	951.200
6482	951.800
834	952.500
2066	953.000
8966	952.300
3614	953.500
4794	953.100
7906	954.800
8894	954.300
318	955.900
7326	955.900
3234	956.500
11070	956.800
578	957.400
6558	957.700
9114	957.900
12394	957.400
10818	959.400
2610	961.000
5506	961.600
8282	961.900
1602	963.100
11370	963.600
7370	964.800
1358	965.200
11206	966.000
1170	966.300
6438	966.300
7922	966.300
8182	966.200
6754	967.100
6914	967.100
2042	968.800
3542	968.400
5454	968.500
3182	969.200
8454	969.900
386	971.000
866	970.900
5402	970.900
8138	970.900
11750	970.900
1006	971.900
4198	971.100
1022	973.500
2310	974.700
2778	974.800
5062	974.400
6502	974.900
9098	974.300
10942	974.800
6102	975.600
9758	977.200
4914	979.600
5214	979.700
5534	979.900
1482	980.300
1954	980.400
5098	980.900
9178	980.900
10898	980.900
346	981.300
478	982.000
550	981.200
3154	981.100
3442	981.700
5874	981.100
6738	981.100
8622	982.000
10494	981.800
10610	981.100
10694	981.800
11402	981.800
2690	982.200
5862	982.100
6514	982.700
7594	982.300
11890	982.300
982	985.500
5666	985.900
5514	986.800
9534	986.500
2370	987.800
5986	987.800
6174	987.600
7342	987.500
8134	987.400
8670	987.400
10306	987.800
11102	987.200
3082	988.700
3706	988.500
6394	988.700
9246	988.500
1962	989.200
12186	989.600
7962	996.700
4750	997.200
4962	999.000
