# NEST version: 3.6.0
# RecordingBackendASCII version: 2
sender	time_ms
2758	157.100
4842	158.000
1150	158.200
2554	158.700
4046	158.500
9090	158.700
12038	158.200
190	159.600
2014	159.500
2198	159.500
6610	159.900
274	160.800
3298	160.800
3998	160.700
9330	160.500
11218	162.900
4830	163.800
4178	164.900
4762	164.800
4942	164.700
6330	164.500
8010	165.000
9978	165.000
11058	165.000
2754	165.400
3402	165.500
3418	165.900
7926	165.900
10862	165.400
7358	166.900
8366	168.700
742	169.900
4370	169.300
950	170.600
3066	170.100
3966	170.200
6294	170.700
6666	170.500
11182	170.500
11910	170.500
5770	172.700
1734	173.400
5702	174.600
2170	176.000
11210	175.600
4062	176.600
10022	176.800
1854	177.600
9418	177.300
11798	178.000
1530	178.900
4922	178.500
5510	178.900
5978	178.900
6394	178.500
7306	179.000
3414	179.900
4766	180.000
6354	180.700
8146	180.400
1434	182.000
3922	181.200
6286	181.800
8290	181.300
9450	181.700
9990	182.000
10770	181.200
12482	181.700
3658	182.900
3886	182.100
4994	182.100
8438	182.800
11986	183.000
2398	183.400
8786	183.100
10438	184.600
6894	185.100
7658	185.800
2222	186.600
5254	187.000
7758	186.700
9278	186.800
130	187.100
974	189.500
2210	190.200
5006	190.400
5926	190.800
10998	190.400
7030	191.100
9862	193.000
366	195.000
3978	195.000
374	196.900
11070	196.300
12498	196.800
1370	197.400
6850	197.100
7490	198.600
3462	199.800
3718	199.700
4362	199.100
506	200.100
1986	200.700
7742	200.600
4314	201.200
9206	201.400
12250	202.000
5994	203.000
6210	202.600
78	203.500
550	203.800
1090	203.600
2426	203.500
3722	203.300
9958	203.700
10846	203.600
11126	203.300
6486	206.900
902	211.000
10410	210.500
3638	213.900
4018	213.800
4894	213.900
11586	214.800
2518	215.600
2966	215.700
3330	215.500
4510	215.100
5742	215.100
6002	215.200
7858	215.100
2346	217.000
4958	217.000
5674	216.600
7002	216.300
7082	217.000
9186	216.200
3106	217.700
10162	217.300
12122	218.800
2986	221.000
198	221.300
4466	221.900
9306	221.500
10434	221.900
10770	222.000
7030	222.500
8698	225.900
11254	225.900
5138	226.300
1910	227.400
4186	227.700
4214	228.200
5942	229.100
6478	229.200
8474	229.600
8910	229.300
9726	230.000
10202	229.900
6082	230.500
3374	231.800
3778	231.200
5262	231.200
5310	231.900
7442	231.600
9702	231.700
12338	231.800
578	232.700
890	232.600
1498	232.800
2874	232.600
2894	232.300
3318	232.300
5758	232.800
9078	233.000
9458	232.600
9646	233.000
9730	232.600
1362	233.800
1578	234.000
1762	233.100
3922	233.100
5722	233.800
5802	234.000
9210	234.000
9374	233.600
5726	234.700
7542	234.100
7918	234.300
10334	234.100
10878	234.700
11138	234.100
11226	234.400
11266	234.600
11458	234.400
30	235.200
8870	239.800
11922	239.600
6630	240.600
5126	241.400
5610	241.400
2338	243.800
3998	245.600
1706	246.400
2158	246.800
2982	246.900
6698	246.600
3954	247.700
4518	247.600
6614	247.500
10586	247.100
12030	248.000
8638	249.500
12378	250.500
3974	252.200
3978	252.800
10698	252.700
12218	252.500
1490	253.300
11870	253.300
4886	257.400
526	258.800
6022	258.500
5374	259.700
10762	259.400
9390	260.100
11846	261.600
2274	264.100
2558	264.200
5570	264.600
402	265.300
1454	265.500
3518	265.100
5970	265.700
8858	265.800
878	266.500
5838	266.900
6378	266.900
8306	267.200
12286	267.900
4574	269.500
9206	269.600
12418	270.000
46	270.700
1554	270.100
2758	270.700
3986	270.800
5078	270.800
12262	270.800
6906	272.800
7110	273.300
8634	274.000
4938	274.800
11802	275.800
1782	276.400
10042	276.900
6646	279.900
3366	281.000
3502	281.300
10222	283.100
3318	285.700
3462	287.300
4386	289.200
6250	290.600
12446	290.200
2358	292.100
3378	292.500
4534	294.700
2846	295.200
7002	295.100
7494	296.900
538	301.400
6010	302.800
6086	303.000
1334	303.800
7118	303.500
8014	303.900
11390	303.500
9370	304.200
3286	306.400
7750	306.700
10374	307.100
2138	311.000
5302	310.700
8758	310.400
8762	312.300
8798	312.100
8990	312.700
12498	312.400
2558	313.700
3674	313.700
7074	313.900
8738	313.100
11978	313.100
1258	314.200
7802	314.200
10074	315.600
12174	317.200
1162	321.700
3650	321.900
6002	321.700
10786	321.700
294	323.000
5994	322.600
6602	322.600
11210	322.700
138	324.000
690	323.700
1402	323.800
1670	323.300
630	325.800
5206	325.800
9454	325.100
3730	326.900
9970	326.700
12014	326.100
3814	327.200
7634	327.700
5374	328.800
11094	329.000
1938	329.800
6882	329.700
11362	329.900
7858	330.200
11050	335.100
11214	341.100
4834	343.700
3478	345.000
9382	344.500
2082	345.500
5106	345.300
2786	346.600
10086	346.800
3930	347.400
4078	347.100
9594	347.600
10014	347.100
1030	348.600
5194	348.800
5378	348.400
6878	348.500
8030	348.800
134	349.900
2578	349.800
7490	349.900
7706	349.800
11530	349.700
12102	349.100
2158	352.600
3794	353.300
4342	353.700
10222	354.000
2870	357.600
7990	358.600
402	359.900
2002	359.800
2074	359.100
3566	359.800
10250	359.600
782	360.500
6458	360.400
2510	361.700
5974	361.500
8310	361.600
9274	362.000
11114	361.600
830	362.600
1790	362.200
7002	362.100
7806	362.300
11418	362.600
11794	362.500
2982	363.200
4774	363.900
7130	363.200
378	364.600
4554	364.200
4674	364.200
9226	364.800
10238	364.300
11350	365.800
110	366.300
1618	369.500
3638	371.900
3730	371.700
9030	372.200
9290	373.800
166	374.900
5866	374.500
10654	374.100
2714	375.800
6746	375.400
10038	375.600
8694	376.400
622	377.400
2298	377.400
3998	377.100
4542	378.000
8366	377.100
9410	377.400
218	378.900
598	378.300
2466	378.500
3654	379.000
4126	378.500
4646	378.500
5310	378.700
11926	378.700
2434	379.100
5382	381.400
7078	383.000
10914	383.600
7902	384.500
5698	385.700
326	386.900
9206	386.300
9982	386.700
1886	387.600
2718	387.700
7674	387.600
9086	388.000
9830	387.300
938	388.400
954	388.400
1486	388.400
2222	388.600
3910	388.600
4274	388.800
4782	388.500
5306	388.500
6902	388.300
7574	389.000
8406	388.600
9046	388.100
9778	388.400
10962	388.600
12326	388.100
6630	389.700
8946	389.500
10562	389.100
11010	389.300
11562	389.500
414	392.800
7246	394.200
9598	395.000
3422	395.500
8986	395.500
130	396.100
1422	397.000
4074	396.400
6230	396.500
11390	396.400
230	397.400
9094	398.000
7530	399.000
12118	398.200
2386	400.600
1566	401.400
9210	401.100
5570	402.500
12230	402.900
810	403.300
2194	403.200
4230	403.900
6002	403.700
11742	403.500
6526	404.400
9106	406.000
11054	405.200
6894	408.000
6246	410.900
11006	411.000
4402	411.900
2866	412.400
7762	412.300
1598	413.100
7278	413.400
9098	414.800
6022	416.000
8134	415.500
282	416.700
4110	417.800
1798	418.600
5030	418.700
1426	422.600
1698	423.000
6718	423.200
11398	423.600
11470	423.900
2666	424.100
7054	424.900
8718	424.500
11278	424.900
2014	425.500
2262	425.500
10390	426.600
11946	426.100
4690	427.900
7802	427.100
8818	428.000
826	429.000
7482	428.400
9962	428.400
2878	429.900
3026	429.900
238	430.800
2374	430.100
9966	430.700
12338	430.600
4042	431.500
4714	431.500
7534	431.100
9198	431.200
9210	431.800
12306	431.400
6938	432.500
8014	432.400
8278	432.600
8690	432.900
5502	433.900
10522	433.100
490	435.100
10350	435.200
10670	435.100
10574	436.500
6270	438.900
4494	439.500
1722	440.500
9314	441.000
682	441.100
5674	441.300
8146	441.100
8850	441.900
9382	441.300
11618	441.800
11990	441.800
194	442.100
330	442.400
898	442.600
9438	442.100
9498	442.100
10342	442.200
2458	444.300
3066	446.400
5418	446.600
11510	446.600
1018	448.800
5610	448.700
10398	448.700
6210	449.200
6526	449.700
3510	450.300
11794	450.900
8702	451.200
6414	452.600
6806	452.100
4778	453.900
12446	453.500
1942	454.400
11298	454.100
11042	457.000
1030	457.800
2874	457.600
9090	457.600
3950	459.000
9422	458.500
10310	458.700
662	459.400
4406	459.500
342	461.900
2354	461.500
8758	461.300
12498	461.800
6	462.600
6866	462.400
9106	462.500
750	463.300
11798	463.200
5822	464.200
594	465.800
238	466.800
4966	467.000
8926	468.000
11986	467.200
1618	469.400
2554	470.100
2754	470.400
1046	472.000
10250	471.600
10642	471.100
11398	471.800
1606	472.100
5654	472.700
7198	472.300
7242	472.200
5770	474.100
7114	474.200
622	475.800
3314	475.100
10094	475.200
8854	476.800
1598	477.500
3406	478.300
7854	478.100
1146	479.800
1602	479.900
8062	479.200
4478	481.100
5114	481.700
11202	481.400
11806	481.800
1426	482.200
5642	482.800
11718	482.300
12342	482.400
4766	483.100
1058	485.700
10654	486.200
5042	488.700
6194	488.700
8906	488.600
10758	490.200
11986	491.100
1362	492.700
12306	492.400
4182	493.700
7022	493.100
8386	493.300
8402	493.800
526	494.400
1098	494.500
2390	494.400
2994	494.300
4218	494.300
2374	499.800
9654	499.800
7986	500.600
2970	501.100
7250	501.300
1318	502.600
2198	503.000
7086	502.500
8878	502.300
9822	502.600
11618	502.400
11846	502.700
2106	504.000
3658	503.200
3958	503.100
7550	503.400
7862	503.500
12002	503.500
5610	504.900
8366	504.900
1438	505.800
6106	505.900
170	506.800
4750	506.600
9526	506.200
4230	507.300
7646	507.600
9706	507.900
9802	507.300
10398	507.200
11590	507.700
1222	508.100
2226	508.400
5742	508.400
9146	508.600
9318	508.500
10014	508.600
11362	508.100
3454	509.300
7718	510.000
5106	510.300
5510	510.400
5626	510.500
6110	510.900
6598	510.100
5374	512.000
126	513.500
1902	513.900
8850	513.500
10298	513.500
1550	515.100
1286	519.800
2978	519.700
7322	519.100
8254	519.900
5238	521.200
6002	521.700
10146	523.700
11942	524.000
6046	524.600
1586	528.200
5738	528.400
1958	529.100
3254	529.700
6218	529.500
7726	529.100
9238	530.000
12102	529.800
18	530.900
1814	530.500
2862	530.900
4086	530.500
7082	530.800
7666	530.600
4354	531.100
5142	533.300
9026	533.600
1206	534.500
1302	534.100
1926	534.700
4990	534.500
7130	534.300
7994	534.300
10370	534.600
11822	534.200
3030	537.500
914	538.800
46	540.000
3202	539.100
9718	541.000
8798	542.000
4078	542.100
5642	542.600
2214	543.200
4402	544.000
4534	543.300
702	544.500
1186	544.300
3062	544.500
3106	544.400
3342	544.300
3718	544.700
5098	544.300
5866	544.700
7566	544.600
7742	544.700
8918	545.000
9590	544.600
414	545.400
454	545.300
646	545.500
810	545.800
2538	545.100
2842	545.700
3266	545.400
4906	545.800
7750	545.500
7918	545.800
8850	545.500
9646	546.000
9842	545.300
10294	545.200
10646	545.400
12450	546.000
6374	546.100
6982	546.100
7322	546.200
10130	546.300
1490	549.000
9170	550.500
7894	551.500
1058	552.100
1282	552.400
278	554.900
2998	554.800
4018	554.100
5222	554.400
8306	555.000
9510	554.700
2386	556.000
6010	555.500
10178	555.100
11642	555.500
12110	556.500
3274	558.100
6722	559.300
1994	560.700
7738	561.200
8930	561.100
10302	562.000
10466	562.000
1430	562.900
1514	562.500
1618	562.600
2862	562.600
3018	562.100
6718	562.600
9982	563.500
9838	564.900
10030	565.200
12482	566.000
4110	566.300
7874	566.100
10242	566.600
10722	566.400
5174	567.100
8690	567.400
4518	568.400
9706	568.600
2138	569.500
3766	569.600
9094	570.000
10882	569.800
3378	570.300
5446	570.900
12446	570.200
8090	573.800
454	574.200
6222	575.200
6890	575.800
7882	575.900
8218	575.400
9518	576.000
90	576.900
1150	576.900
5126	577.600
1126	578.200
4154	578.700
5302	578.400
5318	578.600
5694	578.100
6330	578.400
10662	578.200
11534	578.100
662	579.600
12174	579.400
6758	580.200
11574	581.000
178	581.200
6030	581.600
6458	581.800
7058	581.600
7322	581.200
7758	581.800
11806	582.300
4706	585.700
4486	586.500
5334	587.300
9046	587.500
490	588.800
7750	588.500
9718	588.900
1574	589.500
3358	590.300
5814	591.100
294	592.700
4074	593.600
1594	594.700
6486	594.800
12438	594.500
2198	595.300
8854	595.200
2682	597.200
3910	597.600
3930	600.000
10334	599.800
9022	600.800
12498	600.100
1014	601.400
4178	601.800
214	602.800
5058	602.500
11790	603.000
690	603.900
5998	603.600
1402	604.700
5482	604.700
7310	604.200
1914	606.400
10906	608.000
11498	607.600
12142	607.600
574	608.600
634	608.200
4042	608.200
8642	608.300
8858	608.700
2758	610.000
4910	609.500
6354	610.000
12006	609.300
246	610.400
2918	610.700
4582	610.200
6698	611.000
9498	611.400
11778	611.900
8686	612.800
10566	612.400
6270	613.300
11354	614.300
5386	616.300
8986	616.800
8230	617.100
2982	619.400
6694	620.000
7002	619.500
12470	619.500
2870	622.800
4226	622.900
5590	622.600
8202	622.700
9574	622.400
2558	623.700
2902	623.900
3922	624.000
5078	624.000
5614	623.200
8438	623.800
10974	623.500
902	624.100
4766	624.200
1046	626.000
11430	627.900
11190	629.700
4906	630.400
1534	631.500
3386	631.400
2014	632.100
7986	632.700
11606	633.000
12326	632.900
4346	633.100
5414	633.300
7574	633.700
11334	633.600
11642	633.500
1626	635.100
12406	636.400
2146	637.400
10770	637.300
2714	640.000
8974	640.100
8978	640.500
9902	640.800
330	642.000
678	641.500
3566	641.700
4458	641.800
6222	641.600
6678	641.200
10482	641.300
10574	642.000
862	642.100
7454	642.200
6418	644.300
218	646.100
8998	646.300
3274	647.700
4406	647.400
2138	648.700
2806	649.000
4894	648.400
8882	648.100
3126	649.700
11846	649.600
938	651.000
3510	650.500
11474	650.200
11946	650.500
5194	653.800
1302	654.900
1602	655.800
2226	655.300
3502	655.500
6062	655.200
9918	655.800
12046	655.700
12446	655.500
9602	656.800
10238	656.500
5042	657.600
5898	658.100
11226	660.000
4282	660.600
4606	660.500
4838	660.600
8982	660.800
10206	660.600
10350	660.200
9458	664.000
7634	664.900
4210	665.600
7290	665.300
5922	666.400
7078	666.400
10374	666.200
8618	667.700
5530	669.900
8762	669.500
7670	670.300
10146	670.300
4362	672.700
5838	673.400
602	674.700
5054	674.500
6058	674.500
5426	675.400
5742	676.000
6610	675.500
8990	676.000
9138	675.400
11666	675.400
9982	676.600
1742	677.100
8638	678.800
3482	679.800
2102	680.900
2374	681.000
4270	680.900
7182	680.400
10202	680.700
12418	680.600
12378	681.100
12414	681.300
5866	682.900
7478	684.700
5946	685.200
6746	685.600
8466	685.200
9166	686.000
794	686.500
5238	686.500
5778	686.700
5070	687.100
10038	687.200
10782	687.200
622	691.400
1426	691.900
230	693.900
8794	693.400
46	695.000
3422	695.000
6190	695.600
7810	695.400
10298	695.700
10690	695.500
11082	696.000
11086	695.800
4734	696.200
5446	696.300
9314	696.100
10702	698.100
3730	701.400
10902	702.100
2358	703.600
3674	704.200
5286	704.900
1286	705.300
3306	707.000
3278	707.500
4686	707.400
5138	707.400
4690	708.500
4838	708.200
4930	708.400
5726	708.200
7054	708.800
8030	708.500
8462	708.900
11174	709.100
2910	714.900
9282	715.600
9950	715.900
218	716.600
1490	716.400
5566	716.700
7938	717.000
8246	716.600
11974	717.400
1058	720.700
2786	721.000
1958	721.100
4202	721.400
9802	721.800
10006	722.000
10982	721.500
10718	726.300
562	727.400
1470	727.300
8954	727.600
12218	727.700
2950	728.300
4386	732.000
10158	732.800
3194	733.200
11282	733.300
3390	734.500
4926	735.100
9738	735.900
12286	736.000
3314	736.900
8342	736.200
1098	739.000
7398	738.900
9750	738.700
10370	738.800
6030	739.900
5694	740.500
1330	741.800
3498	741.400
3814	741.800
5842	741.900
5974	741.300
6730	741.100
6890	741.900
7322	741.400
9050	741.200
9086	741.500
9174	741.200
11690	741.400
54	746.000
4826	745.900
7718	745.700
9730	745.500
10426	745.500
4598	746.900
11186	746.700
11858	746.100
46	749.800
730	749.700
3510	750.000
890	751.000
8802	750.400
12278	750.800
3350	751.400
4906	752.000
9418	751.500
10542	751.500
11202	751.400
7378	752.200
10010	755.000
230	757.700
5610	757.900
3922	758.200
4870	758.900
8906	758.100
1586	759.600
6686	759.200
9526	759.900
10706	759.200
12134	759.200
11946	761.400
1802	763.000
3062	762.200
6350	763.700
11298	763.300
2542	764.200
6610	764.700
522	765.800
830	765.100
2714	766.900
5430	766.400
11654	766.200
686	767.400
1618	768.400
1938	768.900
11666	769.000
1574	769.400
5674	769.900
10206	769.900
10242	770.700
12250	770.800
12062	771.400
1886	774.700
11266	774.900
538	775.400
11830	775.200
11354	777.700
14	781.600
1438	782.700
4318	782.400
5550	782.200
8406	782.600
8794	782.100
9154	782.300
10034	783.000
2082	783.200
4882	783.400
10658	783.700
1722	784.400
3022	786.700
5922	786.600
8918	786.600
11586	787.000
1942	787.900
5114	787.700
3994	788.700
4958	788.700
5334	788.500
8738	788.600
5994	789.800
7334	789.500
8986	789.800
4102	790.300
6082	790.100
6846	790.400
7938	790.500
10502	790.400
1726	791.800
2662	791.200
4910	791.300
7842	791.100
10482	791.100
626	794.000
774	793.700
4010	793.700
9710	794.000
11890	793.600
1058	794.300
2970	794.900
5974	794.800
2874	796.000
4230	795.400
11358	796.000
914	796.900
1742	796.200
3950	796.300
7314	796.600
7454	796.300
8214	796.900
958	797.600
3026	797.400
4150	797.300
4754	797.400
4766	797.800
5006	797.900
9690	797.100
10190	797.100
2842	798.500
3198	798.300
3486	798.100
4354	799.000
7134	798.600
8694	798.500
8010	799.300
6686	801.400
2	802.500
1562	802.900
2994	802.100
3566	802.500
10522	803.000
6870	803.200
11130	803.300
5446	805.800
5738	806.200
2518	807.500
8674	807.300
11454	807.100
7854	810.300
10862	810.500
5530	811.900
7674	812.200
11138	812.100
11678	813.000
8126	813.900
4906	814.500
11010	814.500
5066	815.600
6470	815.700
9526	817.000
3074	817.600
6270	817.400
10878	817.800
2978	818.500
438	819.600
6146	820.700
6326	820.900
1090	821.800
2198	822.000
6906	822.600
3966	825.700
9394	826.000
2314	826.900
3886	826.300
4082	826.900
6106	826.500
8630	826.700
242	827.100
1318	827.300
7882	827.800
8218	827.100
11474	827.200
12450	827.200
11498	828.200
6610	830.600
12030	832.000
3502	832.500
326	834.000
5610	834.600
6878	834.100
2566	835.700
3030	836.000
6014	835.400
11358	835.900
3026	837.000
3310	836.100
3894	836.700
9050	836.800
9350	836.800
10310	836.700
11410	836.400
5302	837.800
6698	837.100
7490	837.300
8406	837.200
9226	838.000
10534	837.100
5462	838.700
7774	838.200
10482	838.100
9778	839.100
3058	840.300
7810	841.900
3798	842.800
178	843.800
7478	843.400
10194	843.800
10298	844.000
11206	843.400
12118	843.200
2178	844.600
6010	844.400
2398	845.100
1022	847.000
9466	847.000
374	848.000
5614	847.900
7118	847.400
11990	847.400
1970	848.900
4502	849.000
4370	849.900
5726	849.900
1226	850.400
3986	850.300
5386	850.300
7578	850.900
8230	850.200
9822	850.300
11430	851.000
12278	850.700
6314	851.800
9198	851.400
878	852.300
2422	853.500
3186	853.800
9746	853.500
10226	853.600
3046	854.400
4422	854.600
286	855.300
1726	855.800
5042	855.600
6778	855.600
4754	858.300
10574	858.400
3570	859.200
10702	859.500
4318	861.200
1606	863.600
5110	863.900
11790	863.600
12174	863.700
5306	864.200
10770	865.300
682	867.100
2662	868.800
5802	868.900
10010	868.400
662	870.000
3106	870.000
3514	870.600
7334	870.700
2186	873.700
3498	877.000
12414	876.600
10298	877.400
12214	877.200
10706	878.100
1010	881.800
8246	881.100
10350	882.600
4838	883.700
7378	883.500
12086	883.800
3286	884.900
7166	884.800
8742	884.600
9050	884.500
12158	884.700
9722	885.600
38	887.200
12326	888.800
974	889.400
6002	889.200
3358	890.900
3478	891.300
2382	893.000
7870	892.700
2194	893.200
2270	893.300
6310	893.200
2198	894.400
2478	894.200
3922	894.900
4394	894.800
4518	894.400
7226	894.800
7442	895.000
9374	894.800
10234	894.700
11130	894.900
490	896.000
5710	895.400
5778	895.800
6390	895.300
6418	895.100
7802	895.500
8850	895.500
11574	895.600
11874	895.900
2998	896.700
3822	896.500
4810	896.400
5182	896.500
5262	896.600
6426	896.500
8562	896.500
8702	896.700
10854	896.500
11254	897.100
11562	897.100
12394	900.100
6770	901.900
358	902.700
4354	902.500
8638	902.200
1266	903.600
1758	903.900
10490	903.900
810	904.700
878	904.200
2354	904.400
2498	904.500
3022	904.700
4494	904.100
4790	904.300
5446	904.500
7510	904.600
9342	904.600
238	905.700
3198	905.700
8606	907.900
2450	908.700
10186	909.000
10730	908.900
6430	909.500
7086	909.300
7882	909.800
8698	910.700
4526	911.700
8274	911.600
530	913.000
1470	912.400
2770	912.100
7002	912.400
12298	912.800
34	913.700
546	913.700
5626	913.400
9730	913.400
1618	914.300
4882	914.400
4094	915.500
8242	916.400
7706	918.400
12038	918.700
12234	918.500
8434	920.400
3062	922.500
1090	923.300
690	925.600
7854	926.300
8022	927.000
12410	926.200
4246	927.500
7090	927.200
2586	928.300
4386	928.500
5174	928.500
10002	928.300
1890	930.800
7578	930.900
5678	931.500
7070	931.400
498	933.000
1322	932.900
2230	932.700
4694	932.800
5698	932.800
6902	932.500
794	933.800
2410	933.800
3142	933.800
4066	933.800
8262	933.300
8450	933.100
902	934.800
1590	934.300
2138	934.500
2362	934.300
3334	935.000
3498	934.800
3674	934.600
5734	934.900
5994	934.300
6470	934.700
7098	934.600
7290	934.100
7890	934.100
7894	934.700
9670	934.400
12230	934.400
6	935.800
1438	935.200
4230	935.200
5530	935.300
5970	936.000
8934	935.200
8966	935.100
11822	935.200
8686	936.200
2662	937.900
5726	938.700
5550	940.900
10526	940.400
3570	942.500
4910	942.800
12118	942.500
2486	943.100
6226	943.800
7114	944.100
262	945.300
598	945.200
1302	946.000
5182	946.000
8366	945.900
10906	945.100
3974	946.600
7726	946.700
8270	946.900
754	948.000
2686	947.500
11478	948.000
1938	948.900
4270	948.100
12418	948.200
9490	949.100
5430	951.900
1018	952.600
1574	955.000
9414	954.400
2918	955.800
2	956.900
3958	956.200
5774	956.500
6794	956.300
8910	956.100
1866	957.100
2834	957.500
4362	957.200
5054	957.500
5498	957.700
5702	957.100
7550	958.000
690	958.900
3262	958.800
4082	958.100
5870	958.500
7310	958.600
10642	958.600
9250	959.800
11950	959.300
5846	961.000
10190	960.700
11714	960.100
1450	962.900
1006	964.000
12042	964.000
3518	964.200
9866	964.200
1606	966.800
5974	966.700
11650	966.200
12230	967.100
1758	969.700
1942	970.000
10206	969.300
12306	969.400
7870	970.500
7914	971.900
6	973.900
6770	973.900
9194	973.500
2250	975.100
5674	975.900
12030	976.900
7130	979.200
10050	979.900
2402	980.300
214	981.600
2262	982.600
2994	982.400
3730	983.000
4502	983.600
5030	983.100
406	984.700
8618	985.700
950	987.400
1706	987.400
8498	987.100
234	988.100
538	988.900
2546	990.000
8314	989.400
7398	990.400
8822	990.300
3566	991.900
3946	993.600
4402	994.000
7182	993.100
8174	993.300
2898	995.000
4674	994.200
4834	994.100
6294	995.000
8202	994.800
710	995.700
5590	995.100
5938	995.600
6802	996.000
9766	995.400
9938	995.600
9962	995.200
10490	995.200
4990	996.200
7994	996.800
10382	996.900
1618	997.200
3950	997.400
7022	997.400
9646	997.700
2754	998.600
4434	998.500
5198	998.600
5230	999.000
5470	998.900
7090	998.400
8946	999.000
9238	998.800
11294	998.400
11498	998.700
2902	999.200
4414	999.400
8002	999.800
9782	999.600
