# NEST version: 3.6.0
# RecordingBackendASCII version: 2
sender	time_ms
637	160.500
1861	160.400
8073	160.700
8565	160.100
189	161.800
221	161.600
661	162.000
1109	161.200
2325	161.600
2685	161.800
3065	161.600
5401	161.800
5557	161.500
6041	161.800
6097	161.700
6569	161.600
6721	162.000
8601	161.600
10229	161.500
10821	162.000
11365	161.500
11953	161.800
1357	162.700
3593	162.800
3745	162.800
9165	162.100
11965	162.400
6789	163.800
3397	164.900
10045	164.100
10213	165.900
277	168.000
2497	170.000
2709	169.100
5977	169.100
7421	169.600
10413	170.000
5645	170.600
8149	170.400
10305	170.200
2345	172.000
5537	171.200
6129	171.700
769	172.700
5909	172.100
7445	172.900
9445	172.600
10409	172.900
9333	173.400
12465	173.200
6213	175.700
9289	175.300
11429	176.600
1433	177.600
4233	177.300
597	179.600
2509	179.800
4381	180.600
6637	180.800
8853	180.700
513	181.100
2805	181.700
5233	181.800
857	182.200
3501	182.300
2173	183.700
10345	183.100
10349	183.300
11981	183.800
12201	183.100
5509	185.300
4293	188.200
4977	188.400
3889	190.300
2077	191.600
5117	191.300
2317	193.000
2501	192.600
2781	193.000
3005	192.200
3765	192.600
9681	192.700
9737	192.500
6765	193.500
7725	193.400
7941	193.800
10261	193.900
10429	193.500
11713	193.900
877	194.100
4849	194.400
6949	194.100
4541	195.100
4857	195.900
5729	195.700
5893	197.600
8429	197.100
8809	197.900
5237	198.200
6961	198.100
12021	198.400
1389	199.200
2533	199.500
9457	199.900
1673	200.300
2273	200.500
2429	200.400
3581	200.200
5797	200.700
7005	200.500
10001	200.600
1253	201.200
1573	201.100
2057	201.400
4345	201.200
5325	201.700
6273	201.500
6545	201.400
10093	201.800
11845	201.100
573	202.600
2969	202.800
4181	202.700
6769	202.500
10209	202.900
4605	203.500
7557	203.700
3073	206.000
7473	205.800
3057	206.600
3065	206.300
9441	206.700
10509	206.800
1005	207.500
2017	207.600
5073	208.000
9145	207.500
11813	207.600
12233	208.100
2221	212.600
6581	212.700
12449	213.000
7449	213.700
8301	216.000
1377	216.900
4913	216.100
1865	218.000
8857	218.000
10325	217.800
11765	217.400
317	218.500
2289	218.800
7461	218.100
8969	219.000
12297	218.500
2601	221.800
12265	221.600
4545	224.700
5681	224.900
5829	225.000
9929	224.500
11925	225.000
841	225.900
1981	225.100
5301	225.800
6401	225.500
7045	225.600
8133	225.900
8973	225.600
11345	225.200
11609	225.200
11717	225.700
3505	228.100
2153	229.500
8805	229.700
741	231.700
9025	231.500
133	232.800
4537	232.200
9665	233.000
1209	233.300
5061	233.900
12301	233.600
9449	234.200
10725	236.800
1833	238.000
9561	237.600
7257	238.800
7669	239.000
4053	240.200
3161	241.300
6433	241.100
7137	242.900
7505	243.700
8369	243.600
10125	243.200
11361	243.500
2681	244.300
5317	244.600
4473	245.100
857	246.600
2657	246.500
7617	246.200
9225	246.300
2341	247.900
3913	247.300
4877	247.400
5617	247.500
9453	248.900
9441	249.700
2749	250.200
6845	250.300
7325	251.100
7465	251.600
7761	251.900
3461	252.700
5281	252.100
7253	252.100
9305	252.300
3257	253.700
7117	253.700
7797	253.600
8965	253.800
9089	253.100
10785	253.100
3949	254.900
6865	255.000
469	255.300
4189	256.000
8145	255.100
11529	255.100
7141	256.600
8437	257.900
6509	258.500
10053	258.200
8669	259.600
2205	260.200
9825	260.300
1777	261.200
8449	261.500
9025	262.000
9213	261.800
12041	261.300
5045	263.000
8097	262.800
12037	262.500
725	263.300
3357	263.800
5025	263.400
6441	263.900
10141	263.400
2097	266.200
1117	267.900
1721	267.400
6885	267.200
9629	267.300
12189	267.800
201	268.500
445	268.700
537	268.700
1045	268.700
3077	268.400
3237	268.200
7341	268.600
8229	268.800
8273	268.700
10993	268.600
2341	269.200
2401	269.700
2517	269.500
4029	269.400
9349	269.200
11925	269.100
1457	270.400
7017	272.000
6233	272.800
7713	272.400
9457	272.900
9881	272.600
10597	272.900
3057	273.700
12361	273.400
10117	276.000
1265	277.000
3101	277.700
1601	279.600
7889	279.800
8413	279.800
797	280.400
2985	280.100
3405	280.700
5237	280.900
8545	280.800
85	281.100
6617	281.500
7265	281.300
6521	283.800
8201	283.700
12025	284.800
9149	287.700
7209	289.600
7605	289.700
7949	290.100
7525	292.200
9261	292.700
6941	293.400
11629	293.100
11749	295.100
4305	297.900
4977	298.000
3337	298.500
10365	298.600
12425	298.700
10425	299.100
145	301.800
10513	301.200
1845	303.100
997	304.600
11453	305.000
3785	305.700
11089	305.600
11517	305.800
289	306.100
6449	308.400
6533	309.000
10969	308.400
5565	309.200
10129	309.100
2549	310.900
1701	313.000
12093	312.900
2221	313.800
3277	314.300
3593	314.700
825	315.700
3293	315.700
7153	315.800
8189	315.500
3285	316.500
8417	316.200
9537	316.500
12081	316.900
12113	316.700
10289	317.600
1229	318.300
493	320.000
3249	319.400
10933	319.600
1893	320.400
2597	320.300
10117	322.000
7445	322.900
9649	322.900
12069	324.100
8081	325.200
3397	326.700
3693	327.000
9505	326.400
5545	327.600
7873	327.400
6453	331.000
9185	330.800
9285	330.500
893	333.000
3381	332.500
4113	332.700
2037	333.100
8165	333.300
6733	334.300
3565	337.000
7893	336.900
2685	337.800
4081	337.900
5213	337.600
8793	338.000
6669	338.400
69	339.800
4789	339.700
9641	339.200
9833	339.400
11345	339.400
773	340.600
2017	340.500
4233	340.800
7145	340.200
8301	340.800
8897	340.700
10269	340.200
12269	340.700
2085	341.400
3909	347.800
5669	347.800
7009	347.400
7293	347.200
1157	348.700
7693	348.600
9597	348.600
637	349.400
11977	349.200
453	353.700
2181	354.200
6277	355.600
6373	355.100
11153	355.300
7273	356.100
2417	357.100
5525	358.300
7401	358.500
1189	359.800
11841	359.800
11957	359.100
6181	360.400
8309	360.600
8625	360.800
4457	361.300
349	362.700
5405	362.900
5765	362.300
7121	362.600
10121	362.900
11101	362.400
245	363.200
4257	364.000
7161	363.100
1841	364.300
10241	364.700
11169	364.700
4725	366.600
9337	366.300
9441	366.700
2225	367.400
3621	367.300
4641	367.600
6321	367.500
9765	367.600
9825	367.800
1741	368.700
1849	368.300
3745	369.000
4629	368.600
6385	368.600
741	369.800
5613	369.400
10093	370.000
10885	369.400
11805	369.300
1581	374.500
8385	374.400
1649	375.700
4197	375.800
1633	376.700
9445	376.200
1141	377.900
1881	378.000
11041	377.600
11517	377.100
6417	378.600
9209	379.800
1089	380.700
6677	381.700
8957	381.700
1353	383.000
6133	382.800
809	386.900
2017	386.800
7177	386.200
8817	386.600
4785	387.700
8197	387.500
10837	387.200
6925	389.000
8281	388.600
4645	390.000
12221	389.200
9785	390.300
5825	391.900
7829	391.600
12105	391.600
2741	393.000
4809	392.200
5493	392.800
7261	392.800
1637	393.300
61	394.400
2493	394.900
4281	394.200
10545	394.200
9309	395.900
2669	396.200
2989	396.400
6321	396.400
8313	396.400
11729	396.200
9481	397.100
9721	397.200
1577	398.300
3765	398.400
9921	398.400
6441	399.300
1197	400.500
1553	402.000
4465	401.400
6393	402.000
6733	401.500
11701	401.500
1265	402.300
9421	402.900
10437	402.300
4489	403.900
5985	404.600
11105	405.400
7413	408.000
7553	408.000
6189	408.100
3161	410.000
5133	409.800
10373	409.800
3145	410.600
3393	410.600
5965	410.700
8525	411.000
8725	410.600
8873	410.800
9865	410.300
9933	410.700
977	411.200
12113	412.600
9673	415.000
11333	416.000
2701	416.600
4501	416.600
7537	416.300
7033	417.600
9181	417.500
10665	417.400
9593	418.200
6805	420.600
1381	422.400
2357	422.500
3793	422.200
7745	423.000
7873	422.400
2257	423.400
8361	423.100
9573	423.100
9761	423.200
4633	425.900
4981	426.900
8161	426.500
1993	427.900
8305	427.300
7245	428.400
7865	428.800
10121	428.500
10901	428.200
1009	429.400
3373	430.000
12145	429.100
11297	430.500
341	432.000
6009	431.900
9829	431.300
1057	432.900
9745	433.000
11085	432.300
12265	432.700
12305	432.900
3813	433.200
10789	434.100
5857	435.400
8041	436.600
5321	437.400
5741	437.800
5921	438.000
7981	437.400
2313	438.500
4445	438.700
9361	438.500
10837	438.500
1045	439.500
12057	440.000
12181	439.500
2773	441.000
4321	440.200
1349	444.700
705	445.900
7741	445.100
9325	445.200
3369	446.300
5493	446.900
7665	446.700
11453	446.300
1273	447.300
6545	447.800
8329	447.300
12133	447.900
589	448.400
2557	448.300
6053	448.400
7409	448.900
4397	449.400
3861	450.900
1285	452.400
2797	452.500
8033	452.500
10073	452.800
2725	453.400
2869	453.700
2921	453.500
5809	453.600
7301	453.700
10485	453.600
3257	454.500
9709	454.900
3085	455.300
12173	455.700
1157	456.300
4861	456.100
7125	457.200
7681	457.200
12445	457.900
11753	458.500
2577	459.500
11277	462.900
1909	463.200
8865	463.800
3329	464.700
7825	464.500
3969	465.200
9157	466.900
9917	467.500
8653	468.700
10273	468.600
11625	468.400
2901	469.800
7453	469.400
10445	469.100
5629	473.800
10289	473.900
3197	474.400
2321	475.900
2533	476.000
8133	475.400
2813	477.900
7645	477.400
11585	477.300
5425	479.500
13	480.700
6001	480.800
1921	482.000
5633	481.400
8249	481.400
10497	481.900
10157	482.100
1945	484.700
2877	484.400
3629	485.200
6793	486.000
8897	485.900
4821	487.000
5285	486.200
7605	486.500
12449	486.400
6945	489.600
7797	491.000
1905	491.200
5753	491.500
6273	491.500
10749	491.100
537	492.400
2401	493.000
6737	492.300
10681	493.800
12029	494.000
3085	494.600
1469	496.800
8661	496.400
9209	496.700
8657	497.800
9129	497.300
3625	498.400
9421	500.000
10385	499.900
3685	500.100
981	503.900
10529	503.100
6637	505.300
8593	506.000
10077	505.700
10141	506.000
2353	506.200
4745	507.700
6725	507.100
11569	507.200
11961	507.700
12341	507.100
1601	508.600
10089	510.300
12233	514.300
4141	516.200
4957	517.200
5809	517.300
6249	517.800
7013	517.200
12261	517.800
3161	519.000
4489	518.900
5501	518.600
11625	518.200
5469	519.500
10885	519.700
10845	522.100
2753	525.400
2321	526.800
8477	526.400
6521	527.300
7537	529.000
8913	529.200
10149	529.400
12329	529.200
2645	530.700
1077	531.600
5049	531.900
6141	531.100
6049	533.000
7253	532.500
2833	534.100
3233	534.200
4321	534.400
5305	535.200
3017	536.900
3217	536.600
9765	536.600
11165	536.500
12077	536.900
881	537.400
9037	537.100
12197	537.100
2745	540.800
10289	540.800
11293	540.800
3413	541.700
6029	541.400
8825	541.200
11745	541.100
7233	543.900
4793	544.400
6853	544.700
3605	545.200
7349	545.700
7697	545.100
7905	545.800
12241	546.000
5513	546.100
8765	546.500
9489	546.700
9497	546.600
1941	547.200
6301	547.600
9701	547.900
8557	549.000
2297	549.200
2457	549.800
5853	549.500
6373	549.100
7745	549.400
8025	549.600
7057	550.900
8081	550.700
8853	550.400
10217	551.900
7913	552.100
337	553.200
829	553.700
7277	553.700
3385	554.800
5885	554.800
7517	554.400
401	555.100
9933	555.900
11105	555.900
11225	555.800
4621	556.100
5441	556.400
9861	556.100
4293	557.400
4465	557.500
10133	558.000
369	558.500
6681	559.900
3713	560.800
4333	560.300
4605	561.600
8837	561.400
10389	561.400
10433	561.400
11345	561.800
12361	561.900
2725	562.200
4925	562.200
9261	562.300
6877	565.100
11773	566.900
11737	567.600
5385	568.200
6709	568.400
1529	571.800
801	572.800
1317	572.900
11281	572.800
3525	573.700
12113	573.900
2369	574.400
2541	574.300
3633	574.800
3981	574.300
4729	574.600
5253	574.900
6117	574.400
8473	574.300
5509	575.500
6193	575.400
7817	575.600
10541	576.000
137	576.300
3681	576.300
5845	576.800
537	579.400
3861	579.800
4553	579.800
5585	579.700
7653	579.900
10257	579.300
2781	583.400
7341	583.800
2521	586.600
3297	587.200
3941	587.100
4821	587.700
4941	587.600
9265	587.500
505	588.600
4117	588.700
4505	588.200
10173	588.100
10357	588.200
2973	589.100
1213	592.500
3185	592.600
9825	592.900
10129	592.500
5065	593.200
5989	593.300
9885	593.100
11665	593.600
4393	594.400
4693	594.300
6597	594.200
9021	594.200
7285	595.200
5	597.400
6325	597.400
365	598.200
7961	600.100
8829	600.800
12001	601.900
3249	602.300
6993	602.600
9477	603.000
489	604.000
3065	603.900
4713	603.100
1741	604.900
2173	604.300
4585	605.900
6229	605.400
1393	607.000
3889	606.500
5209	606.800
8973	606.100
1721	607.100
1621	608.400
4417	608.600
7485	608.700
201	610.000
833	609.700
3421	609.100
4965	610.000
6537	609.800
3777	610.300
1969	611.800
5657	611.100
6213	611.800
7565	611.400
9181	611.100
11121	611.200
12057	611.500
925	612.400
3817	612.300
5673	612.200
6065	612.100
7421	612.500
8877	612.100
9941	612.100
10489	612.200
11241	612.300
11657	612.100
6413	619.500
12405	619.900
2801	620.100
4113	620.200
4929	624.000
8181	623.100
12089	623.600
10189	624.500
313	626.400
2517	627.200
8965	627.100
1885	628.400
5565	628.200
2253	629.900
12325	629.400
465	631.000
2217	630.200
6901	630.500
7769	631.800
10497	632.800
10745	632.900
11141	632.900
561	633.900
4357	633.700
7069	633.700
10293	633.700
5141	636.600
11477	637.700
5737	638.500
2773	639.300
6469	639.100
10877	639.700
2161	641.000
7617	641.300
1781	642.100
11153	642.600
6865	643.400
2825	644.200
6313	645.000
7093	644.900
9593	644.600
11429	644.100
3321	646.000
3449	646.000
233	646.300
2477	646.700
11925	646.700
11069	650.700
1489	651.200
1977	652.800
2501	652.700
12441	652.400
3517	653.200
6457	653.300
765	654.800
1081	654.900
3473	654.500
9421	654.400
2449	655.200
2649	655.900
3221	655.900
6201	655.500
3593	656.400
3605	656.600
7197	656.200
9237	656.900
149	658.000
3025	657.100
5969	657.400
8061	657.900
8117	657.100
3409	658.900
3533	658.800
3669	659.000
3897	658.300
7169	658.600
8021	658.200
10117	658.800
69	659.300
1509	659.700
4441	659.500
6677	659.900
7637	659.300
7809	659.600
7929	659.600
2937	660.700
3257	660.800
5025	660.900
8381	660.400
10221	660.200
10509	660.600
1637	661.200
7801	661.100
9161	661.400
1729	664.000
11125	664.100
1737	666.400
12061	667.500
2113	668.200
3013	668.900
8185	668.700
9141	670.000
9605	669.600
1573	671.100
10361	671.800
589	672.500
1941	672.500
7493	672.600
8233	672.200
11709	673.500
7081	674.600
11105	674.400
9677	678.000
10829	677.700
5313	678.500
7149	678.200
681	679.500
6985	681.000
8397	680.900
10777	681.000
7053	682.500
1541	683.700
8105	685.800
9333	685.300
11517	685.400
9889	690.700
11949	690.800
1209	691.600
11377	692.000
11553	691.300
11849	691.200
289	694.100
5449	695.500
9737	696.200
1705	697.100
2765	697.700
3337	697.500
11801	697.700
1561	698.800
3149	698.700
4077	698.400
9005	698.100
11229	698.800
12469	698.300
281	700.800
9521	701.600
9857	701.500
9233	703.700
3185	704.300
5121	704.200
10033	704.500
11617	704.100
3061	705.600
3613	705.700
2885	707.000
3957	708.300
5033	708.300
6461	708.300
3241	709.800
4553	709.400
7113	709.500
3685	710.800
7297	710.800
7397	710.100
8785	710.100
9753	710.500
61	712.000
3773	711.900
4405	711.100
6945	711.500
8441	711.900
11953	711.300
12385	712.000
2429	712.100
10373	713.100
11901	714.000
4893	714.500
7245	714.200
9241	715.700
1721	718.000
9877	717.800
7593	718.900
81	719.100
11537	719.800
10881	720.400
5193	723.200
8329	723.900
9325	723.200
2829	724.900
7893	724.400
12037	724.700
6909	725.200
6637	727.600
6889	729.900
3953	732.000
12365	731.700
5369	732.700
6841	733.000
6793	734.000
8877	733.100
1881	736.800
7745	736.900
8393	736.700
11753	736.400
1565	737.400
2305	737.800
1141	738.500
3889	738.100
6393	738.500
6925	738.500
7029	738.800
7469	738.300
11173	738.800
1801	739.500
3541	739.900
3641	739.100
7289	739.600
8737	739.200
10453	739.700
4481	740.700
10529	740.300
12345	740.400
321	743.400
4953	743.300
7017	743.400
9865	743.800
6481	744.700
641	745.600
3529	745.600
9377	745.700
11553	745.100
1185	747.600
6541	747.900
8057	747.900
11649	747.800
5505	749.400
5561	751.300
9801	751.800
6621	752.300
8053	753.000
8273	752.800
9693	752.500
941	753.800
9897	753.300
3753	754.200
8633	756.400
9241	756.700
7557	757.700
8397	757.300
8837	757.700
2597	758.700
4461	758.500
4553	758.500
3917	761.100
12161	762.600
5533	764.600
9909	764.100
1629	765.400
3077	767.500
4809	767.700
9425	767.700
3649	768.700
8881	768.700
9857	768.800
10445	768.900
669	769.700
2613	769.400
3633	769.200
7213	769.300
269	770.500
3781	770.600
11009	770.800
393	771.800
817	772.500
11185	772.500
1977	773.100
2181	774.300
957	775.300
2757	775.100
3413	775.500
9265	775.600
9901	775.500
6565	776.900
6185	777.900
7925	777.900
8449	777.500
12225	777.500
6733	778.100
7173	780.000
8221	779.700
1841	780.500
9405	781.500
10389	782.500
12325	783.000
6249	783.100
4649	784.300
6293	785.200
8121	785.400
8329	786.000
11077	785.900
2645	794.200
573	795.600
1025	795.600
5189	795.200
2317	796.700
5213	796.500
8721	796.700
11569	796.700
2709	797.700
4097	797.800
5701	797.800
7273	797.500
8081	797.100
9913	797.500
10017	797.600
11697	797.500
4909	801.400
9285	801.500
4125	802.800
2893	803.400
8305	803.200
8945	804.000
4213	805.000
241	807.200
2325	807.600
5589	808.600
8873	808.100
2061	810.000
3197	809.300
3217	810.000
2469	810.500
4049	810.200
4289	810.100
7505	810.500
113	811.900
1577	811.100
3925	811.600
4761	812.000
6285	811.800
1525	812.600
4409	812.400
5501	812.900
6281	812.700
8593	812.200
8905	812.200
9009	812.600
789	813.200
4997	813.700
10321	817.100
3209	818.600
5073	818.900
9161	818.800
117	820.000
485	819.100
541	819.600
10897	819.800
11813	819.200
12165	819.400
9601	820.500
12241	820.100
4541	822.900
10801	822.400
11341	825.300
7669	826.900
165	827.200
8069	827.600
5797	829.400
9193	829.600
509	830.400
4237	830.300
5577	830.100
5985	830.400
6177	830.400
10461	830.200
11989	830.300
4693	831.700
10477	833.100
3149	835.000
7653	834.700
8753	834.900
1921	835.100
2477	835.900
3765	835.500
10497	835.400
12101	835.700
3669	836.100
1633	838.900
593	842.000
709	841.300
4969	842.200
6233	842.100
7057	842.600
9885	842.400
5829	843.700
569	845.300
2129	845.300
6481	845.600
12197	846.000
10513	846.900
12133	846.300
3269	847.100
8277	847.200
641	849.100
12445	849.200
6237	853.800
1121	854.900
8149	854.700
10237	854.900
12461	854.500
5061	856.900
6465	856.900
949	858.900
3009	858.800
4169	858.900
10153	858.100
2881	859.400
11681	859.800
1389	861.900
481	862.300
1501	862.700
2485	862.200
8533	863.000
10745	862.900
4141	865.400
5621	865.100
11837	865.200
12161	865.800
4497	866.500
12013	866.300
2457	867.200
7337	867.700
217	868.900
5185	868.900
5709	869.300
7597	869.300
525	870.800
2669	870.200
6637	871.000
4117	872.500
4189	872.700
8773	873.000
2949	873.900
3681	873.600
4361	873.300
7197	873.200
11397	873.700
11657	873.800
6813	874.600
7473	874.900
7929	875.000
5601	875.800
10557	875.400
5201	878.000
1933	879.300
5669	879.500
6577	882.900
1305	883.400
1957	883.700
8077	885.000
321	885.200
10365	885.400
12021	885.900
905	886.100
3069	886.800
6969	886.100
9161	888.400
4605	890.900
9997	890.100
181	891.900
4389	891.600
7633	891.100
12353	892.000
629	892.200
4985	892.400
11861	894.600
1277	895.500
5917	895.400
9021	895.700
5265	897.800
12149	897.600
6361	898.100
8397	899.600
4353	900.900
6005	901.800
7829	901.100
10589	901.900
4333	902.300
9317	902.600
10637	902.500
33	904.300
1001	905.600
5933	905.700
7705	905.800
757	906.400
2777	906.900
3249	906.100
4217	906.100
8289	906.100
12021	907.000
2677	907.700
4289	907.400
8205	907.100
10645	907.200
11061	907.100
5541	908.500
1257	909.400
8373	909.500
4577	910.800
4433	911.700
6341	911.600
3625	913.300
7909	913.700
11805	913.600
2133	915.500
7209	915.900
3833	916.600
4701	916.700
1297	917.700
9797	917.800
10921	917.400
12381	917.900
3097	918.300
4229	918.300
4633	918.300
12073	918.300
4065	921.900
12353	921.700
12181	922.700
6329	925.000
9561	925.600
2309	926.200
4705	926.300
6761	926.300
8945	926.100
3309	927.800
5893	927.300
6933	927.900
7845	927.100
8649	927.200
9445	927.100
10181	927.800
37	928.600
1729	928.600
3121	928.200
4381	928.300
7501	928.100
8349	928.200
9669	929.000
11269	928.100
11457	929.000
11629	928.600
6565	929.100
12061	929.500
1973	930.500
9901	930.100
1149	931.900
3521	931.300
1017	932.800
6813	932.500
6937	932.500
8409	932.900
6117	933.400
10657	934.800
3957	935.700
4333	935.300
397	938.000
3169	937.400
7109	938.100
11977	938.100
5545	941.000
2037	942.000
5445	942.200
10525	943.000
993	943.900
3909	943.600
7133	943.300
7257	943.700
9125	943.600
5941	945.900
6793	946.500
9673	948.700
2049	949.200
2901	949.300
6981	950.900
9293	950.600
1001	951.900
3253	951.600
7225	951.700
10757	951.900
1073	952.400
1353	953.000
10449	952.500
8197	954.900
6797	955.900
1193	956.400
2537	957.600
6653	957.600
1529	958.500
3861	959.000
5305	958.800
5317	958.100
10013	958.300
11045	958.700
9869	959.100
9909	959.900
1181	961.600
1665	961.500
3513	961.500
5417	961.800
65	963.000
6001	962.700
1221	964.000
8813	963.400
1689	964.100
7853	964.600
9105	964.300
10157	964.200
2089	965.800
6801	965.200
2649	966.200
8441	967.000
9013	967.200
11077	967.400
1749	968.900
2681	968.400
1773	970.700
5965	970.500
6913	970.300
3173	971.500
3821	972.000
5201	971.300
8905	971.100
11157	971.400
6217	972.100
7253	972.900
11905	972.500
4205	973.200
4297	973.500
5913	974.000
6881	974.200
12405	974.300
3461	976.000
7869	976.000
9309	975.200
4845	977.000
4965	977.200
8221	978.700
9973	978.500
10273	978.700
12013	978.700
2949	979.600
3009	979.200
8209	979.500
11645	979.400
1929	982.000
5249	983.900
9573	983.800
489	985.100
657	986.800
4785	986.900
11005	986.200
225	987.900
9017	988.400
6149	990.600
3177	991.600
4809	991.300
11805	991.500
12381	991.700
981	992.800
2769	992.200
9577	992.300
10073	992.800
2941	993.300
6925	994.200
10821	995.000
11469	994.700
1209	995.100
3613	995.900
6577	995.400
6589	995.400
10933	995.200
665	996.200
1985	997.000
3665	997.700
8681	997.200
4297	998.800
9989	999.000
4153	999.300
