# NEST version: 3.6.0
# RecordingBackendASCII version: 2
sender	time_ms
349	157.700
11261	158.900
6005	159.600
6357	160.000
1805	160.200
8921	160.500
6101	162.900
11229	162.600
825	163.500
6329	163.300
5733	164.300
5213	165.300
11837	167.000
2733	167.900
4389	167.100
7013	167.800
8353	167.600
409	168.400
2117	170.200
2485	170.600
4665	170.500
9813	170.600
7925	171.800
11525	172.900
11829	172.800
1989	179.600
133	181.000
9529	181.400
469	183.000
8229	182.300
11793	184.500
5321	185.500
10653	185.300
9929	187.500
11445	187.900
377	190.300
6777	190.800
7049	191.300
7417	191.500
8001	191.800
10157	191.500
5865	192.300
6945	192.800
8477	192.100
9261	192.400
10793	193.400
2565	195.500
7221	196.700
8577	196.700
9121	203.400
10933	203.700
597	206.200
11877	207.300
6401	211.600
9409	211.400
2853	212.400
5293	212.700
8081	212.800
11169	212.600
3133	213.400
8329	213.500
10289	213.300
10637	213.800
3645	215.100
5409	215.200
7965	217.500
5265	220.300
1933	221.900
12273	221.800
4329	222.500
6477	222.100
1281	224.800
1633	224.800
7425	224.900
11233	224.800
2129	225.500
5785	225.400
6809	227.500
6893	227.200
8105	227.700
11409	227.400
9793	228.600
12161	228.600
3137	229.500
8085	229.100
9269	229.100
9689	229.200
213	230.300
457	230.800
985	230.600
1821	230.100
9493	230.400
9665	230.100
3589	231.300
4097	231.500
5573	231.400
6597	231.300
7145	231.700
8817	231.800
10117	231.200
11397	231.600
665	232.600
781	232.500
1045	232.200
1961	232.600
4057	232.400
5465	232.300
9553	232.100
11765	232.500
12321	232.200
2717	240.400
2985	241.900
3241	241.700
5585	242.900
7077	243.100
4277	245.800
4677	245.800
6765	245.500
5229	246.100
5697	246.700
6493	246.200
9389	246.400
10153	246.600
1153	247.100
1689	247.200
1977	247.300
2249	247.700
3901	247.100
7297	247.400
8225	247.100
8265	247.700
9177	247.500
9453	247.100
11993	247.100
2001	248.200
6713	248.500
10129	248.100
12049	248.100
7825	250.600
8317	252.200
8593	252.900
4909	253.100
2541	256.000
3573	255.400
5653	255.300
7113	255.400
2757	256.600
6165	257.300
6621	258.900
11001	259.200
10049	262.700
3857	263.200
10973	263.300
8517	266.500
5725	267.900
1089	269.300
5893	270.000
6681	269.100
7297	269.400
9333	270.000
9745	269.900
12389	269.300
1665	270.500
1913	270.400
2801	270.100
2817	270.100
7689	271.000
8509	270.300
11061	271.000
6913	279.700
5141	282.600
12173	282.600
913	283.800
3589	286.700
10089	288.300
9721	290.900
2785	291.300
6125	291.500
6813	291.900
7405	291.900
11541	291.500
2253	299.700
4069	300.800
4249	303.000
5509	302.500
9053	302.300
5161	303.600
11741	303.400
11621	305.400
9185	306.300
10485	306.100
11529	306.700
12161	310.900
377	312.900
665	312.200
5237	313.700
10029	313.600
11541	313.500
4333	314.300
6541	317.700
12377	320.100
349	321.700
12233	323.500
11713	327.700
7665	329.000
6769	331.400
10297	333.200
12193	334.100
7557	342.000
9449	341.400
2633	342.600
10129	342.600
7113	348.000
7717	347.600
797	348.800
5509	348.100
5837	348.900
10877	348.700
4341	349.400
913	352.600
3481	352.100
6493	353.000
7221	353.600
8573	353.800
10221	353.700
2789	355.000
11541	354.400
11869	354.800
11877	354.200
4985	355.100
8941	355.500
5705	357.000
2813	358.200
12213	361.400
6305	364.000
681	364.100
4825	366.900
10145	366.600
377	367.200
9517	367.600
2593	368.200
2853	368.500
8373	368.900
3657	371.900
8621	372.900
8929	372.600
11253	372.200
1073	375.600
2209	376.600
7277	376.700
9813	377.800
4113	378.400
7997	378.700
9585	378.400
10053	379.400
10893	379.400
4625	380.400
12013	380.200
2045	386.100
10913	386.500
10049	392.100
8737	394.200
2937	395.100
10181	395.400
4493	396.300
10545	396.300
1805	397.200
11869	397.600
6901	398.400
3105	399.800
8333	399.600
9573	399.500
1937	400.700
3681	400.600
7093	400.400
9165	400.600
9897	400.800
10257	400.100
8453	401.200
3077	403.000
3169	402.500
505	403.800
3441	403.400
4801	403.800
5865	403.300
8393	403.100
1097	404.300
7393	405.300
10237	409.700
3757	415.000
10241	414.400
3253	417.900
6357	417.600
7397	418.000
9477	417.200
3813	418.300
5145	418.100
5405	418.100
3917	419.300
6289	424.000
7009	423.200
8181	424.000
2749	424.600
4273	425.600
9705	425.300
1013	427.900
6545	427.400
4777	438.000
1101	439.900
9317	439.700
65	440.900
4137	440.500
7285	440.300
533	441.700
2669	441.900
4057	441.900
8153	442.000
1713	443.000
2349	442.800
2589	442.600
5965	442.900
7357	442.900
11477	442.600
12457	443.000
7913	443.100
8517	443.400
8533	443.500
10297	443.800
12301	443.300
3193	450.000
3941	452.500
5281	453.200
597	454.200
4221	454.700
6269	454.100
7913	454.300
8845	454.900
2061	455.100
8673	455.100
837	462.600
8929	463.600
2457	465.700
12257	465.300
177	468.700
5641	468.100
5965	469.400
11753	469.300
3913	470.400
10801	472.600
8581	475.800
7421	476.100
6505	478.900
2389	479.100
7273	479.900
5333	480.900
5737	480.100
401	481.800
6617	481.200
7485	481.800
12321	481.400
5765	482.400
9481	485.000
8249	489.600
4645	491.000
1569	491.600
4601	491.300
11169	491.300
1193	495.800
8505	495.400
6801	496.600
441	498.000
1393	497.400
5101	497.300
8521	498.000
2305	498.500
5585	498.900
7661	499.500
8777	499.400
10597	499.600
11969	499.700
4393	500.700
7085	504.000
5009	505.500
6045	506.000
10561	505.600
3685	508.400
3709	514.000
5077	513.200
4753	514.500
8265	515.500
8329	516.800
445	517.400
8397	519.700
8401	519.100
5109	520.100
6689	521.700
9669	521.700
8273	522.400
10297	523.500
9813	524.100
11481	524.100
12289	524.900
821	525.700
5509	525.100
1777	529.600
4505	530.300
4153	531.800
4285	531.500
6469	531.100
10737	531.600
10941	531.200
7285	532.900
12473	540.900
529	541.600
945	550.200
3897	550.200
877	554.000
525	556.000
1293	555.900
9497	555.300
2797	557.000
3521	556.200
4241	556.700
6101	557.000
7433	556.500
10641	556.900
7485	557.800
10969	558.000
1233	558.900
2261	558.100
6337	558.900
11281	559.000
1137	559.100
2381	559.600
4585	559.900
4929	559.800
9133	559.500
9445	559.500
10145	559.300
1761	560.200
7145	560.400
8377	560.200
9049	560.200
10981	566.900
7949	569.000
2929	571.000
5257	571.000
9549	571.000
11621	570.600
3589	571.100
9129	571.800
7009	572.400
8545	572.800
11737	573.600
9533	574.800
10757	574.100
11949	575.100
12485	576.500
1213	579.000
3969	578.600
11209	578.600
801	582.200
12181	584.600
5313	587.600
12085	588.900
11125	589.500
4177	593.800
9129	594.600
7697	597.800
1249	598.600
433	599.100
849	599.100
4009	599.300
4481	599.200
6769	599.200
10589	599.400
4949	604.200
4873	605.500
11697	606.700
2029	607.100
9897	607.800
501	608.800
609	609.600
1765	609.600
2357	609.300
2425	609.100
5545	609.800
7829	609.800
8825	609.400
489	612.100
3117	612.900
33	617.000
9797	617.200
653	623.600
11245	625.000
3517	626.900
3053	628.100
4849	630.100
521	632.000
921	631.800
5661	631.900
8701	631.300
2621	633.000
3397	632.300
10409	632.500
7357	633.100
7409	633.800
10041	633.300
5213	641.900
11709	641.300
11773	642.700
1249	646.000
9673	645.600
1	646.900
1893	647.000
2917	646.900
11869	646.700
3473	648.000
1773	649.000
2461	648.400
3633	648.800
7533	648.600
3225	649.400
5405	652.000
11153	655.400
6597	656.100
10257	656.100
6949	657.100
8253	658.900
533	659.100
6361	659.100
6545	659.400
9553	659.200
5369	660.300
10181	660.100
10749	660.400
7093	661.100
9161	661.200
8133	662.500
6149	663.200
6185	663.700
5265	665.000
8801	664.200
11605	664.900
2997	665.400
4341	665.800
9857	665.700
5981	666.500
901	667.600
5509	667.300
6273	668.900
11297	670.900
973	672.600
10565	673.800
4413	678.100
2981	679.100
5993	679.200
8573	680.100
9349	682.100
11733	682.100
9229	686.900
1317	687.200
2889	687.500
505	688.200
513	688.400
8069	688.500
9269	688.700
12141	688.900
821	689.500
3337	689.600
3525	689.800
3953	690.000
6645	689.900
8301	690.000
8549	690.000
8693	689.900
10829	689.500
11393	689.800
11513	689.300
11941	689.900
3373	690.600
4549	691.000
7229	690.300
7285	690.200
1809	696.500
9705	697.800
3369	698.300
3653	698.500
6933	699.500
11225	699.900
11669	699.800
2105	700.700
3289	700.600
6245	700.600
173	701.200
3273	701.100
4229	701.100
7473	702.000
8493	701.600
9065	707.800
1389	708.900
4485	708.100
6161	708.300
8361	708.400
2921	709.800
2681	713.700
11265	714.200
7873	721.600
505	722.600
8829	722.900
429	727.100
4957	728.100
2585	729.500
11365	729.400
9773	730.500
1973	731.200
11153	732.200
5765	733.600
4833	736.800
329	738.500
125	739.800
10033	739.600
11437	740.200
3273	743.700
1373	745.000
6793	745.000
7201	744.200
2049	745.400
10017	745.600
2621	746.300
5361	746.400
8825	746.400
10177	746.400
1981	747.300
9213	751.500
7473	753.400
12181	753.800
893	757.600
3729	758.200
4417	758.900
9801	758.200
2457	759.300
11041	759.400
5193	762.900
1737	765.200
3637	766.400
10809	766.800
8325	767.200
9241	769.900
10313	769.800
10101	770.300
9581	772.900
3009	776.600
6901	777.700
7037	777.600
4533	779.000
7405	778.700
2641	780.000
7293	779.900
1873	780.900
2089	780.500
2393	780.500
2945	780.100
8273	780.400
6621	791.200
11565	791.700
1457	792.700
3337	792.100
4733	792.100
2017	794.800
11637	798.000
11641	797.300
649	798.700
825	798.200
7949	798.100
9753	798.700
369	799.800
733	799.700
11725	799.400
4089	800.300
7977	800.100
11437	807.900
3685	808.100
10325	808.800
1761	814.200
2977	814.200
8109	815.300
61	817.000
9449	816.900
2529	817.400
2645	818.100
6645	819.000
10089	819.000
3941	819.700
2557	820.200
4229	820.400
8357	820.500
9141	820.600
425	824.900
12433	825.900
11985	826.900
6765	827.600
1897	828.600
4809	830.200
6145	835.600
945	836.600
4169	836.700
5585	836.700
8993	836.600
3881	837.600
7069	837.700
11813	837.700
1137	838.400
3057	838.200
4553	838.600
7589	838.300
11373	839.400
7033	841.400
9713	843.700
4573	844.300
8541	845.000
11913	844.500
12057	845.000
12037	848.200
10333	849.800
805	852.900
7761	852.700
7229	853.900
11281	853.900
2517	854.200
6337	855.100
8225	855.800
9737	855.700
4217	857.800
9529	858.300
10609	861.700
9	866.700
4485	866.700
6537	866.700
5457	867.600
8285	868.000
9609	867.800
11445	867.700
12201	867.300
1373	868.700
1369	869.200
1901	870.000
3117	869.400
8917	871.900
3833	873.700
5193	873.600
10181	877.000
10209	876.100
721	877.400
4409	877.300
8333	877.300
12393	878.000
313	881.400
1409	882.700
805	883.900
1069	883.100
11669	883.900
2757	884.400
7549	884.100
9793	886.000
5797	886.600
217	888.600
3653	890.900
10693	890.600
1077	891.600
2081	892.800
7253	892.700
2045	893.900
2117	893.800
2693	893.800
901	894.900
5069	894.800
8709	894.800
8793	894.100
11425	894.500
2373	895.600
6261	895.900
9621	895.700
3141	896.600
1001	897.400
9509	897.400
957	898.700
1753	898.400
5237	898.500
10301	898.400
10409	899.200
1073	900.600
2269	906.200
11893	907.000
2029	911.900
11277	912.600
12029	914.900
5321	915.100
9113	915.300
4413	917.100
5717	920.000
49	921.900
2249	922.600
3733	923.000
1141	923.600
1437	924.500
5953	925.000
6165	924.900
8369	924.200
9965	924.500
7561	925.500
8737	925.400
8889	925.200
5617	930.800
9933	930.800
765	931.500
6433	931.300
11341	931.800
3573	932.300
5733	932.800
5809	932.400
11041	932.200
11989	932.600
7253	933.900
7837	933.100
4005	935.400
6533	935.800
11321	935.100
2413	940.000
4953	939.200
1193	940.600
2129	940.900
5389	941.000
7921	940.300
8517	940.700
10965	940.900
37	941.500
3221	941.500
3673	941.700
5177	942.000
5437	941.700
5913	942.000
6873	941.800
7389	941.300
7845	942.000
8709	941.200
597	942.100
2469	942.200
2973	942.200
3297	942.200
3581	942.200
6257	942.300
11221	942.100
12301	942.400
5705	954.700
2645	958.800
1609	960.200
5385	960.100
6257	961.700
11989	961.200
11437	962.600
3221	965.700
4633	972.000
3545	973.600
5269	974.100
7081	974.200
7569	974.100
5177	977.400
6929	978.700
7777	978.200
7085	982.700
2901	983.100
8729	983.100
11477	985.800
4601	990.000
8373	989.900
4053	990.500
6533	991.100
3141	992.900
5509	992.500
7253	992.300
11817	992.600
10789	993.700
6833	994.400
269	995.300
2485	997.200
11625	998.500
10941	1000.000
