# NEST version: 3.6.0
# RecordingBackendASCII version: 2
sender	time_ms
11925	157.500
10221	158.400
6933	159.500
9181	159.400
6345	160.400
877	161.300
9113	162.000
9301	161.600
10633	161.700
10929	161.400
11385	161.600
6429	162.300
6673	162.600
7257	162.300
549	163.100
8449	168.000
1633	169.000
2945	172.800
12097	174.000
6477	174.400
11773	174.900
629	175.600
3829	176.400
8329	178.800
4317	179.500
6017	179.500
10849	179.800
3329	180.700
3801	180.500
7761	185.800
10725	185.300
9409	186.200
11693	186.700
11245	187.400
2905	193.100
7389	193.800
8817	194.000
3753	194.800
4833	194.600
5697	194.100
6617	194.300
12257	194.900
1477	195.200
3745	195.500
6401	195.800
9229	195.400
11537	195.700
12393	195.400
3093	196.200
4929	196.600
5089	196.200
6145	196.200
8097	196.100
8337	196.500
8829	196.200
1485	201.000
6033	200.100
3105	202.200
10309	202.200
10893	203.000
6025	205.700
11301	206.600
1825	212.200
11733	212.900
593	213.100
2893	213.500
7533	213.800
769	215.300
4161	216.800
6537	218.200
353	219.800
8397	220.500
8661	220.900
457	221.200
5441	221.500
6389	221.100
9753	221.400
1125	222.100
3829	222.900
4225	222.500
7221	222.600
10557	222.700
12133	224.500
9201	233.700
11857	237.500
8933	238.200
5893	245.700
9917	245.900
10525	245.900
8081	247.500
9205	250.400
1713	255.500
3957	255.600
1661	260.300
7437	265.400
5945	266.200
11485	267.000
12377	266.200
3109	267.800
3197	267.600
6361	267.800
8101	267.700
12121	267.700
12389	267.300
645	268.200
6209	268.800
10377	268.800
10809	268.100
12457	269.000
3641	269.500
9697	269.100
9721	269.300
10853	269.300
10481	273.200
7549	274.400
7945	275.800
2817	276.200
3813	277.000
2873	277.800
349	279.500
621	285.400
6437	286.600
2557	288.900
2813	289.400
2865	289.800
7049	290.000
645	290.700
1561	290.900
1725	290.200
3373	290.500
3761	290.600
5653	290.400
7433	290.600
8369	290.400
9901	290.500
10017	290.400
10409	290.100
10593	290.100
11081	290.100
11477	290.500
2653	291.500
10705	291.300
11149	293.300
4033	295.700
1961	299.100
6857	300.000
12341	300.700
5085	301.500
6257	302.100
10781	302.600
4213	303.100
9485	303.800
6745	305.700
9661	305.300
10285	307.600
4117	308.400
11297	309.600
2153	310.100
4413	313.000
4777	312.200
9577	313.600
12029	313.700
5437	314.700
7849	314.100
9341	314.700
10377	314.200
12137	314.200
5977	315.900
9133	316.600
6537	317.700
10865	317.500
249	320.700
2817	322.000
1705	322.900
4261	322.200
4697	322.100
6437	322.800
6901	322.500
7145	322.100
9481	323.000
10485	322.400
10801	322.600
577	323.300
8369	324.100
2321	325.400
6533	325.100
8917	330.900
8897	331.500
1145	333.000
5005	332.600
11077	332.800
7889	333.800
3093	338.900
6053	338.600
7309	338.400
12185	338.800
53	342.500
5381	342.600
4113	344.000
12125	343.200
1125	346.300
1461	346.200
10797	346.700
945	347.800
5453	347.300
7425	347.200
8257	347.800
8505	347.300
9273	347.300
11317	347.300
213	348.600
2465	348.700
4149	348.200
5049	348.300
5693	348.200
1969	349.900
4841	349.800
7609	349.800
6569	350.100
9965	350.500
4845	351.100
10513	351.300
11901	351.700
745	352.400
5553	352.900
7033	352.500
10765	352.900
10853	352.500
7397	364.600
2693	366.100
4669	366.800
9753	366.600
369	367.700
1185	368.800
2741	369.400
4661	369.600
5617	369.700
7745	369.800
8517	369.800
10261	369.600
11117	369.700
2393	370.500
2481	370.200
10093	370.600
11089	370.400
4993	381.300
7277	381.900
11477	381.700
349	382.100
7125	382.300
3317	383.300
6673	389.100
1513	390.400
6945	390.800
2105	391.500
4329	391.200
10373	391.500
7389	392.800
1749	394.100
9725	394.200
5181	395.400
12241	396.000
1629	397.800
12029	397.200
8113	400.000
7073	400.300
10913	400.200
11133	400.300
7761	402.800
2881	403.100
6617	403.600
625	405.000
9481	405.000
11537	404.800
2945	405.600
4073	405.800
7509	405.700
10029	406.000
5593	410.000
6469	410.400
1177	412.500
4149	412.900
5837	414.800
8837	415.300
10089	416.000
6125	416.900
8525	416.700
9753	416.300
11625	417.100
1213	420.400
7353	421.900
1305	422.600
3441	422.500
6945	423.600
7749	423.500
5941	427.000
1513	427.700
10117	427.900
6857	428.500
2333	429.900
4009	430.900
12121	430.800
6045	432.000
5181	433.100
8401	433.200
7697	434.100
11133	434.200
2545	435.400
65	437.400
4145	440.200
3145	441.600
3917	441.700
8453	441.800
6345	445.100
9161	445.400
10045	445.200
4329	447.900
341	448.300
2289	448.700
5237	448.400
11165	448.900
309	449.900
11697	449.300
5481	450.100
6469	451.000
9425	453.000
5893	455.000
9949	458.000
10489	457.500
10749	457.700
11565	457.100
6357	458.900
2901	465.400
4281	465.800
8557	465.500
5421	466.600
7437	466.200
9257	466.500
5657	467.600
6669	468.200
9449	468.700
11573	468.900
12277	468.400
489	475.500
9413	477.100
10165	477.200
10761	477.300
11973	477.800
10893	478.600
11477	478.500
2857	481.400
4813	488.000
6621	487.900
9721	487.100
9965	488.000
12481	487.900
569	488.700
2345	488.800
5529	488.300
10593	488.900
4089	489.100
9073	489.300
10105	490.000
10689	489.500
12073	489.800
369	490.200
10829	495.200
581	497.000
4565	497.000
5105	497.700
8121	497.600
37	498.600
11301	499.000
293	499.600
8489	499.900
9141	507.700
5725	511.400
10957	511.900
1537	512.100
3713	512.500
6257	513.000
10641	512.100
11313	512.100
11713	513.200
3393	517.300
5529	523.000
7125	522.900
9609	522.400
5609	525.900
1329	528.800
4573	531.300
8501	531.800
10101	531.800
1565	532.700
2717	532.900
4889	532.300
9925	532.500
8985	533.300
12149	533.700
7209	537.900
9033	538.800
65	540.600
6357	540.700
10401	540.800
11637	545.200
3221	546.300
8193	546.600
12101	548.200
10609	550.400
12165	550.900
8381	558.600
9413	561.200
3685	562.200
6349	562.900
6341	569.600
7609	570.700
9485	571.000
5405	571.700
10157	571.900
233	577.000
2589	576.400
7629	576.800
9113	577.500
597	578.400
5309	578.800
5553	578.700
10905	578.900
7285	579.100
7293	579.200
7353	579.100
8393	581.900
4901	584.800
11373	585.600
29	586.500
1893	586.200
6893	586.600
7373	586.500
1233	587.600
5689	587.600
8613	587.100
5133	590.000
7293	591.000
10197	590.300
1809	591.300
9573	591.800
1693	592.800
4753	592.600
9285	592.400
12061	592.900
1277	593.800
2669	593.300
4645	593.700
9093	593.500
10485	593.100
6865	595.000
8021	594.500
8765	594.200
9577	594.600
9357	595.300
5761	596.400
11801	596.200
5569	597.300
7065	598.200
4529	599.600
2785	601.600
789	602.700
3217	602.700
4685	603.300
7945	605.200
11161	605.600
6933	606.400
1725	608.900
9889	609.000
6537	610.500
1241	611.900
4209	611.700
7593	611.700
429	612.300
1185	614.700
7457	615.000
8273	614.800
1433	615.500
4249	615.300
6165	615.200
7349	615.500
9177	615.500
11133	615.700
10393	616.500
7125	621.200
4897	622.300
3321	624.500
8717	624.900
1049	625.400
5761	625.100
10481	625.500
10977	626.000
773	626.300
369	627.600
11109	627.200
8101	633.700
465	634.600
8553	634.100
9093	637.400
10985	638.200
3057	639.700
12213	639.500
6449	640.300
6145	643.200
2737	646.000
2745	645.800
5029	645.400
10705	645.900
8477	646.100
4685	647.700
8805	647.200
12489	649.600
2321	650.300
4793	650.200
1973	651.400
2473	651.300
8333	651.500
85	652.100
6369	652.100
7457	652.400
10129	652.900
5393	653.400
9413	653.700
4249	658.200
7077	659.900
7233	659.700
7837	659.400
1557	660.400
1409	661.400
3157	661.900
3137	665.100
8089	665.200
197	666.100
5053	667.300
6469	668.400
9037	674.200
9137	674.300
1369	675.400
3753	676.300
4621	676.800
5105	676.600
6721	676.300
9753	676.800
569	677.800
9849	677.400
11345	677.800
6293	678.100
6545	678.400
8177	678.500
11101	678.300
2589	687.600
7437	688.600
1205	689.400
2017	689.300
2249	689.900
9497	689.200
10509	690.000
8941	691.000
12145	690.400
3505	691.100
6905	697.000
721	700.200
7229	702.500
10425	702.600
4657	703.700
1601	706.000
9665	706.300
8741	711.300
10261	712.500
11861	712.400
6893	716.600
10597	716.400
5641	718.900
5921	718.900
6773	720.900
785	721.900
2949	721.900
4341	721.300
2621	723.000
8477	722.500
4733	724.800
6249	724.100
1853	728.000
8317	728.400
5197	739.000
5837	739.000
4957	740.700
5905	740.600
7621	740.900
9117	740.300
7245	741.200
9909	741.900
10613	741.200
2729	742.300
3609	743.000
10773	742.100
11089	742.900
11901	742.200
5469	745.000
1725	746.500
3197	746.600
11837	746.800
3181	747.500
4769	747.600
5457	747.300
10161	747.600
1609	752.600
2709	754.700
2033	755.100
4365	756.500
2201	758.100
4661	758.800
12329	758.900
4273	759.200
11617	760.000
8145	761.400
4253	762.100
2041	765.300
5525	765.900
381	766.600
685	766.400
857	766.700
2693	766.300
4249	766.600
4417	766.200
8501	766.500
9241	766.700
11001	766.200
6857	767.500
7565	767.200
9229	767.700
4693	768.700
5149	768.700
5497	768.700
7781	768.700
1725	770.000
8505	770.000
9249	769.900
9453	769.700
9477	769.700
11857	769.800
1237	770.800
3137	770.500
4005	770.700
1665	773.700
11329	773.800
1557	780.700
5221	780.300
10325	782.900
385	783.400
2741	783.900
9277	784.600
9969	784.900
10241	784.800
3129	785.700
9965	785.100
8321	787.000
11313	786.400
1173	787.600
11373	788.500
217	789.400
849	795.300
1725	797.600
5357	797.300
5581	799.000
5945	798.500
7157	798.400
7269	798.700
10829	798.500
1893	799.400
10105	799.100
6497	800.200
11485	801.200
7413	804.900
7085	806.400
12397	806.200
1133	813.800
4153	813.100
9585	814.700
11925	814.800
12113	814.300
6145	815.100
9673	816.300
233	817.400
12253	819.400
3329	823.400
10217	823.800
2165	824.400
6161	825.000
9765	824.600
10549	824.200
12089	825.100
8325	834.300
10649	837.000
11365	837.700
705	840.000
12181	842.000
1009	842.800
1453	843.900
8237	843.600
10545	843.700
7989	844.700
1989	845.700
5285	845.100
7665	845.900
1413	846.100
1973	846.700
6673	846.900
8429	846.900
809	847.100
12129	847.100
1781	848.400
3917	848.100
8113	851.900
8873	851.400
10813	852.400
5553	855.100
7477	855.900
1945	858.900
3421	858.200
5249	858.400
11465	858.200
11517	858.400
425	859.100
7549	859.800
9277	859.300
2725	862.000
3509	862.200
7961	862.500
10885	863.300
6245	867.100
7369	867.100
1949	868.900
5069	869.400
409	870.700
7457	870.700
8533	871.900
10641	871.700
11817	871.300
1821	881.800
525	882.500
2601	882.800
6285	882.600
2037	883.600
9641	883.200
12085	883.600
12397	883.800
7629	886.900
9829	886.500
9417	888.900
11893	890.900
12341	891.900
9885	892.800
2693	893.600
1917	894.600
941	897.900
4745	898.400
6905	898.700
3153	899.700
7093	899.800
9421	899.800
553	900.800
3057	900.500
4781	900.400
7837	900.700
10053	900.900
681	901.800
1653	901.600
6161	901.300
12221	901.500
2945	902.200
2641	903.200
3193	903.600
1265	904.100
3561	904.400
4813	905.400
7537	906.200
8101	906.400
957	908.700
2153	909.000
5321	908.300
93	909.500
8673	909.800
613	910.800
7249	910.800
10201	910.200
10553	913.900
10941	913.400
7573	914.200
5785	916.000
6777	918.800
6165	921.400
6661	921.500
10457	921.800
361	922.200
2981	922.500
8009	922.100
9357	923.000
1841	923.200
3865	923.800
4137	924.500
9625	924.300
10669	924.600
9241	927.000
11333	927.000
7325	927.100
9269	928.400
57	929.500
1749	929.300
49	930.400
7749	930.500
11829	930.200
9653	934.200
9485	937.800
8521	938.700
9453	938.400
8217	939.400
10509	939.500
11445	939.900
2529	940.200
4113	940.300
445	941.900
2757	941.500
4749	941.500
3197	942.600
6401	942.400
11809	942.700
12241	942.700
2961	943.300
1369	950.600
1877	950.400
11245	950.600
12341	950.500
4809	951.400
10017	953.700
11037	958.000
6537	960.100
2893	964.800
4445	967.500
7457	967.500
11389	967.800
1913	969.700
1481	970.200
2261	970.600
2281	970.600
5309	970.200
7405	970.700
8853	970.200
8997	971.000
2873	971.800
5965	971.200
8177	971.800
12389	971.800
3521	972.200
4621	972.800
6945	972.200
10097	972.400
11193	972.300
12301	972.100
3665	986.700
6737	987.000
773	988.000
3233	988.000
10513	987.100
10613	988.500
11193	989.000
12269	988.800
9425	989.400
11705	996.000
1445	997.500
2305	998.100
8177	998.600
