# NEST version: 3.6.0
# RecordingBackendASCII version: 2
sender	time_ms
7096	158.000
12332	158.900
280	159.200
664	159.200
6132	159.600
3720	160.600
2204	161.200
4076	161.200
7068	161.200
9384	161.200
2164	163.300
8232	163.500
10596	166.000
3988	172.900
4252	179.200
2980	180.300
3548	182.500
10772	182.600
2872	192.400
6836	192.300
8060	194.000
1848	194.300
4796	194.600
5256	194.400
5972	194.800
8492	194.300
8644	194.900
11888	194.300
604	195.300
1576	195.300
2076	195.500
4868	195.400
5748	195.300
9060	195.100
9388	195.600
9428	196.000
10580	195.600
4624	196.200
8896	196.100
12128	196.200
11956	201.200
2700	205.200
3176	205.600
1584	206.900
4016	207.000
4944	206.100
10552	206.600
6908	209.900
1196	210.200
2360	210.200
2168	211.400
6492	211.500
10336	211.300
1168	212.200
3780	212.100
5352	213.000
5388	212.100
12296	212.600
1296	213.100
3824	213.200
8268	213.800
8292	213.500
12180	213.100
10772	214.200
484	219.600
4392	219.800
12128	219.600
8396	220.100
7636	222.000
8160	222.100
904	226.700
5608	229.000
12392	228.500
3640	232.500
724	234.900
7080	234.700
176	235.900
7716	235.200
8552	235.500
7756	236.600
6184	237.500
8988	237.600
4136	240.600
9132	240.200
12160	240.500
10596	243.100
4904	256.400
2576	257.200
7588	258.500
10196	258.300
7292	259.100
3704	261.700
2884	265.400
9624	267.200
980	272.300
10452	272.400
9696	277.200
1712	281.000
5748	281.000
6936	282.000
8800	281.500
11108	282.000
4392	282.500
5884	282.700
10060	283.000
10680	282.100
3852	287.700
1236	288.400
8544	288.300
4992	289.400
12372	290.800
9904	292.300
6456	294.600
5004	295.500
8536	298.000
4128	299.000
4624	298.400
7368	298.500
1680	299.700
3604	300.400
4848	300.800
5712	300.100
9944	300.100
11984	300.900
684	301.500
1264	302.400
2336	302.400
11368	302.900
12084	302.100
2960	303.400
10000	303.600
7180	304.600
8812	305.300
2812	306.700
9844	306.600
11344	307.700
700	308.300
12288	308.300
4920	310.800
10352	310.900
9216	311.700
11964	311.100
6576	314.600
4132	317.000
9252	317.000
6428	318.800
10228	318.500
1684	320.200
4084	321.900
11480	322.500
5960	324.200
3880	326.900
4972	326.400
676	327.900
508	329.600
3192	334.400
4808	334.600
11920	334.500
2932	336.400
6396	337.500
176	338.700
3572	338.500
3352	341.900
4900	341.900
2048	342.900
4628	343.500
7888	343.900
10060	343.900
12464	343.300
2244	344.100
7396	349.900
5552	351.900
10976	352.000
4160	354.100
3772	356.800
4744	356.400
10848	356.700
6884	357.600
7992	358.600
8284	359.800
10440	359.300
6256	361.800
5780	363.400
11328	364.000
520	367.000
2048	366.600
6660	366.500
4996	367.300
6652	367.100
6812	367.900
8232	367.400
8812	367.400
9748	367.400
9276	369.000
10432	368.100
11380	368.700
11580	368.600
2996	370.200
4464	371.000
3392	380.700
1516	383.800
6676	383.300
10644	383.800
2392	385.000
5424	384.400
7976	384.200
9200	384.700
10908	384.300
11776	384.800
12104	384.500
7080	385.200
8372	385.300
11652	385.600
1956	389.800
2368	391.900
5284	391.300
10088	391.600
10284	391.500
4564	392.300
11424	392.200
6836	405.100
5352	406.200
8464	407.000
9712	408.000
11868	407.500
9036	409.600
8992	411.500
5176	412.200
7976	412.500
40	413.100
992	414.100
2824	414.500
6128	414.800
756	416.000
2932	415.500
5716	415.800
6540	415.900
10256	415.700
1728	416.900
10284	416.500
12400	416.600
7492	417.500
6324	420.900
8060	421.300
9176	421.200
9396	421.300
7728	422.400
7476	423.200
9812	423.500
7516	426.200
6704	428.400
1780	430.000
2376	431.000
6708	430.400
9572	430.500
10884	430.900
11172	430.500
6660	435.100
20	438.100
852	439.100
9268	439.900
2252	440.600
12044	440.100
824	441.700
6260	441.700
8072	441.600
6608	446.500
3892	447.200
4680	448.900
9368	448.900
11228	448.100
11568	448.700
728	449.900
7380	449.400
1236	454.100
5284	454.900
2852	455.600
9464	455.100
3984	456.700
3204	457.900
10544	457.300
4952	463.000
2036	463.700
4648	464.000
8060	463.100
12128	463.600
12444	463.900
732	465.700
3612	465.200
5552	467.900
9736	468.400
232	469.700
244	469.400
3364	469.100
3664	469.700
4136	469.800
8708	469.800
9816	469.800
10548	469.500
2704	470.500
3688	470.600
5656	470.500
436	471.900
3188	471.100
10580	471.400
6504	472.400
8916	473.900
1260	476.000
6968	475.800
9624	478.400
10888	479.000
2228	479.700
9444	479.400
10128	479.600
10708	479.100
2572	480.200
10688	483.600
4568	486.800
9544	487.400
5844	488.200
11680	489.200
8976	490.600
4184	495.000
11592	495.900
28	496.800
8348	496.700
10736	502.100
3244	503.800
4404	508.000
3100	509.000
3600	508.200
5360	508.700
436	510.100
9152	511.200
11288	514.100
5368	516.400
9848	520.800
5800	524.600
5328	525.200
1588	526.900
3264	526.800
6816	526.900
7056	526.600
8620	526.600
10964	527.000
1772	527.100
7892	527.700
6700	529.100
12128	530.000
5272	530.100
9000	530.900
4088	535.500
572	538.900
10380	540.500
3880	543.100
12324	544.500
12476	549.400
11940	550.300
2492	554.500
2612	555.200
11368	555.700
5612	559.600
1236	561.800
2820	563.900
8960	563.700
9732	563.900
10116	563.300
136	564.500
1208	564.800
1840	564.700
5304	564.300
304	565.400
2544	565.900
7300	566.000
8852	565.900
10608	565.400
10936	565.400
2368	567.000
4292	566.300
6388	566.200
6660	566.900
9384	567.000
12376	566.300
3276	568.000
10324	568.000
10760	567.300
11996	567.900
10372	568.400
11664	572.600
7724	579.900
9340	580.800
10416	580.900
1084	582.000
4272	581.100
5960	584.300
5096	587.300
868	594.000
2932	593.200
9264	594.300
9820	594.700
5032	597.000
9840	596.700
488	597.800
4636	600.000
4368	601.000
10232	600.500
11904	603.600
4724	604.200
6940	607.800
1728	608.200
10780	608.300
1828	609.600
2204	610.800
32	611.700
3364	612.800
3932	612.900
11228	612.700
11544	612.800
388	613.100
832	614.100
4216	617.900
12152	622.100
5908	623.100
5876	624.700
1620	626.700
7220	629.000
8748	628.600
964	629.700
6780	629.900
8360	629.800
8644	629.400
2536	630.900
10860	630.800
10360	632.400
308	633.100
2344	634.600
5364	634.600
4428	637.600
4908	637.700
10312	638.200
12388	639.800
3220	640.900
6000	641.000
11080	640.500
11708	641.400
11112	645.800
4932	646.700
2820	647.600
9212	647.800
1440	648.500
5056	648.800
820	650.000
1728	649.700
2256	649.800
2396	649.500
12412	649.600
3804	650.500
4244	651.000
8980	650.200
5436	651.400
3328	654.200
8252	655.000
3760	655.900
10656	655.600
4116	656.200
6984	656.200
10372	656.900
8324	658.200
9176	661.300
11460	661.900
5196	662.500
252	665.500
5380	667.500
4512	671.900
1648	672.700
11932	672.900
1680	673.800
8136	676.800
9564	677.100
8188	680.500
8268	680.300
2168	681.700
3392	683.700
3072	684.800
4532	684.300
7300	686.300
10000	686.800
7112	687.400
7436	688.800
10852	688.300
1208	689.100
1944	689.500
6520	689.700
10544	689.800
7704	690.600
7804	690.800
8876	690.700
9820	690.400
11716	692.400
10396	693.900
12048	693.400
10056	697.000
2640	700.500
3092	700.800
12172	701.500
32	708.800
4580	708.300
1692	710.800
1616	711.200
2304	711.500
10228	711.900
11960	711.200
5308	712.100
9396	716.900
1680	717.400
7508	717.500
7928	718.000
2792	718.500
4560	719.900
12296	721.600
1788	722.400
3600	722.200
6028	722.400
7320	722.300
8336	722.500
10192	725.100
10680	728.200
2588	734.100
4928	734.100
9520	734.500
11488	734.100
1068	735.600
6256	735.900
7952	736.000
11568	743.500
2116	744.100
4992	744.200
1504	748.700
5524	748.800
1544	750.600
3476	751.900
2540	752.800
4768	753.000
8592	752.100
8724	752.700
2340	753.900
7680	753.600
8180	753.700
8336	753.900
9468	753.700
268	754.900
892	754.600
1640	755.000
5204	754.800
9452	754.500
9476	754.200
9708	754.800
9940	754.100
12500	754.800
1184	755.300
4864	755.500
5824	755.300
6760	755.300
10852	755.200
10876	755.200
11096	755.100
11716	755.200
6440	769.700
3312	771.900
12384	771.200
12172	772.100
7284	774.800
6396	775.500
652	778.800
12	779.200
5080	779.600
6644	779.800
7920	779.300
9140	779.700
12500	780.000
64	780.800
456	780.100
2784	780.700
8308	780.100
8468	780.600
10296	780.300
10980	780.300
2112	788.700
4876	789.500
8492	789.700
9160	790.000
8960	791.400
10780	792.700
6812	793.700
2440	795.000
2216	795.300
12456	795.600
11496	804.300
1632	805.200
7548	805.400
9716	805.300
1908	806.500
7240	806.400
7832	809.900
8252	810.700
11028	810.500
4540	811.100
5796	811.900
9568	811.100
8124	813.000
8644	814.000
4008	816.400
5012	817.700
5320	817.700
3940	820.000
2340	820.700
12436	821.000
6976	822.300
6400	823.600
12280	823.500
10632	827.900
5608	828.400
10200	828.800
6396	830.500
10564	830.800
2184	831.700
10372	831.600
4448	833.300
6040	834.000
10400	833.200
1328	835.000
3484	834.500
5284	835.500
11888	835.800
12080	835.300
11712	840.700
5768	841.400
6476	844.600
436	845.800
1692	845.200
11704	845.900
2108	846.200
3216	846.100
4872	846.900
6400	846.500
9008	846.200
1448	847.300
6296	847.400
8840	848.300
1216	850.500
8264	850.400
44	851.500
7300	852.700
10380	852.700
11720	852.200
8600	855.500
5752	856.900
11224	856.400
9312	860.600
8492	861.400
9780	862.000
3352	863.100
10116	863.200
1160	872.300
8164	873.600
11876	873.100
8924	875.900
1200	876.500
2972	876.400
6064	876.100
6624	876.900
7904	876.700
10956	876.800
8188	877.200
10132	877.800
12056	877.500
2220	878.200
4608	878.600
5500	878.300
9252	878.200
10080	878.400
11368	878.400
11908	878.300
7524	886.200
2276	890.000
1120	892.500
1676	892.800
5720	896.700
6712	896.800
12464	896.500
9236	897.100
12248	898.900
156	899.600
8040	899.500
6820	900.300
7916	900.900
968	901.700
116	908.700
3884	908.100
9080	910.500
4356	911.800
1536	913.600
4152	913.700
10564	913.200
2764	915.000
3164	914.500
8044	914.300
9300	914.600
9008	915.100
12280	915.700
524	916.800
1896	916.900
7996	916.700
11232	916.300
11932	916.300
4624	917.300
1120	918.600
2068	920.100
952	923.600
6628	925.000
140	926.800
5096	927.200
7488	928.600
3636	931.600
504	932.200
6872	933.000
920	934.700
9660	934.200
2472	935.100
4792	935.700
6548	935.800
12288	935.200
11112	936.800
7076	940.700
8276	941.700
2988	945.000
7340	947.600
7152	949.600
10544	949.500
2956	950.900
12436	953.000
6776	954.700
3928	955.700
7536	955.700
2820	957.200
3632	957.200
7472	957.500
10204	957.100
8904	962.000
7456	962.800
2440	963.800
4868	963.800
9152	963.700
1672	964.200
3764	964.100
9108	964.900
4852	966.200
3524	969.300
3880	970.300
6844	970.500
12180	971.000
2200	975.300
11820	975.200
4732	977.600
8004	977.900
8540	977.600
3384	978.900
7472	978.800
10772	978.700
2172	980.000
2572	982.700
8596	982.400
1828	983.800
4388	983.800
1028	984.300
1772	984.400
7004	985.000
3416	985.400
7128	985.100
7348	985.900
7428	985.600
9228	986.000
11668	986.000
1500	986.900
6156	986.900
12132	987.100
1648	989.700
8380	989.800
9796	992.800
12164	993.300
10696	994.300
11336	994.900
460	995.100
2636	998.100
3896	999.000
1816	999.500
