# NEST version: 3.6.0
# RecordingBackendASCII version: 2
sender	time_ms
11756	158.000
432	158.400
2692	159.000
8348	158.100
1668	159.900
6732	159.500
8536	159.300
2004	160.700
2032	160.800
2488	160.300
3720	160.600
5272	160.300
7064	160.700
7492	160.300
9296	160.800
10640	160.900
11432	160.400
1728	161.200
3104	161.700
3268	161.400
3284	161.800
4516	161.700
8656	161.600
9232	161.600
9436	161.200
11988	161.800
2064	171.200
6400	171.100
3956	172.800
8912	172.200
2656	174.500
3900	175.900
2172	177.000
10464	177.700
10744	177.600
7384	178.200
4536	182.900
11988	182.400
2468	186.200
11468	187.500
8516	190.300
184	191.900
1764	191.100
5844	192.100
4844	193.400
756	194.400
1344	194.600
5408	194.400
8480	194.900
1504	195.400
3220	195.800
5128	195.800
3680	196.500
4776	196.500
5292	196.800
7896	196.900
1004	197.300
4164	197.500
10468	197.400
5652	198.100
3608	199.200
9116	200.900
12236	201.100
3916	202.100
9184	204.000
548	204.200
4056	205.600
1400	209.900
9548	209.600
1392	211.000
5524	210.800
8724	210.500
7076	211.700
7884	211.900
12044	211.400
2476	212.200
7904	212.300
11336	212.100
1264	216.900
4220	217.800
6180	217.400
10304	217.500
1024	218.800
5940	219.000
1676	219.800
2192	220.000
4620	219.800
5804	219.800
5840	219.400
6428	219.300
6968	219.900
7832	219.400
8716	219.800
9216	220.000
12448	220.000
3364	220.300
4216	224.800
12128	225.600
3044	232.600
3064	232.600
1076	235.500
2184	235.200
2228	235.600
3068	235.600
4164	235.600
2784	236.300
6540	236.600
9348	236.200
11000	236.700
12040	236.800
7212	237.100
7484	237.600
2684	241.000
7384	240.400
5760	241.400
1008	242.400
3540	245.400
3492	246.800
12028	246.400
2792	247.600
5296	251.700
4544	252.600
7232	252.200
4948	254.300
6640	259.600
7592	260.800
10656	260.400
11576	264.000
3960	265.700
4908	265.400
5812	265.600
456	268.400
8320	268.500
116	269.400
2416	270.900
2368	273.100
6512	276.600
544	277.300
2000	277.900
8412	277.100
3716	279.200
1644	281.500
5652	282.000
432	282.500
588	282.500
3284	282.500
3540	282.600
3856	283.900
4800	283.600
7884	283.100
8208	283.900
8752	283.900
11204	283.700
7196	284.100
11716	291.800
6344	292.100
6536	298.200
3972	299.800
7000	300.100
840	303.000
6396	302.200
6936	304.000
12024	304.000
12392	303.900
10772	304.500
3668	305.700
4620	307.100
10564	307.300
4032	313.500
9708	314.700
11664	314.700
3256	318.200
5200	320.300
8700	321.800
4628	322.800
7112	323.100
8404	323.300
9132	323.100
11308	323.100
4752	324.200
1940	326.600
3892	327.600
7124	331.200
10456	331.600
2552	334.700
92	336.300
8056	336.600
2328	338.000
5904	337.500
11008	337.400
1860	338.400
4444	338.600
8880	339.000
9204	338.100
8008	339.800
6168	340.100
7628	340.500
9820	341.900
656	349.200
7832	349.600
11032	351.200
8776	353.700
9704	353.200
6364	354.500
11564	354.400
3452	355.700
556	356.500
4764	356.500
5528	356.800
10856	356.700
10576	359.900
9428	365.800
576	368.100
2596	369.100
6816	369.200
10348	369.800
10708	369.900
3972	377.500
6308	378.600
1204	379.600
1808	379.500
620	381.000
1964	380.600
4132	380.900
4152	380.400
5696	380.600
9624	382.000
3020	382.200
3084	382.900
7844	382.800
364	383.200
6300	383.400
8700	383.600
260	384.400
788	384.600
10940	384.200
11484	385.000
12464	384.100
7244	390.600
9324	390.400
9328	390.900
404	391.700
1980	391.100
6576	391.700
2328	393.000
5392	393.000
3768	393.800
6020	393.900
9080	394.000
2324	394.800
5616	394.800
6284	394.700
9216	394.800
12104	395.000
840	395.300
2392	395.200
2840	395.200
4136	395.100
4800	395.100
7960	395.400
11428	395.200
12416	395.200
5508	403.200
5696	408.000
1968	408.300
2620	408.200
3160	408.900
8040	409.000
9820	408.700
124	409.300
5760	410.000
9416	409.800
1772	410.300
2640	410.500
2956	410.500
3244	411.000
5604	410.300
6760	410.900
11756	410.200
12176	410.500
2488	411.300
36	418.200
3632	418.900
6744	419.800
7564	419.500
10560	419.600
2300	421.000
4736	421.000
7592	420.400
4640	422.000
1508	422.100
3916	424.000
5488	423.200
6796	423.500
9032	423.200
6628	424.500
12340	424.800
7436	430.800
8372	431.000
1244	434.600
2080	435.900
2468	436.200
6180	436.400
980	437.900
1396	437.800
1436	437.300
1716	437.500
3280	437.600
3812	437.400
3980	438.000
4212	437.500
6392	437.200
7596	437.500
8624	437.400
12244	437.100
2456	438.100
3072	438.100
4336	438.200
5516	438.400
6036	438.300
9984	438.300
12004	438.200
2704	448.900
8748	448.300
5732	451.900
3980	457.300
8156	457.200
8140	458.500
1684	460.000
1772	459.300
2480	459.400
4172	459.400
4184	459.300
4508	459.100
5408	459.100
6340	459.600
11084	459.800
11268	459.300
268	460.400
1676	460.600
4152	460.300
8224	460.200
8464	460.200
8896	460.400
8964	460.400
12332	460.500
12488	460.500
1276	467.200
10984	472.800
5368	474.500
8828	474.900
11988	475.200
10076	476.400
9560	477.100
6116	479.400
2104	481.800
11320	482.000
12116	481.100
4796	486.800
4136	487.700
3656	488.700
1888	490.000
4504	489.200
6716	490.000
6820	489.500
7892	489.600
116	490.500
680	490.900
4428	490.600
5488	490.600
6052	490.800
7760	490.200
8180	490.600
12324	490.100
3228	491.700
7168	492.000
8232	491.500
8264	491.800
9176	491.700
10924	491.700
10960	491.800
11252	491.600
11588	491.500
4080	492.400
11880	499.900
688	500.600
3404	500.100
8560	503.200
2896	504.600
10696	504.200
1392	505.200
2628	505.800
10988	505.900
3112	507.400
1196	509.000
4808	508.400
8360	508.600
152	510.300
1356	510.200
4580	510.100
5796	510.500
6212	510.700
9040	510.200
2812	511.700
9264	511.200
10080	511.300
3196	513.000
6768	513.900
1560	525.600
3328	526.900
3952	526.300
3464	527.900
716	529.500
1660	529.800
3804	529.200
172	530.700
3120	530.800
5856	530.500
8136	530.800
9608	530.800
7504	531.500
10736	531.800
1544	532.100
2220	532.500
3452	532.700
6124	532.600
6628	532.600
7468	532.300
5148	535.700
1268	537.700
1508	537.600
4012	538.800
11216	539.400
7576	541.600
10308	541.700
1352	542.700
4828	542.200
904	543.900
12024	543.200
556	544.500
9948	547.800
1528	548.500
9712	548.300
6872	549.300
8224	549.900
3636	551.000
8404	551.000
4628	551.300
7172	551.200
10996	551.200
10552	556.400
476	562.600
832	563.000
7880	564.000
11680	563.400
1164	564.300
6024	564.200
5604	568.000
1260	568.100
2140	568.100
7212	569.500
10640	569.800
11496	573.800
10736	574.600
820	575.700
3560	575.200
4924	577.700
9184	577.200
572	578.700
6328	580.500
12372	580.400
1980	581.200
2500	583.300
5004	583.300
5208	583.100
4356	584.300
4136	585.900
9956	585.600
3640	586.600
1268	587.500
5348	591.000
1436	592.000
3516	591.900
7760	591.500
488	592.200
7356	592.500
2192	593.500
3548	593.300
8784	593.300
6880	596.000
900	596.200
1388	596.200
5856	596.400
7384	596.100
484	598.000
7632	597.500
8104	598.000
1208	600.900
1716	601.900
5208	601.900
6960	601.500
748	603.000
6184	602.300
8244	602.500
11548	602.900
1808	603.600
5120	603.700
7392	603.600
9024	603.600
6456	604.600
7172	604.600
6584	611.700
4208	613.600
16	617.700
7716	619.400
4124	620.600
4624	620.500
9764	620.700
424	621.600
3284	621.900
4048	621.800
4352	621.200
6104	621.200
7296	621.100
7668	621.400
11916	621.900
9208	622.200
11084	622.200
9660	635.800
9344	636.200
5092	638.000
9208	637.200
9328	637.400
5380	638.400
11568	640.500
3996	641.900
11112	642.000
6448	644.400
10852	645.600
10360	647.300
10764	648.500
7964	651.000
1788	655.000
2172	655.200
12256	657.900
12136	659.900
7348	660.200
7456	660.600
11700	660.900
1932	661.500
1984	665.800
1176	666.500
8560	669.100
5828	672.300
2068	673.100
10772	673.300
3388	674.500
8280	674.900
4064	675.500
4280	675.800
680	676.700
148	678.600
10144	678.600
3800	680.200
3568	682.000
4384	682.300
3244	683.600
4096	683.200
9668	683.900
1592	684.600
7080	684.500
7156	684.600
7976	684.600
8372	684.600
2532	685.500
3876	685.100
4744	686.000
4984	685.700
5040	685.800
5220	685.300
6268	685.700
6348	685.500
6788	685.900
7012	685.600
10620	685.600
12320	685.600
2024	686.500
2292	686.400
2788	686.300
6916	686.400
7192	686.500
8000	686.700
4152	697.600
2988	699.100
9712	702.700
3352	703.500
8896	703.700
10252	703.700
10732	703.300
10360	709.300
12308	711.300
9564	713.600
2560	714.900
5044	714.800
2276	715.900
3176	715.900
1816	716.600
5192	717.300
3332	718.200
4932	718.800
8212	718.200
11588	718.800
8036	719.300
10852	719.900
9820	723.600
4332	725.100
644	726.300
2368	726.400
7504	727.800
11480	727.600
1724	728.700
3276	728.100
4688	728.300
8488	728.200
5492	730.100
2508	731.600
11736	732.000
10272	732.500
9064	738.800
12236	741.700
3388	743.200
10988	743.800
7868	748.500
9084	749.000
1044	751.900
752	752.500
4816	752.900
10032	754.400
5184	757.600
6644	757.100
4248	758.100
268	759.800
2464	759.600
4104	759.900
4568	759.300
5416	760.000
6352	759.900
10332	760.000
10452	759.900
12108	759.400
7180	760.100
8104	760.300
11508	760.300
12320	760.300
12360	760.500
12392	770.100
11776	772.400
3808	775.800
8824	777.000
10372	776.400
132	777.200
2940	777.500
4136	777.200
4260	778.000
8896	777.900
9644	777.200
11516	777.200
2328	778.900
8732	778.700
10320	778.200
11792	779.200
2424	782.400
5884	783.600
8080	783.800
7496	784.900
8912	785.600
9204	786.600
3392	787.600
11108	787.300
1524	789.600
2676	791.000
3352	791.000
4900	791.000
436	791.700
2024	791.600
4324	791.200
5716	791.400
368	792.600
764	792.500
1408	792.400
2744	792.400
3064	792.300
4128	792.400
5348	792.700
8568	792.700
11060	792.200
12464	792.200
12340	803.800
5836	804.700
7300	805.100
5556	806.200
6820	807.600
9372	811.200
9216	816.100
2664	817.800
5872	817.300
2548	818.500
2956	818.600
3548	818.300
6600	818.100
8440	818.300
10032	818.300
7136	819.900
7448	821.200
10852	822.000
11956	822.100
12128	822.300
6076	827.500
36	830.200
6868	831.000
2720	831.800
5160	832.000
520	832.600
2816	832.900
7220	832.500
9628	832.200
2112	833.500
4732	833.100
4952	833.600
5204	833.800
7788	833.600
10212	833.100
556	834.600
2068	834.700
2416	835.000
2688	834.400
7096	834.900
7260	834.900
10068	834.900
4876	837.800
10856	837.200
6912	838.700
7904	838.700
904	842.800
5768	843.300
9328	843.100
1488	844.900
6312	844.300
10108	844.100
12192	845.000
3180	845.800
8028	845.900
1720	850.000
9464	852.900
12284	852.100
1708	853.100
11124	853.400
9140	854.500
7896	855.800
7636	856.700
2736	858.000
7844	857.100
5364	858.900
8804	858.200
4132	860.000
3032	860.500
4108	860.900
2468	861.800
52	864.900
5080	872.400
8368	875.900
11564	877.200
5020	878.700
304	881.300
2828	881.400
4884	881.200
7244	881.600
12344	881.100
4648	882.100
11216	889.300
1260	892.200
8780	895.200
5844	896.800
6704	896.100
7384	896.800
6556	897.100
10792	897.300
11240	899.600
7392	902.000
7116	903.700
1448	904.200
6000	904.400
8812	904.400
9372	904.700
456	905.400
9348	906.800
11032	906.600
11164	906.400
12444	906.700
9588	907.400
4136	913.600
8884	914.700
5664	918.600
3176	919.200
4908	919.700
9800	920.000
12020	921.900
5540	922.200
7020	922.900
932	926.900
10196	932.900
12028	936.900
3112	941.700
9208	943.400
5116	945.900
10568	946.600
8224	948.700
8208	949.100
6728	950.500
9172	955.000
9868	954.100
4892	956.100
5784	956.100
1504	957.900
2416	957.100
2488	957.100
5208	957.100
10372	957.800
1336	958.200
8700	958.100
2948	963.900
7660	963.400
11384	963.900
7024	965.200
7328	967.100
7952	969.800
8132	969.300
1492	970.300
3752	970.100
4332	970.300
4848	970.800
9696	970.700
2836	971.200
3152	971.900
7348	971.200
11264	972.000
2088	972.100
2140	972.700
4000	972.900
4108	972.200
5020	972.700
5324	972.700
6144	972.900
8936	972.600
11188	972.900
11472	973.000
3208	973.100
4720	973.700
4588	980.900
4804	983.000
4668	984.700
6620	985.600
10720	985.700
11220	986.400
11300	986.300
2824	991.300
5180	991.700
4204	993.000
4428	993.200
16	999.600
1328	999.500
