# NEST version: 3.6.0
# RecordingBackendASCII version: 2
sender	time_ms
3411	155.300
4071	156.600
543	158.700
5579	158.400
8879	158.700
11279	158.800
11563	158.900
3719	159.400
4227	159.200
4839	159.300
5219	159.300
5235	159.200
8347	159.200
9691	159.600
10983	159.400
11523	159.500
11615	159.400
539	160.200
6775	160.300
10591	167.500
3863	168.900
3871	168.800
6643	172.800
7195	172.600
5291	173.400
2139	175.300
9047	175.400
2595	176.700
3211	176.100
3495	176.400
4623	176.500
12155	176.800
215	177.500
699	177.700
8471	184.400
12227	185.500
43	189.100
2603	192.800
10435	192.100
11123	193.000
7447	193.100
7575	193.600
9559	193.900
3055	196.000
10183	197.300
7511	198.200
3743	201.400
3671	202.300
9591	202.300
2807	204.800
5511	204.400
5943	204.400
9547	212.900
1471	214.000
8975	214.900
2647	215.800
9931	218.000
1811	218.800
6847	218.900
11175	218.400
1555	219.300
11071	219.400
3739	220.200
10615	220.700
3395	221.700
6967	223.600
11747	224.000
2783	224.900
3735	227.300
4679	227.500
9331	227.300
10671	228.000
1319	228.700
6443	228.600
11611	228.700
4007	232.700
7367	233.100
1479	234.300
9807	235.000
543	236.900
1159	236.200
10375	237.300
1651	238.800
271	246.000
6559	245.700
3567	246.700
4839	246.800
10619	246.200
8007	247.300
10447	247.300
7355	252.400
6363	253.600
187	254.400
6907	254.700
9235	254.600
9827	260.500
5703	262.900
979	263.200
1247	263.700
2263	263.700
6843	263.600
9191	263.700
10167	263.100
11055	263.500
2759	264.200
8715	264.300
11707	264.700
1467	265.900
9715	265.400
8831	267.900
4799	268.600
6159	268.900
6335	268.100
11187	268.300
9975	269.300
1067	270.400
1307	271.500
11071	271.900
6039	273.500
7163	273.700
2139	274.100
7327	274.700
12471	274.700
6015	276.000
9823	275.300
4575	276.200
3567	279.900
6707	280.500
7195	280.900
7407	280.500
8647	280.800
8799	280.200
9547	280.500
12359	280.200
12467	280.200
11927	281.100
9571	282.700
1187	284.600
3447	287.000
5263	286.700
5183	287.300
6503	287.700
4159	288.100
4531	289.700
4627	291.000
11315	291.000
11683	290.700
7479	294.000
295	295.800
475	295.600
10595	296.800
2479	300.900
10467	300.600
4739	301.100
2227	303.600
1319	306.300
8163	306.500
1507	307.500
10855	308.600
6323	312.300
11707	314.000
7731	321.500
5451	325.500
4571	330.000
847	330.500
9955	330.400
11199	331.300
4323	333.500
451	337.400
5359	337.800
7963	338.000
1911	339.000
6931	341.800
971	342.400
5395	343.700
9631	343.500
9867	344.000
2091	344.900
5287	345.200
12343	347.600
2231	351.000
8611	353.300
691	356.500
12191	356.500
5603	357.800
10483	359.600
11563	359.800
2387	362.600
9095	364.200
4811	367.400
8183	374.400
3039	375.500
5739	375.500
7279	375.400
7639	375.200
11183	376.000
27	376.400
1415	376.700
1727	376.400
3655	376.900
4543	376.700
6091	376.500
711	379.000
10483	378.600
3007	384.100
547	385.200
251	388.000
4203	387.500
12027	387.600
4347	391.400
1727	395.100
7571	396.000
8023	397.000
1687	399.100
659	406.500
2619	407.000
6287	407.000
1319	408.000
1787	407.600
7379	407.500
8663	408.000
231	408.700
5231	409.000
5655	408.700
6795	408.900
7711	409.000
8987	408.700
10571	409.000
11419	408.600
12047	409.000
511	409.500
1227	409.400
3087	409.400
3891	409.500
6111	409.400
6147	409.300
6443	409.300
6671	409.100
8219	409.400
8311	409.500
9287	409.400
9827	409.400
11287	409.200
12439	409.500
8667	410.100
3415	419.200
3087	421.600
803	422.600
6363	422.600
3891	423.300
5691	423.600
7323	423.600
8347	423.900
10855	423.500
6215	424.300
251	429.100
9063	430.600
1591	431.900
2111	432.000
1487	432.200
2035	432.500
6579	432.200
7995	433.000
8407	432.200
9015	432.600
423	433.700
1531	433.200
2643	434.000
6675	433.200
7127	434.000
7187	433.300
7703	433.400
8195	433.100
9531	433.600
9755	433.600
9823	433.500
11395	433.600
11599	433.700
11995	433.200
1247	434.300
3779	434.200
4363	434.100
1575	448.900
9895	448.900
3131	449.200
1711	451.300
3567	451.500
155	452.900
3379	452.500
4207	452.500
5247	452.600
7671	452.900
8295	452.500
9643	452.500
351	453.600
1307	453.700
2227	454.000
2619	453.900
3107	453.600
3375	453.900
4927	453.600
8139	453.400
8975	453.900
9275	453.900
11707	453.500
775	454.200
1319	454.600
1339	454.600
1699	454.600
2375	454.100
3643	454.900
4215	454.600
4571	454.900
5083	454.800
6203	454.600
7403	454.300
8971	454.700
9823	454.600
9863	454.300
10695	454.300
10803	454.600
11395	454.600
12443	455.000
875	455.200
8575	455.100
9795	455.200
11967	455.200
5287	466.700
5083	468.000
5259	471.100
10591	471.800
4303	472.200
7243	472.100
11035	472.600
1319	473.400
9943	473.100
8287	480.300
8519	480.400
1651	481.300
5903	481.500
10855	481.600
11967	481.700
5295	485.100
3335	490.200
3971	490.900
1683	498.000
5963	498.500
6383	498.200
3087	499.500
4251	499.200
5171	499.600
6003	500.400
5487	503.700
7359	504.000
6919	505.300
1911	506.800
2431	506.100
3515	507.000
9147	507.000
2503	507.400
11931	507.700
4275	510.000
7767	509.700
11431	509.400
12455	515.700
8487	516.900
2775	518.400
4191	518.500
6159	521.000
6151	522.000
11559	521.800
6487	522.300
587	523.600
4295	523.200
4751	524.400
2091	526.000
2971	526.800
7403	527.300
8515	528.000
1631	528.300
6495	528.900
11911	528.400
471	529.500
3379	529.400
7871	529.300
8259	529.200
183	530.500
5975	539.100
10895	539.100
10967	539.500
12071	539.500
3255	546.100
3867	550.100
5415	550.300
5967	550.300
7955	550.500
3295	551.600
7523	551.300
9047	551.400
6359	555.400
7075	556.400
6839	557.100
6667	558.500
10435	558.600
11047	565.900
2431	571.300
9359	572.000
5939	572.400
8327	572.700
11647	572.600
7511	573.500
8583	573.400
9919	574.000
10219	573.200
8247	576.100
11591	578.200
3175	582.400
9143	585.800
12135	586.300
5563	588.500
4215	594.500
619	595.700
1675	596.000
3919	595.100
8179	595.400
4771	596.200
5139	596.400
5575	597.000
10483	596.400
11595	596.700
11975	596.700
7479	597.300
8103	597.100
11199	601.900
2723	605.700
3115	606.500
11231	608.500
343	609.500
4171	609.400
11047	611.600
1099	613.000
2059	612.500
3259	613.000
6651	612.500
1479	614.800
11531	615.000
4939	615.100
6823	615.200
10163	615.700
10899	615.800
11143	615.800
11375	615.200
2263	616.200
3775	616.200
5707	616.300
4467	619.700
3423	622.000
3099	622.700
5203	622.900
11199	622.700
5151	623.900
2911	624.600
7259	624.600
11279	625.200
5411	628.700
10487	629.800
11503	630.000
10219	630.600
11523	635.900
12279	637.500
723	641.100
9407	641.800
12223	641.500
2931	642.700
4915	642.800
2415	643.700
5227	644.500
7923	644.500
10419	644.700
11483	644.700
9475	645.100
11903	645.100
1807	649.500
11319	651.600
4951	652.400
7955	652.200
7091	653.900
2427	654.300
7475	655.900
7	656.400
7847	663.500
8043	663.400
2611	665.400
2883	666.600
11023	666.500
6047	667.300
6511	667.200
4747	670.800
3887	671.800
3575	675.900
5055	676.500
8911	676.200
2467	677.300
4995	677.900
9975	678.000
83	678.400
5623	678.700
9263	678.900
8615	679.900
8327	680.600
259	682.700
9895	686.300
9007	689.700
2807	692.000
4079	691.900
7499	691.800
9955	691.800
1339	693.000
1699	693.000
4123	692.900
6051	692.900
7503	692.200
7723	692.700
7771	692.900
8587	693.000
8779	692.800
10739	692.900
11279	692.200
191	693.200
1299	693.700
5703	693.600
6507	693.500
8747	693.900
12059	693.800
12479	694.500
3003	696.000
395	698.900
7967	699.000
2939	699.700
12227	701.300
4623	702.800
11563	702.500
12199	703.300
5307	707.800
2727	710.300
1079	713.800
2279	713.700
7955	713.400
4779	714.300
10511	714.800
4243	715.500
4255	716.800
1687	717.400
1751	717.100
6931	717.800
8139	717.700
8791	717.300
11975	718.200
4407	727.200
1251	728.500
1687	728.900
2351	728.600
5735	728.700
6011	728.900
12131	728.900
8003	729.800
11035	729.900
11179	729.500
11759	729.800
5499	736.200
12163	736.700
11999	739.000
7559	740.000
10091	739.100
6223	743.500
5603	744.500
7279	744.300
8407	744.300
7059	745.400
7519	745.800
12031	745.400
10507	746.400
6123	752.900
8719	754.600
10699	754.100
6195	755.700
8531	757.200
3115	759.100
9091	759.900
11043	759.500
7187	760.300
1891	762.700
2231	762.400
6055	762.500
6847	762.500
6915	762.900
7387	762.700
2499	763.500
3747	763.700
3751	763.500
699	764.100
2987	765.100
11983	766.000
803	766.500
7667	766.500
9943	766.700
7575	767.400
10039	768.000
547	768.100
1811	768.900
4155	768.400
11279	773.000
6579	773.800
1815	776.800
739	778.300
8747	778.900
2859	779.600
12135	780.000
11435	781.000
2863	781.900
4091	781.300
8727	781.700
9531	781.600
11651	781.700
1227	787.400
3707	787.400
7259	787.700
587	789.000
1279	789.300
1739	789.300
2975	789.400
7639	790.000
9015	789.800
9215	789.700
9715	789.500
11287	789.300
3255	791.000
3603	790.700
3723	790.500
6891	790.500
7323	790.300
8775	791.000
9383	790.400
9399	791.000
9539	790.300
10879	790.700
10935	790.200
11367	790.400
4719	791.100
10375	792.600
95	799.600
2951	799.600
3499	799.800
975	800.600
1551	804.000
12059	803.900
207	807.800
2283	808.300
7703	808.700
9399	808.500
10799	809.000
3175	809.800
3611	809.300
1099	812.600
9447	812.400
8619	813.600
471	814.400
2651	815.800
6383	815.900
10219	817.300
1955	821.000
2675	821.200
5531	822.500
6779	822.500
531	823.500
1495	823.400
1251	824.800
1959	825.000
4667	824.400
7559	824.800
8455	824.400
10967	824.500
11059	824.800
219	825.400
731	825.300
1767	825.100
3239	825.600
7215	825.200
8511	825.200
487	830.100
10335	831.000
11151	830.900
11907	830.400
11471	831.100
883	839.800
2399	840.000
4547	839.500
731	841.900
8455	842.000
11615	841.900
4943	842.400
5015	842.500
2323	843.800
10535	843.500
10879	843.500
2519	846.800
5655	847.800
9943	847.900
4887	848.800
5423	848.800
5899	848.800
331	850.000
6211	849.600
6979	849.800
7211	849.400
1243	851.000
1259	850.500
2255	850.400
2263	850.600
3055	850.500
3603	850.800
3823	850.200
4411	850.700
6691	850.700
7579	850.900
8439	850.400
9047	850.600
9183	850.100
9379	850.800
10659	851.000
10971	850.600
12431	850.700
1315	851.100
8367	857.800
12191	861.300
10263	864.600
11023	866.700
8079	871.700
10163	871.900
1387	872.700
1315	873.600
3139	873.300
187	874.800
2835	874.400
4199	874.100
4791	874.500
7579	874.400
8627	875.300
9075	875.900
11287	878.100
1183	879.900
10131	881.000
1211	882.700
6091	886.000
6931	890.600
11135	891.100
10319	897.000
12139	896.400
4159	897.600
9383	898.000
5503	901.800
9439	902.000
9727	901.300
7215	902.200
4723	903.500
5215	904.000
4951	904.500
647	906.700
1167	907.000
5759	906.100
6579	906.700
6991	907.000
8547	907.000
1743	907.200
8231	907.500
11083	907.700
11779	907.300
467	908.300
2571	908.100
3003	908.100
4807	908.200
7615	908.200
7567	921.700
3919	924.500
331	925.500
8179	925.500
1615	926.700
2615	926.500
4935	926.500
9307	926.100
9655	926.300
471	928.000
1279	927.500
4807	927.600
7491	927.100
8847	927.100
4639	928.300
9483	930.000
2331	930.500
3003	931.400
3511	932.500
3795	932.400
5191	932.700
6503	933.000
7003	932.600
8035	932.400
139	933.700
2815	933.200
4519	933.700
4711	934.000
7759	933.100
6391	934.700
5507	936.800
1675	938.000
6579	937.300
2351	940.800
4455	940.100
4927	940.900
47	941.900
2439	941.200
3875	942.000
4615	941.100
6467	941.500
12359	942.000
835	942.700
1507	942.900
8103	942.900
8507	942.300
11055	942.300
11595	943.000
12415	942.300
2103	950.100
11699	956.200
183	957.100
11135	960.200
5071	965.000
9147	964.600
11391	965.700
2907	966.600
8071	966.200
9739	966.100
10683	966.400
8903	967.200
3631	973.000
4951	972.900
8719	972.600
8831	972.900
1683	974.000
4299	973.300
5951	973.100
6567	973.400
7463	974.000
9747	973.700
9895	973.500
211	974.700
2611	974.800
2727	974.300
2911	974.500
3807	974.900
3947	974.300
4791	975.000
5055	974.600
5779	974.500
6779	974.200
7947	974.900
10583	974.300
11143	974.500
11211	974.200
11987	974.300
12023	974.900
12455	974.200
255	975.100
1459	975.100
2107	975.100
4091	975.100
8703	975.100
10695	975.300
5531	986.500
2755	991.300
5983	992.000
8851	992.300
10067	992.500
3947	994.700
11215	995.700
4027	997.500
2199	999.600
5083	999.900
7427	999.300
