# NEST version: 3.6.0
# RecordingBackendASCII version: 2
sender	time_ms
12160	156.900
48	159.000
7796	159.000
536	159.900
10084	159.600
2920	160.400
4300	160.300
2996	161.400
5064	161.600
8524	161.600
8680	161.400
804	162.900
1928	162.200
6580	162.700
3260	163.300
4312	163.500
6108	163.500
9428	164.800
5340	165.100
12324	167.000
1636	169.700
1324	170.200
7208	171.600
8224	171.400
8968	171.600
10452	171.200
5828	172.600
7084	173.900
10896	174.000
10728	174.300
6052	177.700
4512	181.000
700	182.400
84	183.600
4856	185.000
9776	184.100
9920	185.800
4612	187.100
7812	189.400
6956	191.800
8296	191.800
8720	193.000
10140	192.100
1316	194.800
8496	195.000
4	197.700
4232	197.200
11992	198.400
664	199.300
2180	199.500
2992	200.000
1220	200.800
10740	200.400
3380	201.200
8192	201.900
9100	209.500
4220	210.800
10772	210.900
660	217.600
6124	217.900
9904	217.900
2460	218.900
5264	219.000
7420	218.400
9424	218.900
9360	219.600
9940	219.400
11944	219.600
10012	223.200
11924	226.500
776	227.300
212	234.900
1848	235.000
7740	234.700
10596	234.300
3948	235.600
4176	235.400
4440	236.000
5612	236.000
5808	236.000
8424	236.000
8932	235.900
10836	235.200
12024	235.200
12052	236.400
12112	236.300
2948	245.600
7168	245.100
12300	247.100
1320	249.900
5656	249.500
9688	254.000
10104	253.800
5780	254.200
44	255.500
5892	255.900
6280	257.700
7008	258.700
2312	260.900
2592	260.500
5176	260.100
3196	261.200
10360	262.300
8404	264.700
3764	265.400
4396	265.600
1168	266.200
1804	266.100
11088	266.300
9592	273.900
1652	275.300
12228	276.500
2484	277.800
10792	277.400
3356	278.100
6832	278.300
628	279.700
8028	280.300
372	281.100
3024	281.400
9488	281.100
12028	281.900
11376	282.100
11608	282.500
1636	291.700
2656	295.500
4408	295.900
8148	295.800
472	297.000
4784	297.000
3268	297.300
3712	297.200
10896	297.700
12176	298.400
6452	302.600
2180	303.400
11948	304.600
636	305.100
10936	305.300
2812	306.900
4272	307.600
7956	308.600
10316	308.100
3468	309.100
2564	313.600
10872	314.000
7192	314.900
7264	314.400
10132	316.200
2908	320.400
5700	320.500
8388	322.000
12200	321.300
5596	325.600
4948	327.900
11776	327.500
896	329.000
2996	328.200
7088	329.000
10768	328.300
6244	331.700
9720	336.600
2764	338.800
11404	342.300
7680	344.100
3936	345.600
11076	345.300
280	346.800
2004	346.200
8080	348.200
10508	348.800
6840	349.700
8832	350.100
9928	350.600
4872	354.000
5620	355.300
6404	355.400
7656	355.800
1068	356.500
2580	356.300
8	357.900
11120	357.600
9668	358.200
9984	358.500
11184	358.200
1776	359.600
9584	359.900
276	367.400
2248	367.100
7072	368.100
9368	369.200
4068	370.100
1420	371.300
8672	371.800
12372	371.400
1856	372.100
5584	374.900
8236	376.600
3996	380.200
9192	380.100
6992	383.500
6280	384.900
8908	385.000
5064	385.500
10528	386.000
908	387.600
816	389.000
2844	389.500
2912	389.900
8144	389.800
6260	390.300
6528	390.800
8184	390.200
8564	390.100
9660	390.800
9968	391.000
10924	390.600
11108	390.400
2388	391.800
8148	391.200
10012	391.800
7292	397.500
11396	397.800
5060	399.100
5228	402.400
7956	403.000
10588	402.100
2996	403.800
8300	403.200
11376	405.700
5180	407.800
3188	409.300
7724	409.700
7852	409.900
11648	409.700
1580	410.300
2180	410.700
2708	410.500
4148	410.100
11208	410.900
11884	411.200
9452	414.800
1972	416.500
8152	418.700
10000	422.300
5912	423.800
6888	423.600
2996	424.800
3052	424.500
5720	424.500
6092	424.900
8088	424.100
8616	424.600
9020	424.900
4	425.500
340	425.100
1504	425.700
2640	425.200
3692	425.200
3804	425.200
4828	425.500
5920	425.700
8600	425.600
9688	425.200
11772	425.700
12240	425.200
12260	425.200
3888	426.600
4620	426.600
5384	426.600
5800	426.100
11688	426.600
3012	443.400
5380	447.300
9340	450.500
10624	452.700
5928	454.900
1180	456.900
3664	458.300
8244	458.700
10512	458.700
11260	458.800
11688	458.600
1908	460.000
2036	459.100
2132	460.500
828	464.800
9568	464.900
8960	465.300
1624	466.100
1740	468.900
6076	468.300
12428	468.100
2064	475.700
6392	475.800
9028	475.300
8616	476.700
3312	477.100
6736	477.100
8192	477.800
7012	479.700
504	481.400
11048	483.200
10424	485.800
1132	487.500
7084	488.500
1800	490.000
1776	491.600
9316	491.600
10152	491.900
11384	492.700
6080	493.100
5272	494.200
8716	494.100
9728	494.200
4748	495.400
6636	495.800
7552	495.200
3908	496.200
6864	496.800
7620	496.400
8936	496.400
12076	496.600
9144	497.800
1544	502.300
11332	503.000
6604	503.400
11248	503.700
4088	504.400
564	505.400
6844	507.800
9568	510.800
2580	516.900
5464	516.400
12376	518.700
8180	519.400
10808	519.300
7684	521.300
1016	522.500
1060	523.300
3856	523.900
4572	523.900
10188	523.200
10260	523.100
148	524.900
3652	524.300
6464	528.000
4064	531.800
4760	533.600
4680	535.100
5028	537.600
512	538.700
3152	541.200
10132	541.800
7504	543.000
11144	542.300
12000	543.200
1604	545.400
5072	546.400
5636	546.400
4232	547.100
7948	548.400
10768	549.500
3356	550.700
3200	551.700
388	552.900
1820	552.500
2820	552.900
10012	552.100
11164	552.500
1212	553.300
3780	553.100
3956	553.300
3708	557.400
2012	558.500
6756	558.600
8	559.100
4960	559.100
5060	560.000
9480	559.700
2092	560.500
10784	561.300
5456	562.400
8300	562.100
11628	562.700
340	563.500
7956	563.800
7864	564.900
568	565.200
2236	565.600
6260	570.900
8292	571.100
12216	573.300
2224	576.000
9456	577.000
908	586.700
4456	586.200
9688	592.000
504	596.100
9996	597.600
4476	598.300
7140	598.900
11444	598.600
2856	599.500
3528	599.800
7688	599.500
10396	599.100
12092	599.600
5288	600.500
5812	601.000
2128	603.400
3088	603.100
5332	604.500
11952	604.200
4300	605.500
11688	606.200
2848	607.100
1912	608.600
8460	608.300
2208	609.300
1652	610.600
10672	610.400
11248	610.100
6216	611.900
7584	612.400
1880	617.500
2924	617.700
2008	618.700
5160	618.600
10424	618.700
4308	619.600
7356	622.300
1348	624.800
3332	624.500
4804	624.600
9612	624.900
988	625.700
4764	625.200
11944	625.300
8140	626.200
12032	626.200
12448	630.000
664	634.500
9468	636.900
7428	637.500
1412	638.900
2636	638.500
10272	639.700
2176	640.400
9928	640.800
1072	644.500
4876	649.900
208	651.500
7760	651.600
10780	651.900
11124	653.500
3336	654.400
4424	663.000
11116	664.000
11596	663.700
3940	666.000
11624	665.100
2908	668.600
4284	669.300
76	670.100
4904	670.600
3944	671.500
7464	671.600
10116	671.900
1284	672.600
5632	672.300
6688	672.900
10344	672.300
11560	672.700
11852	672.300
12500	672.500
7900	673.300
11080	677.900
12228	682.300
4064	684.600
6172	684.400
8300	684.600
6180	685.900
12408	685.600
1372	686.200
3920	686.900
7228	686.500
7476	686.600
4792	687.300
4032	688.700
11688	688.700
7468	692.400
2032	696.800
4780	697.000
52	697.100
5968	697.200
11560	697.600
1000	698.200
12304	698.700
3576	700.300
5788	705.200
1820	706.400
9432	706.300
2316	707.100
12440	707.600
404	708.100
3108	708.300
12276	709.800
10744	711.100
72	718.300
1768	718.100
12404	719.700
9288	720.100
6324	728.300
7368	728.400
9556	728.600
12440	728.500
4656	729.300
8760	729.700
936	730.900
5804	731.000
784	731.800
1244	731.400
2552	731.300
11700	731.700
4236	732.400
4308	732.400
4708	733.000
7132	732.600
9896	732.200
12088	733.500
7160	738.900
11628	738.200
11720	739.500
5208	744.400
8756	744.400
10748	744.900
3740	749.000
2708	749.500
7208	750.700
7408	750.100
8600	750.400
12176	750.100
11976	752.000
11280	752.200
9408	753.200
9300	754.600
9948	754.100
2648	756.900
10068	756.400
3052	757.100
952	758.600
4888	758.200
6580	758.800
11800	758.400
412	759.200
9108	760.100
3516	761.700
4368	761.500
2528	764.300
12052	768.400
1504	771.600
1484	772.200
12472	774.700
1512	781.000
9412	780.800
2188	781.900
2508	782.000
9036	781.800
1644	782.200
5656	782.300
6416	782.800
8260	782.700
8664	782.500
12184	782.100
6396	783.200
5332	785.500
4836	786.300
10260	788.100
11860	788.500
3316	791.400
9200	791.200
1880	792.400
7316	794.200
9244	794.100
6828	796.700
9672	796.300
3876	797.100
6424	797.200
9068	797.400
10012	797.700
11280	797.100
8504	798.300
2896	803.500
8592	803.600
1564	804.500
8724	804.700
11316	804.500
1464	805.100
6332	805.400
220	810.800
9160	811.800
6284	812.300
10184	812.400
10508	819.400
852	820.100
5496	820.400
11852	822.100
8980	826.700
2200	827.900
4300	828.000
9084	827.500
8728	828.500
12004	828.700
280	829.300
4192	829.500
11176	829.700
2688	830.500
472	835.200
2400	837.600
5184	837.600
4184	838.700
10872	838.400
364	839.800
1288	839.400
1420	839.300
424	840.800
5240	840.900
11200	841.000
12088	840.400
6676	841.100
10748	841.100
11444	841.200
9024	846.900
12156	846.800
888	847.300
12164	851.400
4560	853.000
736	854.300
9348	855.200
2064	857.800
6020	857.400
9760	859.400
11852	859.700
4904	861.500
10512	861.400
10700	866.200
1064	868.500
7808	869.800
8236	869.900
1480	870.300
1588	870.800
3544	870.200
4420	870.800
4784	870.200
6528	870.100
9332	870.400
172	871.500
668	871.300
2444	871.200
3840	871.200
4620	871.400
5568	871.500
6332	871.300
8328	871.400
10008	871.400
11156	871.300
11832	871.700
12080	871.300
12368	871.200
8952	872.100
4420	889.800
4620	892.800
9176	893.200
12368	893.500
2352	895.800
2368	895.100
7004	895.900
8540	896.200
8648	896.500
1684	897.300
2476	897.900
2532	897.700
3776	898.200
6944	898.300
7480	898.400
10744	898.500
11272	899.300
880	907.100
8964	907.800
44	908.500
5264	908.300
5676	908.600
2188	909.300
10728	910.000
10748	910.000
1484	910.600
8356	910.600
132	911.700
10732	911.600
11088	911.500
11616	911.700
3288	912.500
4620	912.300
11020	912.200
5588	916.600
10008	920.800
4560	921.200
1920	922.200
1652	923.800
9248	924.800
3296	926.100
3712	926.300
4160	926.100
4584	927.400
7920	927.500
2764	928.100
6404	928.900
1048	929.600
1996	929.900
5124	929.800
5892	929.200
8220	930.000
3288	930.800
4240	930.800
5488	930.100
6016	930.700
9384	930.500
9872	930.100
10100	930.600
10692	930.600
8924	931.400
9940	931.500
11888	931.700
12100	931.100
1060	934.300
6068	936.500
8720	936.700
5104	937.200
1952	938.200
10040	938.300
3436	939.700
3500	944.000
4008	944.500
5996	944.300
1960	946.000
2648	945.900
3308	945.900
11312	945.300
12376	945.400
2436	946.300
10912	946.300
7156	950.500
1628	951.800
768	952.700
3908	952.200
140	953.700
740	953.300
3532	953.700
1984	955.000
7028	954.600
4908	956.800
4932	956.900
5204	956.600
6956	956.800
8288	956.900
2616	958.000
6196	958.100
12208	958.800
2464	959.400
5832	959.400
8856	959.100
3108	962.900
11760	963.500
11972	963.600
11336	964.400
5224	965.100
8768	965.400
6424	966.600
8352	966.500
1836	974.000
7928	973.700
1456	974.500
5316	976.500
816	977.300
2508	977.100
3120	977.300
7848	977.200
8092	977.700
8712	977.500
5808	979.000
7492	978.900
3796	981.200
1468	982.100
8060	982.300
9392	982.900
6292	983.900
4640	984.400
5544	984.300
5760	986.000
244	987.000
2428	986.800
2924	986.700
5992	986.200
6228	986.300
6316	986.800
6488	986.900
9960	987.000
3416	987.800
3628	987.900
4340	987.200
5064	988.000
5140	987.800
6720	987.700
7420	987.700
8856	987.500
9724	987.700
11744	989.000
2972	994.800
8908	995.200
1080	996.800
4424	997.600
10048	997.400
1752	999.000
2144	998.700
5492	998.300
7500	998.100
9996	998.300
3312	999.800
3936	999.300
