# NEST version: 3.6.0
# RecordingBackendASCII version: 2
sender	time_ms
6670	158.300
6526	159.100
214	160.900
5250	160.600
5342	160.900
7666	160.800
11502	160.800
518	161.300
3098	161.300
3250	161.300
9570	161.200
11418	161.300
6034	174.800
2202	176.200
8218	176.800
4154	181.000
6086	181.500
2774	182.200
5170	183.000
11018	182.900
10526	184.700
8434	186.900
3950	188.100
4082	188.200
334	189.900
5746	189.400
2342	190.700
5886	190.300
11922	190.100
8214	191.600
9138	191.600
2726	194.900
11578	196.700
990	197.200
10862	198.800
6330	201.100
1090	202.100
6602	203.000
294	203.200
5194	203.600
4070	205.500
10022	205.800
2566	206.300
7930	206.300
8978	206.100
9526	206.400
9910	206.300
986	207.100
2482	207.500
9510	208.400
4014	209.700
4046	210.400
4154	210.500
7898	210.700
10010	210.600
12030	210.400
2362	211.100
1526	213.900
7058	214.300
8750	215.500
342	218.400
158	220.000
3074	220.800
5090	220.200
10806	220.500
11846	221.000
3538	221.200
4294	221.900
8306	221.200
10150	223.400
494	226.900
10302	228.600
4882	229.400
4918	229.900
3646	230.400
3414	232.000
7966	232.400
1010	234.400
10366	236.100
12494	236.800
7562	238.500
11614	239.600
5926	240.300
11754	241.000
9930	241.100
12234	241.200
438	244.000
394	247.000
2422	248.300
5110	248.100
6722	249.700
11494	249.700
6526	250.800
11926	250.700
1698	252.700
6058	253.800
12174	256.300
3298	257.200
7082	257.400
4446	258.600
642	259.100
1634	259.700
3554	259.700
8062	259.900
10966	259.700
3058	260.200
3762	260.200
4870	260.800
7810	260.900
1438	262.000
1938	261.600
5350	262.600
7730	262.300
10226	262.500
7790	263.500
8382	265.100
9166	267.700
9250	267.700
11470	268.000
406	268.800
794	268.900
9986	268.900
11506	268.800
1126	269.700
2166	269.100
4882	273.000
8482	274.200
4486	278.100
1870	279.100
5250	281.000
6790	281.900
9370	281.200
1770	282.200
7358	283.100
7578	286.900
4042	287.900
7802	287.900
10858	288.700
11210	289.000
8186	289.100
1902	292.500
3498	293.000
6030	294.000
10338	293.200
2642	294.100
6242	298.300
10962	298.800
3994	300.500
7782	300.700
11766	302.000
10022	302.300
10590	302.500
3650	303.800
594	306.100
11058	307.400
11070	309.400
26	310.100
582	318.800
8798	319.200
11138	319.200
4598	320.500
4750	320.400
9498	321.000
2398	321.100
4610	321.400
7510	321.100
8382	321.400
10230	321.900
1126	323.600
2050	324.600
8030	328.300
6630	329.800
8066	329.400
9138	330.000
7022	331.200
2966	333.600
54	335.900
498	335.700
858	336.000
6730	336.000
8494	335.300
8966	336.000
10202	335.400
12106	335.600
1070	336.300
7558	336.300
11362	336.700
1742	337.300
4326	337.600
2826	339.300
4282	341.000
114	341.900
798	342.200
7290	342.500
8582	342.900
1870	343.500
2282	343.600
3110	343.400
11942	343.300
414	344.600
3122	344.900
3146	344.300
3974	344.600
5126	344.200
5166	344.600
6550	344.600
6722	344.500
6970	344.500
7138	344.800
7934	344.700
8178	344.800
9278	345.000
11886	344.600
12482	344.500
12490	344.400
4850	345.200
8794	345.200
3854	356.400
8982	356.400
8830	357.900
12410	357.900
4770	359.900
5954	360.700
10662	360.300
2074	367.100
3894	367.200
9734	368.900
4990	369.800
5126	371.600
1614	372.600
11346	374.100
6106	376.000
6418	376.800
9438	376.500
4850	377.400
2002	378.500
4226	378.400
5282	379.000
6062	378.600
7714	378.900
10562	378.300
11478	378.700
122	390.500
762	396.500
3286	397.200
4790	397.600
7926	397.700
8126	398.000
9562	398.000
8178	399.000
8230	398.600
5366	400.000
6138	400.000
5198	400.200
1970	401.800
3854	401.100
4542	401.200
10526	401.300
4614	404.000
7706	403.800
2566	405.600
9510	405.700
11090	405.600
3810	406.900
8698	408.600
9310	408.600
134	410.800
2154	410.800
4234	410.800
8434	411.800
3470	412.500
3910	412.600
6246	412.700
8870	412.800
1070	414.000
1338	414.000
1622	413.900
6762	413.900
10074	413.400
10202	413.800
11774	413.400
2126	414.700
5330	414.900
5694	414.900
11130	414.200
11418	415.000
4478	415.100
2986	424.100
1994	429.000
7902	429.100
2	430.200
3778	430.400
6406	430.200
1886	431.900
3278	431.600
6698	431.700
11982	432.900
9402	433.100
11034	433.700
118	437.100
198	437.900
3954	438.000
9970	437.100
10222	437.800
11994	437.500
4330	439.100
3590	440.100
10986	440.500
3386	441.800
3506	441.200
4346	442.700
1490	444.000
390	444.500
4250	445.000
11970	444.200
4990	446.900
8366	446.300
8966	446.300
5182	448.000
7826	448.000
6026	448.800
6834	448.700
7302	448.800
9118	448.300
1574	449.300
5022	450.900
10586	452.000
1682	452.700
8574	452.300
10054	452.500
8694	453.300
4214	455.700
5086	455.900
7602	455.800
9086	455.300
1914	456.200
5674	456.700
11002	456.500
12294	456.400
5742	458.300
5458	463.900
4266	467.900
7526	468.900
5378	469.400
6042	469.400
7750	470.600
10034	470.400
11034	470.600
11238	470.500
11266	470.400
10570	478.700
10690	480.900
4210	483.600
958	486.200
802	487.800
5018	487.800
4266	488.800
5270	489.000
5574	488.500
9542	488.800
1618	489.400
3610	489.200
5766	489.200
9490	489.200
11326	489.600
6118	491.300
6430	493.000
1498	493.600
5198	493.600
7054	494.000
10414	493.800
12446	494.600
1994	501.600
3014	501.300
6870	502.000
8330	501.300
586	503.000
2394	502.100
3358	502.400
6534	503.000
9570	502.600
10722	502.600
482	503.200
566	503.100
1618	504.000
2022	503.700
6034	503.400
4082	504.900
4642	504.200
5158	504.200
6846	504.300
8658	504.300
9090	505.000
12174	504.400
11538	505.500
9738	516.100
12394	518.300
4386	528.000
9938	527.300
9302	528.900
9614	528.500
7638	530.100
9722	530.600
7834	531.300
8950	531.600
9394	531.700
11942	531.500
8142	532.100
1678	534.800
3302	534.900
11086	539.200
4362	543.400
9090	544.200
10230	544.600
6786	545.700
246	547.600
1058	547.900
1846	547.700
8698	550.300
1966	551.300
6354	552.000
7742	552.300
2954	556.200
8014	556.900
3662	557.900
9594	558.900
5118	559.200
11038	559.900
3982	560.600
4842	560.800
6946	560.100
11062	561.900
4634	563.000
11346	563.000
146	563.300
11058	564.600
6182	565.600
12314	567.100
3274	579.100
1798	580.300
11930	580.900
8506	581.700
646	586.200
9006	587.800
3706	588.400
258	589.400
1950	589.300
3702	589.100
614	591.400
3218	595.900
11238	596.500
5846	598.700
7438	598.800
11034	600.800
4862	601.600
6978	601.600
10390	605.700
5530	606.400
11490	608.000
11674	607.500
9342	612.900
3814	613.200
5498	613.500
3994	615.000
10786	614.100
12342	614.900
12386	614.500
9454	622.100
11358	626.500
1234	627.700
178	628.900
226	630.900
7658	630.700
5498	631.500
9802	631.500
7606	632.900
9874	633.000
11950	632.100
4534	633.500
230	635.800
7706	635.700
522	636.300
5166	642.900
3410	644.000
5686	643.700
9594	643.900
10014	643.100
11618	643.900
6134	645.000
38	646.000
2490	645.700
11982	645.400
1506	646.800
2914	647.100
6458	648.700
8754	648.100
6946	650.700
3430	651.300
770	652.600
1562	653.300
1118	656.000
2826	656.900
3082	656.300
90	657.600
3358	657.400
3470	657.300
5054	657.800
10082	657.600
10706	657.100
11798	657.600
246	658.300
8126	658.300
8582	663.700
2098	664.500
1454	665.200
5966	666.500
6750	666.300
6846	666.300
1722	667.400
9406	667.800
5846	668.200
1418	671.700
11410	673.000
5378	674.700
2826	675.500
6842	677.100
8306	680.000
11690	679.300
1866	681.900
1698	685.700
11798	685.900
4266	687.900
6978	687.600
3642	689.000
3702	688.500
3026	689.500
3386	690.000
4034	689.100
5822	689.200
10858	689.100
386	690.300
11610	690.200
5110	697.100
9510	697.300
12406	697.500
12434	698.400
8966	701.300
7494	703.500
5838	705.300
1574	706.300
11074	706.800
5318	713.000
2426	714.100
8866	715.000
11654	714.100
11358	718.000
2958	718.200
2158	722.600
9826	723.000
10482	723.300
3386	725.000
4370	726.100
7850	726.600
4706	727.300
9842	729.200
334	730.700
1866	730.200
10334	733.100
5074	734.100
2314	735.300
7126	735.600
9606	735.400
5786	736.500
6810	737.800
9390	738.900
6038	739.900
6786	740.600
310	742.000
614	741.200
1754	741.800
3834	741.800
5306	742.000
6238	741.400
9626	741.600
10038	741.100
1978	742.100
11298	753.800
9186	756.500
3266	758.000
5194	760.500
1578	761.300
5146	762.300
11326	763.700
4342	764.400
3022	771.000
10146	770.800
12338	771.700
9794	772.200
9370	773.600
8878	775.500
9110	775.900
8478	776.400
8594	776.900
8382	777.900
1370	778.900
5882	780.000
2518	780.600
10618	780.700
11006	780.200
9810	781.800
1438	782.500
8954	784.000
1618	785.000
6770	784.400
1402	786.400
4522	786.700
694	788.000
1430	787.800
4954	787.400
5218	787.700
6218	787.700
6810	787.400
7078	787.300
7190	787.700
7306	787.800
7406	787.800
11510	787.700
4870	788.300
8190	788.400
9070	788.100
11478	788.400
11186	800.400
114	803.400
1342	803.600
5702	804.100
2662	805.300
10186	807.000
274	807.800
3434	807.300
5654	807.500
5846	807.600
6286	807.300
7406	807.700
8854	807.300
10058	807.200
12102	807.800
12342	807.600
5114	815.100
2022	823.600
4842	823.300
830	824.700
3494	824.300
7086	824.100
8638	825.000
8778	824.400
8802	824.600
11106	824.200
1138	825.500
6686	825.600
11394	825.900
6162	827.800
10546	827.100
1426	829.300
5234	830.600
7938	830.700
86	836.800
30	838.400
4314	838.300
9778	841.700
2542	843.500
262	844.800
10438	844.300
10570	844.800
11638	845.100
11382	846.300
670	853.100
9382	854.900
1462	855.700
11346	855.600
3694	856.300
8854	856.300
10698	856.900
1618	858.900
2226	858.700
3962	858.300
7378	859.100
11554	859.400
12246	859.400
4410	860.200
5334	861.200
7982	862.500
6606	864.000
1834	864.900
2210	866.000
8150	865.900
10550	865.900
5966	867.500
6762	869.900
8010	869.900
12074	869.100
1810	870.900
1970	871.000
11006	870.200
1122	872.400
5502	876.800
370	878.600
5698	880.000
10090	879.400
790	880.200
7842	880.800
11138	880.300
11882	880.100
2926	884.700
6378	887.500
6478	887.700
30	888.700
1198	889.600
8270	889.200
1714	890.600
2350	891.000
7030	890.400
11666	890.400
2970	891.700
5534	892.500
5546	894.700
1214	895.300
4430	900.000
12334	901.500
2766	909.300
8954	909.300
11586	909.100
5182	911.100
2718	912.900
7774	912.400
9586	913.800
11098	913.500
1650	914.500
11230	915.700
26	916.800
38	916.200
6022	916.700
726	917.800
5246	917.400
11190	917.700
11898	917.800
5774	919.600
8850	919.200
2950	924.700
3538	924.500
6146	924.600
11634	924.200
894	925.800
7670	926.000
1226	926.400
12494	926.200
5514	927.500
8058	928.200
422	929.400
1890	929.300
7854	929.300
11630	929.200
8718	930.400
8750	932.900
4362	935.800
8706	937.400
11138	937.200
11946	937.600
7582	938.400
7822	938.300
1126	940.000
5386	951.000
2810	952.000
9654	951.800
134	952.700
1466	952.800
5426	952.200
8634	952.900
10082	953.000
5074	953.500
9862	953.600
12390	953.300
5070	962.000
3318	962.200
10282	962.200
10462	962.200
1030	964.200
4722	966.000
5946	968.200
9630	968.200
2190	969.200
9706	969.600
2482	970.400
7198	970.100
7742	970.900
9938	970.400
526	971.500
5914	971.400
7566	972.000
4994	973.000
5166	972.900
9678	973.000
12238	972.800
5546	973.100
10286	973.500
10646	973.900
11830	973.100
4586	978.500
10342	980.100
1710	984.700
3938	986.000
3438	987.000
4742	986.900
8126	987.000
10150	986.700
2182	987.600
3722	987.500
7666	987.700
8858	988.000
2550	988.200
8354	988.100
11630	988.200
3386	989.300
5882	989.900
10346	991.300
3854	995.500
6302	997.000
6378	996.100
10374	996.500
1098	997.100
2206	997.300
7902	997.100
2938	999.000
5554	998.300
5934	999.200
