# NEST version: 3.6.0
# RecordingBackendASCII version: 2
sender	time_ms
894	157.400
2130	158.900
6342	158.600
11022	158.500
1794	159.100
3586	159.200
4358	159.400
4618	159.200
6194	159.200
8790	159.600
9442	159.900
9962	159.200
1526	160.900
2890	161.000
4710	160.900
5454	160.100
5822	160.200
5842	160.600
10610	160.600
4062	161.200
5066	161.600
6822	161.900
7610	162.000
7990	161.900
8578	161.900
9986	161.800
10726	161.100
10742	161.900
10838	161.800
10886	161.500
11454	161.500
3686	162.200
3098	170.800
6470	174.000
10506	173.500
11154	173.300
1406	174.800
2378	174.400
110	175.600
9486	176.700
1118	177.800
1330	177.800
2150	177.100
8070	177.700
12134	177.200
1902	178.100
2542	178.100
8830	179.000
12298	179.000
8462	179.300
9694	179.700
12250	180.000
1290	180.100
6178	180.900
10270	180.600
10910	181.900
270	194.800
10134	195.800
1498	200.300
11754	201.600
7782	204.500
1102	205.400
7094	206.900
3890	207.900
5382	208.000
7282	208.200
10494	208.700
2710	209.900
4090	209.700
7910	209.200
1426	214.700
9702	214.800
7702	216.600
9034	216.200
1390	217.300
2386	217.100
3990	217.400
5750	219.500
118	223.700
878	224.600
2442	224.500
4902	224.600
6198	224.800
9162	225.800
4298	226.200
7102	226.700
11250	226.600
11450	226.300
8202	227.400
9042	229.000
6838	233.500
10590	233.300
3934	235.200
8718	235.500
2938	236.600
8178	236.600
11522	237.600
10494	239.000
1714	240.000
2626	240.900
542	243.700
2002	243.600
4926	243.300
9478	243.600
10950	243.300
11122	243.100
782	244.200
3630	244.100
6674	245.000
7910	246.600
11718	246.300
12442	246.100
7534	254.900
11254	254.100
12158	254.700
6734	262.300
1762	264.200
2742	265.700
7118	266.000
8334	266.000
9506	265.900
10442	265.500
1274	266.800
4754	266.400
5494	272.200
3954	274.800
3978	276.800
5930	277.600
8114	277.200
8438	278.900
2714	279.200
4022	279.400
4418	279.400
1274	280.700
2950	280.600
6054	280.200
2634	281.100
4594	282.300
4678	283.000
7942	282.800
10102	282.500
266	283.800
2790	284.000
4438	283.100
11982	283.800
12082	284.000
1398	284.600
10062	284.500
12362	296.600
9578	297.900
4946	299.000
6726	298.900
2150	299.500
2690	300.000
5338	299.800
6590	300.000
2458	301.000
4030	300.200
8894	301.600
10806	301.300
7486	304.600
6618	309.800
3158	310.800
3554	310.600
4022	310.700
4818	310.800
5070	310.500
10122	310.100
11170	310.400
266	311.200
1802	311.200
3710	311.600
10270	311.300
3202	321.900
5498	322.000
2598	322.900
1294	323.400
2554	323.300
4234	323.900
10618	323.800
10978	324.000
6518	324.400
5050	328.000
4458	329.400
3922	332.600
1518	333.200
3182	333.600
3294	333.800
6390	333.600
6482	333.500
458	334.200
2438	334.800
2794	334.300
2962	334.300
4094	334.300
4170	334.800
4802	334.800
4986	334.500
5226	334.700
5558	334.900
6782	334.800
10106	334.600
10478	335.000
12142	335.800
1026	346.700
462	347.100
2178	350.000
6254	351.100
6354	353.200
5558	357.900
7526	358.000
894	359.700
3102	359.400
6030	359.100
6158	359.100
4038	361.100
11998	362.300
5578	363.100
12350	363.100
8334	372.400
6418	373.800
5026	374.300
346	375.800
394	375.600
1794	375.300
2598	375.100
7890	375.400
5094	377.100
4066	379.900
3086	381.000
5434	380.800
8018	381.500
9930	381.600
12462	381.800
3194	382.600
4630	382.700
4710	383.000
11946	382.500
9198	386.400
11590	387.200
6054	389.100
1850	390.100
3018	390.400
3370	390.100
9034	390.800
10162	390.200
10210	391.600
3794	392.100
7046	392.100
12182	392.300
3542	394.100
7842	397.400
350	399.000
1322	399.500
4238	399.800
4822	399.100
7246	400.000
9702	399.700
11578	399.400
5218	400.500
8150	400.200
9178	400.200
9514	400.200
34	401.100
814	401.200
1354	401.200
3282	401.700
3386	401.200
6574	402.000
2538	402.200
4282	402.500
5894	402.700
7798	402.300
806	411.400
1770	411.600
8486	413.700
8902	414.000
534	414.300
3850	415.100
5450	415.800
5306	416.400
7026	416.900
1002	417.600
6590	418.100
7850	418.400
5162	420.000
7190	419.200
9386	419.800
6902	421.000
254	422.000
2462	421.800
478	422.900
6890	422.200
7406	423.000
8758	422.900
3258	423.900
9078	423.800
11474	423.800
11938	423.800
2838	424.200
4522	432.000
12222	431.300
11746	436.900
326	437.700
3718	437.800
4154	437.800
4418	438.500
4750	438.700
7622	438.800
590	439.900
610	439.800
7078	440.000
7970	439.800
8054	439.700
8470	440.000
8746	439.700
10442	439.200
11198	439.600
10222	440.100
10406	440.200
12022	440.100
8706	458.100
8802	458.200
2954	459.900
2730	460.600
10938	460.900
11554	461.000
1118	461.900
7814	461.800
1282	465.000
954	466.100
750	469.800
11746	469.600
786	471.900
6474	471.400
10850	472.000
6042	472.900
11194	472.800
6842	474.000
8478	475.600
12066	476.500
1722	477.700
5466	477.400
3182	478.800
3334	479.700
3730	481.700
4246	483.700
7866	484.600
4774	485.500
2418	487.400
3166	488.800
5230	488.300
1038	489.300
6266	489.500
3618	491.100
434	492.400
10598	492.300
8494	493.400
2378	494.800
12022	494.500
5206	495.200
7086	495.100
11090	495.300
4654	498.800
7746	502.800
7714	504.800
10814	504.900
9054	505.600
1394	507.200
1634	513.900
2382	513.300
5890	513.200
5926	514.800
10930	514.600
7170	516.400
4002	517.400
9278	518.200
11070	518.800
11442	519.000
1386	519.600
8222	519.300
10026	519.600
3002	525.400
842	530.800
10894	530.700
5946	531.600
6950	533.600
7746	533.500
9566	533.900
3726	534.300
11686	534.700
12318	534.700
1934	535.100
7210	535.400
10402	535.300
8266	538.100
3186	539.600
6570	541.600
8458	541.600
150	542.200
9278	542.100
10366	542.600
9042	546.500
3606	549.700
2938	550.500
6154	550.900
11974	550.900
550	552.000
2950	551.600
4834	551.700
4846	551.800
7074	551.100
10750	551.500
1350	555.100
2666	556.400
8002	556.400
3130	558.500
6954	559.500
9514	559.500
10050	559.100
10286	559.500
462	562.900
2310	566.800
5890	566.900
1250	567.900
3894	567.900
254	568.700
3770	568.100
3862	568.600
3902	568.900
5966	568.600
7434	569.000
12410	568.200
182	569.700
4310	569.200
5010	569.800
5818	569.100
7418	569.300
10670	569.400
12334	569.800
7502	574.900
5062	576.600
7338	576.100
7522	579.000
2274	579.900
1350	580.900
6078	581.500
2078	585.000
5258	584.600
2706	586.500
5714	587.000
7850	587.300
8650	587.900
11902	587.600
2674	588.500
5466	589.800
678	590.100
754	596.800
4438	598.800
7170	598.900
8458	598.700
242	599.900
4558	599.500
6514	599.700
9698	599.700
10594	600.000
2602	600.700
2942	600.900
3246	600.500
3558	600.200
3958	600.700
4170	600.400
6938	600.500
7446	600.400
8194	600.800
8658	600.200
9690	600.500
10458	600.400
10994	600.900
11962	600.700
1950	601.100
8402	601.900
12338	613.900
1022	621.700
3334	621.900
5702	621.900
7482	621.700
570	622.700
1030	622.700
1250	622.900
1798	622.800
3070	622.800
4058	622.800
5866	622.300
7190	622.900
7790	622.700
10	623.800
290	623.800
594	623.900
766	623.600
3134	623.900
3474	624.000
3574	623.900
4062	623.800
4346	623.600
4578	623.900
4758	623.600
5578	623.800
6262	623.800
6370	623.900
6474	623.800
6538	624.000
7402	623.600
7598	623.900
7754	623.800
7770	623.400
8010	623.800
8514	623.800
8894	623.700
9366	623.500
9886	623.700
10382	624.000
10446	623.800
10706	623.900
11066	623.800
11074	623.600
11230	623.800
12086	623.500
2098	624.300
3886	624.200
4446	624.400
4818	624.400
5642	624.200
6038	624.300
2098	638.600
11074	638.200
7190	642.000
2294	642.400
3134	642.900
7754	644.100
8582	645.600
11934	645.800
290	646.100
5206	652.500
11630	652.600
434	653.800
6026	653.500
6474	653.300
7630	653.500
11774	654.100
4222	656.100
7902	656.100
7474	660.900
8182	661.800
1082	663.200
2906	663.600
2010	664.500
10278	664.200
6038	669.800
3182	673.400
5998	673.500
11994	673.800
1346	675.000
2434	674.100
2934	674.900
6214	674.600
7818	675.000
2098	675.200
6622	675.600
8482	675.100
11034	675.700
10594	681.400
3858	685.000
9482	685.000
2886	687.400
11482	687.400
3034	688.700
4286	692.000
82	693.000
1854	692.900
7038	692.600
7354	692.500
9102	693.000
3090	693.500
4086	693.500
5546	693.100
8006	693.600
8746	693.700
10466	693.500
10510	693.500
12086	693.500
8958	698.900
3070	705.800
6938	705.900
4594	707.000
6998	706.300
7402	706.300
11986	706.500
5434	707.100
9366	707.600
12342	709.700
3926	715.700
2758	717.400
4894	720.000
1546	721.000
1690	720.200
3398	721.000
6110	720.800
9462	720.100
2242	721.200
2646	721.500
3134	721.600
3882	721.300
4866	721.800
5350	721.200
5526	722.000
7662	721.400
9178	721.700
9258	721.100
12486	722.000
3082	722.200
3158	722.300
5874	722.600
7546	722.300
10278	722.300
11026	722.200
6414	724.800
7350	724.300
10122	730.000
5466	730.500
7918	730.500
9474	730.200
594	731.500
1482	731.400
11654	731.500
11762	731.400
10902	734.100
3882	739.200
11354	742.100
3490	743.900
8766	743.900
10378	743.200
3230	745.600
3814	745.100
6154	746.900
1918	748.400
7066	748.100
434	749.100
1338	749.100
5342	749.100
50	750.100
1118	750.100
4378	750.500
6898	750.100
7298	750.900
7330	754.400
6482	755.900
10954	755.400
6026	756.300
8034	756.300
8622	756.100
9078	756.900
3614	757.300
9326	757.200
9594	758.600
12170	758.300
238	767.700
1138	767.400
2642	769.100
9910	769.600
1394	770.300
1978	770.800
2646	770.700
4858	770.700
6006	770.600
6818	770.700
8054	770.300
8862	770.900
9154	770.700
982	771.700
1226	771.300
2018	771.900
2038	771.400
2934	771.600
5762	771.500
5790	771.200
6838	771.400
7838	771.300
8450	771.600
9046	771.600
9658	771.600
9834	771.900
11094	771.500
12274	771.500
542	772.200
678	772.400
2710	772.600
3614	772.200
7702	782.200
3690	783.600
4094	785.300
6322	788.300
6998	789.800
12454	790.800
9934	793.800
6930	794.700
7010	794.400
7242	794.600
8526	795.500
12350	796.300
246	799.000
6326	798.500
1386	800.600
2710	800.600
4070	800.300
5830	800.200
6822	800.600
7782	800.600
8254	800.300
574	801.300
714	801.700
4578	801.600
5762	801.200
8758	801.300
9346	801.300
9722	801.500
9754	801.400
10086	801.600
10910	801.600
4562	813.300
11322	816.800
186	817.800
11862	817.600
1622	820.400
8102	820.300
7622	821.800
8606	822.000
9054	821.900
10506	821.300
1506	823.000
2374	823.200
2674	823.300
3166	823.700
7690	823.800
1258	824.400
1554	824.300
2246	824.800
5690	824.600
6586	824.600
6826	824.300
8178	824.200
8426	824.700
8482	824.700
9582	824.900
10554	824.600
11782	824.200
102	825.300
2522	825.100
5858	825.400
11334	825.100
11826	825.100
5918	835.000
434	835.900
8338	835.600
2426	837.000
7138	836.500
3074	837.900
6518	837.700
8846	837.600
534	838.600
978	839.000
3702	839.000
7898	838.200
10618	838.600
1038	839.100
3150	839.500
10610	839.400
9414	844.100
9554	849.400
626	852.500
2730	852.200
3758	852.900
10818	852.600
12362	853.500
1634	857.300
4186	859.000
2390	860.700
6090	860.700
4010	862.700
11466	864.300
4458	868.300
1274	869.800
7426	869.500
1070	872.300
3374	872.700
4594	874.600
1054	875.100
2378	875.500
3790	875.900
1358	876.400
1922	876.600
4490	876.400
12426	876.500
9546	879.300
8470	880.300
9870	882.700
1458	884.200
3858	884.800
4522	885.800
4606	885.600
10694	885.700
602	886.500
5182	886.600
434	890.500
3050	891.000
5910	891.700
7934	891.700
12162	891.800
6234	898.900
2846	899.800
10358	902.800
386	905.900
8074	905.800
10554	905.400
5454	906.900
8118	906.200
2426	907.900
2674	908.000
5482	907.200
8194	907.500
2290	908.300
6410	908.500
6774	908.200
1038	909.200
8430	910.600
734	911.900
9218	911.300
4198	912.900
8274	912.200
12262	912.100
5182	913.500
4230	915.600
6590	915.600
12266	915.700
2430	916.800
2850	916.500
8678	916.600
12466	916.400
10098	918.900
4862	924.700
2890	928.800
450	930.300
8958	931.600
2406	932.100
9010	932.300
10022	932.300
7018	933.100
7742	933.600
10998	933.200
446	935.000
8102	934.100
8494	934.100
10554	934.600
6342	935.800
9358	935.800
9990	936.000
10206	935.100
11890	935.100
5810	936.700
8034	936.800
3182	940.300
518	941.800
8886	941.300
10430	941.700
11422	941.500
874	943.100
2386	945.700
2334	946.700
3354	947.800
958	948.600
1790	948.700
4202	948.100
5494	949.200
9258	949.200
650	950.800
970	950.400
11450	952.000
2150	952.400
3434	953.800
5090	954.400
6066	955.700
5534	956.400
9730	956.300
1226	957.500
1406	957.100
1214	958.900
8314	958.200
9178	958.700
11046	958.300
3338	959.700
4446	960.700
9002	961.700
10134	961.500
7290	965.500
1954	967.200
1946	968.200
2730	968.800
11162	968.500
2974	969.900
10766	970.200
11782	970.300
5690	972.000
12422	971.500
7946	973.800
4038	974.200
10310	975.600
9738	979.600
1638	981.200
5746	981.800
6114	982.400
3302	983.900
5250	985.800
7210	987.400
11598	988.300
2538	990.300
4522	991.900
12350	991.700
126	992.500
7702	993.000
1790	994.700
6758	994.800
7514	994.500
502	995.100
1946	995.400
2758	995.200
10462	996.000
11930	995.700
394	996.300
3990	996.100
6634	996.600
10334	996.200
10610	996.100
11422	996.400
