# NEST version: 3.6.0
# RecordingBackendASCII version: 2
sender	time_ms
2926	158.000
702	158.100
1382	158.600
5426	158.700
10310	159.000
3858	159.200
5406	159.200
9418	159.400
10202	159.800
11686	159.800
498	160.500
3374	160.200
3882	160.500
5382	160.700
7182	160.200
9326	160.100
11050	160.200
12482	160.900
5374	161.600
6246	161.200
11214	162.000
8982	162.400
3546	163.900
10662	166.200
3918	167.300
12450	172.500
10722	176.600
11498	179.300
9090	182.100
2098	184.200
2794	186.400
7078	187.600
8358	187.600
8594	187.700
1394	188.900
1562	188.300
9430	188.700
8206	190.000
9402	189.700
8038	190.200
9598	197.000
4826	200.700
7994	200.700
1470	201.700
8394	201.600
4266	202.700
7742	202.800
4046	203.400
3154	209.700
5738	209.500
5286	212.000
6718	214.500
10374	214.200
9474	217.700
10010	217.500
9318	219.000
11986	221.000
10038	221.600
6498	223.600
1758	225.300
1982	229.000
6362	228.600
11562	229.000
9382	229.800
9782	230.300
11942	230.500
11322	231.300
3298	233.200
8394	237.900
8702	238.000
9278	237.200
10222	237.300
4842	238.200
6866	238.400
10962	238.700
1414	239.400
3542	239.100
12022	239.900
6994	240.700
9526	240.400
10074	240.300
594	241.300
5646	241.300
286	246.100
8562	246.900
3774	247.400
258	248.500
3778	248.100
7254	248.900
2918	251.800
5898	251.600
8698	251.300
1366	252.500
1742	254.100
5798	255.200
9654	255.200
10430	259.100
9014	262.900
11358	262.300
5342	263.200
1298	265.400
8262	268.000
11774	267.200
2882	268.100
10014	269.000
8494	269.900
10006	275.800
11410	279.600
1650	280.400
12242	281.400
5626	282.800
11638	282.600
8426	285.300
2886	286.900
6146	286.400
3886	287.200
5222	287.400
11290	287.900
3470	288.200
3846	288.100
3114	292.800
8422	292.600
7254	296.000
3366	300.600
4894	302.200
5254	302.200
8802	302.600
11138	302.400
4794	303.300
6578	303.300
8990	303.200
10178	303.300
10234	303.100
2298	307.100
11498	312.100
1698	316.900
7994	316.500
162	318.100
5490	318.100
7130	320.900
12278	320.500
12466	323.700
8630	324.200
11474	325.300
9122	326.700
3650	328.000
2578	328.100
6618	329.700
11574	329.800
1798	330.900
2890	330.900
12406	330.600
2322	331.900
4486	331.900
9138	331.200
9946	333.500
5054	334.600
438	336.200
6046	336.100
8550	336.700
794	339.200
8274	344.400
10482	344.700
4798	348.800
3410	349.600
3834	350.200
1418	351.400
11974	351.800
1398	352.200
5446	352.700
10006	354.300
2434	355.800
4346	355.600
146	357.400
11506	357.700
12126	358.000
1742	358.800
7022	359.400
9726	364.500
514	370.900
2966	370.500
3198	370.500
3838	370.800
6814	370.100
7986	370.300
10906	370.700
1766	371.300
2362	371.500
12250	371.500
12386	371.300
9714	372.400
11086	374.500
6202	380.600
7654	380.400
10734	381.700
12014	382.400
1006	384.000
3682	384.200
4778	385.600
3770	386.900
2518	389.500
9006	391.000
5450	391.800
6938	391.800
7166	391.600
11050	391.600
2986	392.600
3278	392.300
6310	392.600
6426	392.800
7614	392.900
10378	392.800
3094	393.200
4214	393.600
6610	393.500
8578	393.700
9910	393.500
11770	393.500
12102	393.600
4554	394.300
4574	394.500
950	398.100
690	400.400
5814	400.600
12250	400.500
678	401.600
5270	401.600
9970	402.100
702	403.800
2286	404.300
12218	405.000
3962	405.500
7970	405.400
10434	405.800
12242	410.100
8246	417.100
3806	418.800
11358	418.200
10674	422.800
2266	423.700
2482	423.900
6	424.300
1046	427.000
546	428.100
3774	429.600
5670	429.300
5974	429.900
8946	429.500
6534	430.500
7862	430.500
11830	430.500
7570	431.200
5774	432.500
12262	432.900
334	438.500
3662	438.900
114	439.600
1642	440.100
5114	440.900
7130	440.700
9194	440.100
11306	441.200
2262	443.300
5898	444.900
8794	444.300
9630	446.400
9990	446.300
11394	446.900
1474	447.400
5138	447.200
5814	447.600
6314	447.200
6610	447.100
11422	447.200
11510	447.400
12126	447.800
5394	448.300
5406	448.700
8554	453.000
906	453.500
12162	453.500
6578	454.600
2354	455.700
8078	455.600
12482	457.100
8858	463.500
9322	464.700
4342	466.700
10074	468.500
4870	469.200
10302	469.100
7870	470.700
9166	475.000
574	475.400
3682	475.700
6170	475.900
438	476.400
2034	476.800
3130	477.000
3358	476.300
3706	476.400
5310	476.700
9274	476.100
12118	476.700
90	477.100
898	477.500
1970	478.000
2206	477.400
2494	477.700
2918	477.400
3066	477.600
4102	477.300
4174	477.400
6370	477.200
6406	477.600
6762	477.200
7110	477.400
7638	477.200
9394	477.300
9530	477.400
10294	477.700
10522	477.800
11226	477.700
11346	477.200
12266	477.700
6	478.400
1046	479.000
5458	478.400
5498	478.400
6686	478.400
9318	478.300
12230	478.400
1926	481.800
1834	487.700
4790	489.100
3498	492.400
4922	493.600
5298	493.400
12190	493.300
7986	495.600
2686	498.700
4174	498.500
5938	499.100
6378	499.200
9590	499.600
3254	500.400
4882	500.200
6258	501.000
6750	500.200
7722	500.900
9458	500.100
690	501.800
3778	501.200
5642	501.100
8302	501.200
12446	501.500
8298	502.100
4486	504.000
5238	503.400
10810	505.200
11582	505.600
1426	507.900
1826	507.800
4318	510.100
1562	511.700
2290	511.200
8002	511.400
930	513.000
11110	513.000
1342	514.000
4130	513.500
4154	513.400
5286	513.400
6902	513.300
8422	513.100
38	514.100
4166	514.100
6274	514.300
7550	514.400
8310	514.500
10146	514.200
10706	514.400
9630	515.800
1534	519.200
8278	521.200
3634	525.200
11414	525.900
10414	526.100
12038	526.600
8474	528.900
12394	528.900
4434	529.300
4486	529.900
10182	529.600
1414	530.600
6426	532.300
8270	532.500
11626	535.900
2902	537.600
238	538.500
966	539.200
3826	542.000
1798	542.900
4494	542.800
7382	542.800
1234	545.000
1614	545.000
5114	545.500
5614	545.700
6858	546.000
7106	545.400
8634	545.600
8854	545.200
5590	546.200
8462	546.500
3062	547.900
11734	549.800
7854	554.800
6598	556.800
278	557.300
8238	558.900
1242	560.500
4778	560.900
138	562.000
5970	561.500
9914	561.600
3046	562.600
7122	562.900
726	563.100
6574	563.100
6826	563.400
7810	563.200
8214	563.900
8934	564.000
9278	563.800
342	564.200
1758	564.600
10886	568.200
1382	572.300
7614	572.400
522	574.400
2250	574.800
6982	574.500
8358	574.100
9626	574.100
10574	574.200
11410	574.800
10158	575.100
3318	583.600
4270	583.400
8494	583.700
4414	584.700
7058	584.200
8310	584.100
1914	585.900
2878	585.200
6906	585.100
8014	585.100
9974	585.800
10414	585.800
78	586.400
4942	586.200
5334	586.600
6238	586.200
11538	586.500
5978	598.900
6938	598.900
9062	598.100
1586	600.500
2410	601.400
5722	601.800
6802	601.400
11666	601.200
11790	601.100
9654	602.300
10302	604.800
10026	606.400
12062	607.300
4394	610.200
6526	611.900
6798	611.800
5162	612.600
8174	612.700
9234	612.100
4086	613.500
9594	613.700
5374	614.900
11594	614.100
9382	615.200
1342	616.800
8926	616.200
6206	618.800
9866	618.800
138	620.700
2410	620.800
5138	620.800
6374	620.400
11734	620.600
12434	620.300
6202	621.400
6418	621.900
8850	624.000
10410	626.500
542	627.100
12478	627.300
5814	633.000
3358	634.000
11458	633.400
5054	635.700
6	636.800
8966	639.400
2714	640.900
6618	641.200
8794	641.600
9614	641.900
7918	642.200
11510	642.100
3422	643.300
3510	643.100
5158	643.300
10882	643.800
1490	644.600
11858	644.100
12030	644.100
7758	651.900
5934	652.600
1366	653.700
7902	653.900
8946	654.900
2698	655.300
2986	655.600
5374	655.400
6906	655.200
7290	655.900
7398	655.200
8750	655.600
11470	655.900
1918	656.800
2434	656.600
3038	656.600
3610	656.800
3738	656.600
4614	656.100
5654	656.800
5866	656.500
5958	656.600
7466	656.500
8262	656.300
10722	656.600
11630	656.300
774	657.600
1330	657.100
6890	657.900
8986	665.000
9534	664.200
10214	664.900
6202	666.900
10638	667.000
374	667.800
978	667.600
3594	667.900
910	669.100
9414	669.900
9798	669.900
10534	670.000
3490	671.600
8062	672.000
7278	674.600
10862	675.000
10150	677.100
2170	678.100
8930	678.300
1294	679.400
6474	680.500
1034	681.200
2338	681.500
3238	681.500
726	682.900
10382	683.500
3126	684.600
4178	689.800
26	691.000
1594	691.400
7634	691.600
2966	692.400
4838	692.300
8602	692.900
9810	692.700
9962	692.600
1970	693.100
3190	693.100
4070	693.300
4358	693.300
11794	693.300
8870	695.800
4294	697.600
5270	699.600
2758	700.100
3350	700.300
5238	700.700
850	701.700
6374	701.600
3170	702.200
3542	702.600
4186	702.600
5978	702.700
8550	702.900
11474	702.900
10070	703.200
11238	703.500
11674	703.300
6746	706.900
3778	714.800
4882	714.200
230	715.700
1490	715.200
8778	715.800
11346	715.400
7346	716.500
5838	720.800
2198	722.000
8466	721.800
1470	722.700
3682	723.100
2958	724.200
11258	725.100
2182	729.300
402	732.000
406	731.400
6966	731.400
9586	731.400
9726	731.700
5130	732.400
5238	732.100
10086	732.700
210	733.200
3974	733.600
8998	733.400
9630	733.100
2074	740.800
2318	740.200
662	742.800
8430	742.200
1790	744.000
3314	743.200
7122	743.800
9842	743.200
10654	743.300
10806	743.400
12418	743.800
1170	744.300
2262	744.600
4078	744.200
4830	744.200
6874	744.200
8786	744.200
10102	750.500
5646	755.200
166	758.700
238	758.800
906	758.400
1642	758.700
9146	759.000
3622	759.400
850	760.500
11298	760.700
3230	761.500
7082	761.800
8086	761.800
11658	761.500
12126	762.000
2862	765.100
986	769.500
5194	770.000
9590	771.000
2550	773.500
11894	774.700
12298	774.800
8702	781.900
6850	782.900
6402	788.800
3430	791.700
1530	793.500
3022	793.500
9630	793.700
8462	794.700
9026	794.400
1994	795.900
2842	795.400
3910	796.500
8918	796.400
9090	797.700
11346	800.200
11070	808.000
2914	812.400
3342	812.600
1538	813.500
12002	813.300
3738	818.100
10002	821.000
10114	822.700
3974	827.100
4794	828.000
6698	829.000
10210	828.800
2	829.100
746	829.700
1594	829.300
2286	829.200
6886	829.500
8174	829.700
8758	829.700
8822	829.600
8882	829.700
9466	829.600
9854	829.300
10570	829.300
10962	829.600
12470	829.300
5502	830.200
5618	830.100
2490	842.800
9194	842.500
7666	843.600
9594	843.300
12198	843.900
4226	845.000
6294	844.100
7990	844.400
10238	844.600
1470	846.000
5726	846.200
8702	846.200
74	847.800
98	847.800
6446	847.100
7726	847.600
10886	850.400
9082	858.800
3954	860.100
7634	860.800
9214	860.900
11306	860.900
9414	861.800
9710	861.300
9854	861.300
12446	861.300
2866	862.100
9830	863.900
414	864.900
1046	864.700
10490	864.900
12494	865.000
4886	865.200
11662	865.200
7838	871.500
10730	876.600
1014	877.800
6250	878.000
7114	877.700
11294	878.700
8350	879.700
10398	879.400
2274	882.900
8438	882.900
898	883.800
7490	883.600
8474	886.700
8758	888.700
4922	889.400
7954	889.700
3798	891.800
8766	891.900
278	892.300
1466	893.800
1122	894.700
3138	894.400
3246	896.100
3670	896.300
3750	896.400
1402	897.200
4150	897.900
5406	897.800
7582	898.000
8254	897.200
9094	897.200
9630	897.500
10146	897.100
2602	898.600
3990	898.600
7978	898.200
8278	898.200
10082	898.600
12278	898.400
4218	915.700
5822	916.500
242	917.500
2258	917.600
10242	918.000
11366	917.900
2970	918.700
10666	918.500
12042	918.600
9318	921.200
11062	922.000
3858	923.800
2226	926.400
7846	926.200
8926	927.100
11486	927.300
8394	930.600
858	933.800
3750	933.400
854	935.000
2550	934.900
10010	934.800
710	935.900
9090	935.300
9806	935.200
10746	937.300
5898	938.200
1394	939.900
9654	939.200
4322	940.100
4730	940.600
8226	940.900
10206	940.100
9082	941.200
12138	946.400
10734	951.400
9694	953.000
3470	954.800
5422	954.200
8154	954.300
42	955.800
1266	955.800
2806	955.800
2922	956.000
3458	956.000
4138	955.300
5142	956.000
5342	955.900
5662	955.700
5734	955.800
6046	956.000
8946	955.800
8982	955.400
9730	955.900
11030	955.600
12230	955.500
12306	955.800
1778	956.100
3042	956.500
3350	956.300
5306	956.100
5406	956.200
5582	956.100
7442	956.200
7562	956.500
11726	956.300
12046	956.500
3038	957.100
7826	970.200
10506	970.700
3834	971.900
10398	971.200
12338	971.800
11050	976.000
6906	980.100
1078	981.800
8214	982.300
2402	983.100
3350	983.800
406	984.500
7578	984.700
7586	984.800
8274	984.500
7442	985.600
9414	985.800
11646	985.100
11778	985.900
11894	985.500
7642	993.900
6430	994.100
514	996.000
10514	995.900
