# NEST version: 3.6.0
# RecordingBackendASCII version: 2
sender	time_ms
3958	158.600
4774	158.100
106	159.600
842	159.600
2978	159.200
4138	159.500
7478	159.600
210	160.400
886	160.900
10586	161.400
11458	161.600
9198	163.500
4038	165.500
5106	165.100
10650	171.800
6010	172.700
10434	172.300
4970	175.300
6046	175.700
9390	175.700
7970	176.600
12478	177.000
8714	181.900
2326	183.800
2198	184.300
7846	184.900
11050	185.200
7954	186.200
10918	186.600
2210	187.200
4934	189.400
5174	190.700
330	192.200
1974	192.200
7730	194.700
5074	195.100
11650	195.700
6198	197.600
6678	198.600
7578	198.800
9098	199.600
5230	200.900
10902	200.600
11754	200.500
10242	201.100
10938	206.100
1778	210.700
4198	214.000
6894	213.600
4014	214.600
62	215.400
10658	216.300
442	217.200
3230	225.900
4582	225.100
1254	226.800
6834	226.300
9382	226.300
11166	226.100
12122	226.400
6814	227.800
406	229.800
3294	230.100
9594	230.200
846	231.500
6982	231.300
4402	232.500
4478	232.700
5802	232.700
6614	232.500
7094	232.500
9854	232.300
12174	232.500
902	233.300
2486	234.000
2734	233.600
2754	233.100
2986	233.800
4710	233.400
5578	233.300
9250	233.300
10310	233.500
10578	233.300
11410	233.700
902	248.000
646	255.300
2754	256.700
1050	258.400
5090	258.600
5462	258.200
8150	258.800
8270	258.400
8966	258.600
2298	260.000
5262	259.400
8754	259.800
9062	259.600
11846	260.000
12326	259.600
1138	260.300
5066	260.400
5342	260.500
6198	260.600
7990	260.200
9694	260.200
9950	260.400
12478	261.000
1198	261.700
2774	261.600
2986	261.300
3170	261.300
8510	261.200
8186	270.500
5074	271.400
4402	272.100
6750	272.500
6778	272.800
11666	272.200
2958	275.600
3318	278.200
2498	280.400
8202	280.100
10922	280.300
2658	281.100
2482	283.400
9450	283.600
11610	283.200
12450	287.900
5854	288.500
6258	289.800
982	290.800
3378	291.800
6102	291.600
10902	291.600
3898	292.700
10226	294.800
9106	301.400
3682	304.500
6034	304.600
4094	305.300
9806	305.200
258	306.600
3318	306.100
7166	306.500
8058	306.300
3218	307.700
4306	308.000
5778	307.800
7122	307.300
8126	307.200
854	308.600
1126	308.600
5270	309.000
5550	309.000
7394	308.700
9026	308.700
9446	308.700
11794	308.600
12414	308.800
326	309.200
1926	309.500
9842	309.500
546	324.700
4306	324.100
12078	324.100
2398	325.400
3502	325.900
6458	325.600
170	327.600
662	327.700
2350	327.700
3286	327.900
3798	327.100
4058	327.900
4690	327.700
7070	327.700
7346	327.700
7886	327.700
8262	328.000
8482	328.000
10198	327.800
11058	327.400
11742	327.700
914	328.400
2558	328.100
10626	328.100
206	335.000
10074	340.800
5674	341.200
6870	343.500
9458	345.000
2022	345.200
3598	345.200
4250	345.400
12094	345.700
3826	346.300
7974	346.700
8906	346.200
170	347.600
774	347.200
1010	347.300
1090	347.100
1738	347.100
6106	347.800
12102	347.300
12326	347.400
2602	348.200
6262	348.200
10430	348.200
1286	350.400
11054	352.000
3646	354.400
11682	354.100
5862	356.000
12398	358.000
2362	358.700
5394	358.800
12274	358.900
4626	359.200
9946	360.100
10142	361.500
10374	361.500
886	363.800
5906	365.200
8638	366.400
12014	366.700
1762	367.400
11886	368.000
3114	372.700
8614	374.800
11294	374.600
12158	376.200
3142	379.000
5142	378.100
8686	379.000
2014	379.300
4502	380.000
8066	379.800
10090	380.000
6446	386.700
12414	386.800
5970	388.700
10390	389.700
4706	390.300
4966	390.600
6158	390.500
11358	390.400
970	392.900
2702	394.400
5638	395.800
9530	395.800
11082	395.700
11690	395.500
7878	397.400
8274	397.900
4434	398.900
11250	400.100
7158	402.000
3650	402.600
7582	403.800
330	404.400
10342	405.000
2682	405.600
3646	405.900
3046	406.600
5190	406.900
10770	406.200
12230	406.800
2258	407.200
6350	407.100
11618	407.100
522	419.400
10806	420.000
11554	424.400
6658	425.800
10638	426.500
2434	427.200
5482	431.200
5822	431.500
6890	431.700
10810	431.700
1414	432.500
3454	432.200
1578	433.200
6690	435.300
910	437.800
6234	438.700
4778	439.300
1126	440.800
7826	440.200
10570	440.500
10586	440.600
3974	442.000
12478	444.400
8634	446.600
90	447.400
10806	448.600
9222	450.800
9882	450.200
10666	452.800
3738	453.800
6062	453.100
8970	456.700
11858	456.200
5342	459.900
11890	459.200
9862	461.300
3290	464.300
6598	464.500
682	465.400
7874	466.000
11830	465.900
1174	466.700
6794	467.000
10126	466.400
2794	467.200
8026	467.800
7314	468.700
1330	469.300
6898	469.600
8998	470.100
11690	470.400
1566	471.100
4666	471.900
9938	472.700
5310	474.000
586	474.800
818	474.700
1550	474.600
322	475.300
774	475.200
2978	475.300
4618	475.400
6342	475.700
6894	475.400
11642	475.600
718	476.200
3870	476.100
11662	476.300
538	482.700
3302	482.900
4778	483.700
5734	483.100
7218	483.700
11962	483.800
2554	484.300
3422	484.300
6030	484.300
8154	484.400
9286	485.300
6202	493.600
3986	495.100
6666	495.700
2726	497.600
5194	498.500
4514	499.400
4034	502.500
4926	503.700
8670	508.300
330	509.300
1126	509.200
9602	509.400
4070	511.500
11210	511.500
1734	512.900
3730	513.900
5354	513.100
5234	514.700
9530	515.000
10034	514.800
622	515.200
9198	515.300
1254	519.700
1074	520.700
2406	521.000
2542	521.300
4358	524.300
5106	527.800
8286	528.500
10722	529.000
366	529.800
3918	529.200
4670	529.100
5906	529.600
7638	529.600
7902	529.900
8490	529.200
9778	529.400
11790	529.200
4982	530.600
7026	530.600
10970	530.900
3498	537.200
5738	538.600
5938	539.700
11962	541.000
1466	543.700
1986	544.700
7130	545.800
4554	546.800
1926	547.800
2190	547.900
3794	547.500
3986	547.600
5050	547.100
5250	547.900
5286	547.900
5366	547.800
5386	547.300
7274	547.300
9086	547.800
10318	547.800
10350	548.000
10442	547.900
11246	547.700
11254	548.000
11346	547.900
7946	548.500
12162	548.300
4958	561.900
10310	563.600
3982	564.500
10758	564.300
5350	565.200
5390	565.500
12234	565.200
10730	567.800
9222	569.100
1698	572.700
6242	572.700
11346	573.700
9558	574.600
9614	575.000
342	576.000
2950	575.800
6786	576.000
3674	576.300
3822	576.600
8326	576.400
8918	576.500
1734	577.600
3214	578.000
6426	577.400
6698	577.200
9962	577.800
5254	578.900
5738	578.700
9990	579.000
6926	581.800
6906	582.600
8758	584.900
10490	585.900
1002	594.900
8954	594.700
4946	595.300
5742	595.300
7314	596.400
8714	596.500
9938	596.700
11990	596.300
11666	599.500
11946	600.800
7346	604.200
6050	607.900
8170	607.900
8982	607.500
10922	608.800
4714	609.500
4174	611.600
5142	611.500
12234	611.400
3030	612.400
8462	612.500
10626	612.300
2958	613.300
4394	613.100
8218	613.100
8066	618.700
3854	619.700
7334	619.500
11406	619.900
2330	620.700
4466	620.700
8214	620.500
8274	620.700
10130	620.700
12014	620.600
622	621.400
2882	621.700
4426	621.700
5866	621.700
7854	622.700
8498	623.000
6498	623.900
2138	625.000
2878	624.900
7378	624.700
8878	624.700
10010	624.200
10370	624.500
10298	626.900
1322	627.500
3786	627.400
3830	628.300
5970	631.500
9950	631.500
7078	632.500
1810	633.700
5726	633.400
7282	633.400
10134	633.700
114	634.500
7494	635.500
9030	635.800
8894	636.500
2106	638.400
5494	638.600
9418	638.200
2902	639.400
602	641.900
10890	644.800
11558	644.500
1402	649.900
2170	652.100
3338	652.800
4478	652.900
418	654.200
6578	654.600
2454	655.300
3650	655.700
4466	656.000
8566	655.500
9806	655.300
10370	655.600
4666	656.400
4982	656.400
6346	656.800
9118	656.700
10930	656.600
12014	656.300
7634	657.400
6882	662.200
546	664.400
1850	666.000
10734	667.000
9990	667.900
12150	673.100
6294	675.000
7838	675.800
12450	675.200
5622	677.000
8618	677.900
11530	678.100
3514	679.100
998	683.000
3490	683.500
5710	683.300
9174	685.000
1970	685.500
3474	686.200
8702	686.400
10342	686.600
11506	686.100
11558	686.700
11790	686.500
9318	695.800
1322	696.700
2482	696.800
2742	696.800
5846	696.300
7642	696.700
12246	697.800
8170	701.400
4114	702.200
8186	702.500
12174	702.300
4358	703.200
6350	703.300
9470	704.700
11598	704.200
7042	705.800
1538	706.200
11206	706.100
5654	709.800
6478	709.900
7918	711.000
2638	712.000
11442	711.600
6210	713.000
6526	712.800
5690	713.500
7510	714.100
810	715.200
1438	716.300
6446	716.800
7594	718.400
4042	722.700
5482	722.900
10850	722.500
1566	723.100
2410	723.100
5774	723.500
9902	723.700
11298	725.000
9918	725.600
3334	727.000
6586	728.000
3410	730.800
6942	730.800
3794	731.400
7306	731.800
8054	731.400
11390	731.200
2182	738.500
178	739.700
11754	739.200
8206	741.800
6906	744.500
210	745.500
1746	745.700
2398	745.400
4146	745.900
9138	745.200
11630	745.900
4514	746.700
9322	746.700
10666	746.500
342	747.600
7770	747.400
8802	747.500
9086	748.800
6834	752.500
4294	753.900
4778	754.600
12422	755.900
46	756.600
2610	756.400
4386	756.700
7330	756.300
8982	756.700
10350	756.900
11294	756.700
1934	757.500
4406	757.300
5566	757.800
11914	757.400
6194	764.400
2766	766.200
3270	768.200
3934	770.100
9558	770.400
8138	771.300
510	773.000
1798	772.900
3494	772.600
5286	772.800
7458	773.000
9854	772.800
11202	772.300
11230	772.300
1206	773.700
2926	774.000
3350	773.900
3470	773.200
3634	774.000
4586	773.100
6202	774.000
6842	773.600
10814	773.200
114	774.200
1458	774.700
2234	774.200
2550	774.200
3822	774.200
3966	774.600
7022	774.600
7190	774.200
10090	774.100
2138	778.300
4342	784.800
2050	788.300
2502	788.100
8978	788.600
6202	790.800
11258	794.900
11254	795.300
3194	800.200
5850	801.000
11678	801.900
10754	804.000
2954	804.400
9058	804.600
8370	808.800
2914	810.000
4918	809.100
6774	811.000
3810	811.400
4994	813.400
1662	814.600
10502	814.800
4126	815.300
9490	815.600
4230	816.600
11174	816.500
4838	817.700
5406	817.700
9670	817.600
10826	817.500
5158	818.700
10682	818.400
1626	819.900
7474	819.400
9482	819.300
8278	820.600
9830	820.500
5642	821.800
7030	821.800
10198	821.600
1122	822.800
5130	822.300
11070	822.500
11710	822.100
5286	823.200
11390	823.700
7674	824.200
8126	833.500
862	834.200
9710	834.500
6514	835.200
1462	837.200
10006	837.700
198	838.400
11366	838.500
11470	838.200
34	844.400
3986	847.500
7146	848.900
7918	848.500
6098	849.700
4942	851.000
9194	850.400
1426	851.500
4958	851.300
12118	851.700
3066	852.300
1506	854.100
2162	856.500
12290	857.700
5330	860.000
1146	861.100
1538	862.600
7766	862.600
11210	862.700
3462	863.900
790	865.200
3622	866.100
5726	866.600
750	867.600
3730	868.400
4202	868.200
12030	868.700
818	871.000
10586	870.400
1414	873.800
5798	874.900
6134	874.500
1914	875.300
5418	875.800
7106	875.900
7578	875.700
8398	875.900
9518	876.000
5678	876.200
74	878.000
2514	877.900
6602	877.600
10254	878.000
11650	877.700
11682	878.000
12498	877.600
114	878.400
1494	878.300
2974	878.100
3682	878.600
4414	878.400
4486	878.300
5950	878.200
7354	878.300
8798	878.300
9282	878.100
10034	878.100
11410	878.100
11990	878.500
9594	890.800
11838	890.600
7166	892.100
4394	894.300
10058	894.400
9890	896.200
114	897.200
3026	900.300
5006	901.000
10786	900.500
2566	901.300
134	902.300
6494	902.600
5570	903.900
5674	905.500
9786	905.900
11686	906.000
4142	906.900
8606	906.700
2806	907.800
5226	907.900
11030	907.700
6678	909.600
514	912.100
5346	914.300
8010	915.000
8030	914.600
10242	914.500
46	915.600
7542	915.200
4394	917.100
6758	917.100
8278	918.000
5410	918.100
6018	922.000
7358	926.000
5162	926.400
8678	927.800
2622	928.500
12282	929.900
682	930.800
1122	935.200
8578	935.500
8734	935.200
670	936.400
7950	937.500
11198	937.900
8770	938.800
3922	939.600
1430	941.600
5586	941.700
1934	942.200
11734	942.200
74	943.200
4274	945.600
2518	947.800
7878	947.100
8190	948.000
2446	948.100
7874	948.900
11114	948.700
1186	950.000
2378	949.100
11242	952.100
11358	953.500
330	956.700
6982	957.900
8122	959.300
5110	960.500
12130	960.200
1454	962.900
7806	963.000
1430	963.900
1606	964.000
5514	963.400
7262	963.100
8154	963.100
8726	964.000
11666	963.900
12022	963.900
2534	964.500
3090	964.400
4298	964.100
7158	964.500
7290	964.800
8146	964.100
9450	964.100
9694	964.600
11038	964.300
11998	964.100
12298	964.500
12150	975.900
1670	981.000
134	981.200
5018	982.000
8014	981.900
5098	983.600
1646	985.100
8878	985.200
2758	986.800
746	987.800
8254	989.000
1062	990.600
5930	990.700
9986	991.300
1538	992.400
7774	992.300
10702	992.700
2410	993.300
6534	994.900
8630	994.900
850	995.400
98	996.700
2958	996.800
6234	996.600
7030	996.400
386	997.400
446	997.600
1042	997.800
2154	997.200
3966	997.400
3998	997.900
5686	997.800
6306	997.900
7090	997.800
7334	997.100
7714	997.800
7918	997.900
8366	997.800
11074	997.700
11898	998.000
12022	997.700
12342	997.800
2982	998.100
4658	998.100
6694	998.800
