# NEST version: 3.6.0
# RecordingBackendASCII version: 2
sender	time_ms
3406	158.700
10250	158.200
10422	158.500
1234	159.800
5334	159.200
1114	161.400
10902	161.100
4186	164.000
3498	166.000
11314	166.000
12478	166.000
1722	173.300
510	174.800
3878	175.800
5738	177.000
8058	176.100
10150	177.500
10838	177.300
7854	178.800
1074	182.200
9446	182.800
530	183.400
2654	183.900
1594	184.200
5566	185.600
12446	185.700
5718	186.800
6082	186.600
10838	186.600
10882	186.600
9982	187.300
1590	190.000
7690	192.200
750	194.200
2978	195.600
498	196.800
1538	196.500
4446	196.200
6822	196.500
10390	196.400
2602	197.200
3478	197.600
3814	197.600
4762	197.700
4774	197.600
6534	197.200
9822	197.600
9586	198.800
4690	201.100
1370	202.200
8762	204.400
5150	205.200
5726	206.000
10478	206.600
458	207.200
6610	207.500
34	213.700
3674	213.600
11946	214.500
10882	216.800
5738	221.600
9810	221.100
5198	222.700
10238	222.800
10786	223.900
7750	225.800
1662	226.800
1886	226.700
5142	226.400
6406	226.400
3506	227.800
8434	227.100
9306	227.500
262	228.600
6302	228.300
8042	228.900
9162	228.900
9318	229.000
9570	228.200
10738	228.600
11190	228.900
846	229.400
918	229.200
1578	230.000
1626	229.800
1938	229.400
2766	229.200
2898	229.400
4022	229.400
5334	229.400
7878	229.600
8934	229.600
9238	229.700
10522	229.100
5006	230.100
9990	230.200
10298	230.600
3022	239.400
9454	239.300
4362	241.800
5978	246.800
950	249.000
7082	249.600
6302	250.300
9174	251.900
3966	256.800
9314	257.100
1950	258.100
9446	260.000
2982	260.300
4766	261.300
6354	262.900
8618	262.800
10922	262.300
790	264.200
10882	265.200
178	267.000
3462	266.400
3506	267.800
7022	267.500
7078	270.800
1714	271.300
2378	271.700
3514	272.000
6878	271.100
7158	271.600
7762	271.800
878	272.100
3030	272.800
3250	272.800
3454	272.100
8190	272.700
9078	272.600
5626	273.300
4690	274.200
10522	274.700
12382	274.200
9594	283.200
46	285.100
9990	285.500
2458	286.900
2622	286.400
6598	287.900
9082	289.000
9726	288.600
12114	288.100
3878	290.000
6070	290.400
6758	290.200
2374	292.100
3014	292.500
5382	292.900
3702	293.200
4906	293.500
10418	294.000
2146	294.700
3798	294.100
4522	294.300
7690	294.100
8698	294.900
10242	294.200
10682	294.100
11742	294.600
9602	306.200
11038	307.900
3314	312.100
7986	317.900
8218	317.800
9706	317.600
190	319.400
722	319.700
3810	320.000
5838	319.400
6490	319.800
8946	319.200
22	320.500
582	320.100
3238	320.400
4862	320.200
10398	320.400
12138	320.400
12174	320.100
4990	321.100
230	336.600
686	337.300
5138	338.000
8358	338.300
7478	340.000
2482	340.400
2862	341.000
3870	341.000
3894	341.000
4150	341.000
5570	340.800
7902	341.000
9510	341.000
9766	340.800
12174	340.300
1126	341.200
5118	341.100
8746	341.100
9698	341.200
9822	341.400
9902	342.000
1778	343.000
6450	342.400
12258	342.200
9118	345.900
12074	346.000
8294	346.800
9866	346.500
7810	347.300
7874	349.200
9586	349.100
8398	351.500
11550	353.700
2846	354.900
8562	358.500
1342	362.800
22	364.500
8758	364.700
4990	365.500
7130	365.200
7422	365.800
7806	365.200
8062	365.100
11494	365.200
11758	365.500
8310	374.200
10086	374.400
4730	380.800
4086	381.300
10010	381.800
12286	381.600
8930	382.600
11846	382.400
4790	384.100
954	385.300
11214	385.700
3462	390.200
10022	391.000
7846	391.900
1514	392.300
6234	392.700
11942	392.500
4046	393.400
1206	395.000
12438	398.100
5446	399.500
9510	400.500
11606	400.800
5974	401.800
150	404.000
10386	403.200
2178	407.500
4554	407.300
7578	407.500
782	408.500
1562	408.200
5294	408.800
8818	408.900
12262	408.500
7982	409.700
3402	410.700
5566	411.000
5622	410.400
8750	410.500
9342	411.000
2098	411.200
4826	411.400
7182	411.800
2298	413.800
2266	414.900
7582	414.200
7070	416.800
6890	417.800
878	418.200
2206	418.600
2390	418.400
4534	418.300
2362	419.300
7562	419.100
11498	420.700
2910	427.300
8762	428.300
10454	429.200
6834	432.400
1550	434.400
2194	434.700
3930	434.400
6982	434.700
10710	434.700
12406	434.500
4218	435.400
4990	435.300
10010	435.600
10038	435.300
11354	435.700
11058	442.500
3794	443.500
7822	443.100
7022	445.000
8766	445.500
11454	445.400
7574	446.300
9770	448.900
1566	449.400
1574	449.300
1186	450.100
7674	450.500
10378	451.000
11910	450.500
950	451.300
11018	451.100
11818	451.500
4586	454.200
9526	459.200
11050	460.000
11642	460.600
1262	463.700
9418	463.600
1046	464.600
2270	464.400
3814	464.700
4186	464.100
7914	464.400
4838	465.600
9150	466.000
12250	466.400
4014	468.700
7858	469.700
8090	471.000
8594	471.000
8862	470.500
9594	471.000
11346	470.900
562	471.300
930	471.500
5850	471.500
6402	471.900
3298	472.600
12114	477.600
11230	482.300
9710	485.900
378	488.400
7226	490.000
11506	489.400
12062	490.000
1514	493.600
2410	494.300
6526	495.400
2274	496.400
4110	499.900
3982	500.400
3314	501.300
3570	501.600
4054	501.100
4230	501.200
6234	501.600
8398	501.700
11610	501.400
4018	502.300
8854	502.300
8910	502.900
9862	502.500
1462	503.900
8830	503.400
7182	510.300
10682	510.800
1298	511.100
1994	516.900
6470	520.800
8566	520.300
2110	522.700
9454	523.400
442	524.800
2542	525.400
7546	526.600
11210	529.100
1554	530.700
2686	533.400
10706	534.000
2846	534.500
5374	534.500
1618	535.100
8366	540.700
4534	541.300
4502	542.800
270	543.900
10390	543.800
3482	544.700
9274	544.300
10190	544.900
12034	544.200
6374	545.200
11486	545.200
1630	549.500
7490	550.000
2390	550.500
4830	552.100
6762	552.400
9226	553.600
1286	555.000
4386	556.000
11390	555.400
12258	555.400
506	556.700
6002	556.100
8450	557.000
8750	556.600
9818	558.800
8474	559.500
2422	560.600
5242	560.900
1370	561.600
3998	561.700
954	562.600
8794	562.800
538	563.800
1742	563.200
5158	563.800
11818	563.600
374	564.300
2270	570.000
12310	573.500
3878	574.200
6242	574.300
8014	575.000
11910	574.700
78	575.800
3306	575.400
4182	575.300
5462	575.300
8274	575.600
8818	575.400
8946	575.300
11806	575.300
690	585.300
5162	585.700
1654	588.700
2834	589.700
8882	589.300
3726	590.900
9734	591.000
2882	591.400
4042	591.900
4218	591.200
1590	592.300
8298	592.200
12386	592.200
12390	592.700
7434	593.200
5074	597.000
5946	597.900
6202	598.600
4662	599.800
130	600.400
514	600.500
4686	600.600
5110	600.700
10254	600.600
78	601.100
670	601.100
2810	601.600
3314	601.600
4910	601.100
12386	601.700
2158	602.100
3538	602.100
9918	602.100
9654	603.100
7070	610.300
9418	612.200
11050	612.900
7378	613.400
11210	614.000
2642	614.500
8406	614.900
9174	614.100
846	617.900
1778	617.200
9170	617.500
7086	619.400
5186	621.000
10978	620.800
1126	623.500
11350	628.400
1090	629.900
4446	629.700
5650	629.200
2518	630.400
9026	630.700
9962	630.300
11458	630.300
3662	631.900
4910	631.200
7806	631.600
12038	631.400
7130	640.800
8858	640.600
5534	643.700
3554	645.600
662	646.300
7058	646.300
374	647.500
1706	647.700
3278	647.500
8042	648.000
8438	647.700
582	648.500
862	648.700
4406	648.300
4842	648.600
6062	648.600
6558	648.700
7030	648.700
8218	648.500
9554	648.500
9714	648.900
9906	648.500
134	649.600
890	650.000
1250	649.300
3526	649.900
3538	649.600
5054	649.600
8618	649.400
11110	649.600
12334	649.100
162	650.300
2966	650.200
5482	650.300
9750	650.600
3198	653.800
5238	658.000
7670	658.100
8522	662.000
6806	663.900
8342	663.100
4666	665.600
2986	673.800
6798	674.400
9498	676.000
3422	677.300
4014	677.700
4742	678.000
8618	678.000
10858	678.000
1506	678.700
2138	678.500
2554	679.000
6718	679.000
7706	678.700
8002	678.100
9726	678.900
10294	678.200
11954	679.000
7086	680.000
9342	679.500
8726	681.500
10454	684.300
5254	687.800
11898	687.800
1050	688.600
1958	688.300
1226	693.200
1142	694.500
8850	694.900
2270	695.500
4126	695.900
8906	695.500
5734	696.500
7122	696.100
8494	696.900
11942	696.900
230	697.500
574	697.200
598	697.400
4502	697.700
9430	697.100
1746	698.100
6722	698.200
2682	700.300
3762	705.900
11986	705.500
8766	706.900
11990	706.600
2454	707.400
5994	707.300
8450	710.000
9914	712.000
6018	714.100
7854	717.300
8294	720.000
726	720.400
8618	720.500
8718	721.000
12406	720.400
7358	721.300
794	724.200
890	725.000
4778	724.400
5530	724.800
11918	724.400
166	725.600
278	725.800
7638	725.400
5582	726.400
12062	726.300
9590	727.600
11182	727.600
1594	732.000
10586	731.900
4922	734.700
8406	735.200
2978	736.800
10362	736.300
5162	741.500
9714	741.900
11414	741.700
11590	742.300
1046	744.500
2830	744.600
9738	744.600
5742	746.000
6794	745.200
5414	746.300
7578	746.100
12094	746.900
3654	747.300
4078	747.600
4086	747.100
4174	747.200
4742	747.300
5714	747.400
8946	747.100
9474	747.600
10386	747.100
1454	748.500
2554	748.500
3714	748.600
5042	749.000
5898	748.700
6986	748.300
7166	748.800
9630	759.900
4394	760.900
10742	762.000
8066	762.600
8242	762.700
6874	766.900
8358	768.000
10522	767.200
9050	768.500
978	771.200
3458	773.000
5850	772.900
6166	772.600
8718	772.300
18	773.400
1006	773.500
170	774.500
2562	774.700
2566	774.700
5610	774.900
8786	774.200
10414	775.000
10506	774.800
5270	775.400
9350	775.500
10950	775.200
4266	776.900
8870	776.400
686	780.900
2518	780.400
11062	780.700
3878	783.000
3994	785.300
11122	786.900
12234	786.900
1426	787.800
1746	787.500
1870	787.500
2706	787.800
2930	787.800
9098	787.200
11974	787.700
12386	787.900
8342	793.000
2314	793.700
1782	796.800
11038	798.700
1206	799.300
5406	799.400
7398	799.900
9962	799.600
11562	799.800
11978	799.400
5430	800.300
5614	800.200
5190	801.800
6426	801.400
6722	801.500
7634	801.200
11830	801.200
11874	801.900
11006	803.000
2398	803.300
5514	804.200
6146	804.700
1402	805.500
686	807.000
5098	806.300
7114	806.300
9474	806.700
1586	808.000
2734	807.800
7182	807.500
498	808.500
2422	808.300
2518	808.300
6262	808.200
9078	809.000
10134	808.600
10178	809.000
66	809.100
966	809.200
2666	809.500
746	810.200
10170	810.100
5414	817.000
11266	818.000
12498	817.100
1622	818.400
7666	819.500
8450	819.200
9918	819.400
4522	820.900
8214	820.600
11210	820.900
522	821.200
2422	822.200
3306	822.600
4266	822.600
4406	822.500
5770	822.800
858	823.600
1706	823.800
1862	823.600
4534	823.400
7978	823.900
2458	824.900
2634	824.700
2878	824.900
4666	824.200
6378	824.100
6802	824.700
7906	824.200
10974	824.900
11218	824.500
11434	824.600
11978	824.400
58	825.200
3774	825.400
3810	833.000
750	833.400
7594	834.300
1286	839.600
7106	839.600
11970	839.900
2082	840.600
3666	840.500
2810	842.500
4534	842.200
3890	843.900
8978	843.500
10874	843.500
7346	846.300
8934	846.200
8126	847.800
12158	847.500
12230	860.000
1434	860.100
3266	860.100
6882	862.700
6378	863.500
11974	863.900
12438	863.600
8406	864.500
4794	866.100
7994	867.500
10566	868.000
10902	868.400
11958	869.000
12306	868.400
4146	872.200
5514	874.000
10706	873.300
6002	874.200
7058	878.000
10730	881.900
12134	882.700
3446	883.300
9058	885.100
1030	886.800
3766	886.800
1462	888.500
4314	888.800
2318	898.700
5330	898.200
4922	899.400
4458	900.900
7026	900.500
2230	901.800
5798	901.700
9202	902.000
11954	901.700
7442	902.200
10874	903.000
12266	904.300
9418	905.900
2706	907.600
1046	911.100
1382	911.600
6390	911.300
8378	912.000
1090	912.700
3058	912.500
3074	912.200
1150	913.300
2662	913.600
2842	913.900
7842	913.200
12302	913.200
7566	917.700
5126	922.400
1098	923.300
12150	923.400
6118	925.000
1426	926.000
1422	927.500
4018	927.800
2362	928.800
5374	929.800
1342	930.900
2374	930.200
6758	930.100
7902	930.300
12250	930.500
10242	935.800
5142	937.500
5238	938.100
6410	939.000
7398	938.200
4898	939.700
3794	940.100
9418	940.700
2298	941.300
11054	941.900
5478	943.200
10250	946.500
1330	947.900
1910	947.300
594	950.700
12466	950.100
6110	952.300
3254	953.300
918	954.200
2738	954.400
3366	954.300
8702	954.500
9766	954.700
5294	955.100
5758	955.600
9030	955.600
9314	955.800
3922	961.900
1426	962.200
1550	962.200
11910	962.400
11594	963.500
7918	966.600
6190	967.700
10390	967.900
11798	969.700
5142	973.000
5310	972.700
6978	972.200
8110	972.300
8450	972.600
12082	972.200
3950	974.300
2654	977.500
8962	977.200
2982	978.100
3062	978.900
6250	978.600
7130	978.100
7854	978.500
11606	978.300
670	979.200
4522	979.100
7750	979.900
6882	980.900
9342	981.200
12386	981.900
1538	982.100
1554	982.100
1602	982.700
1890	982.600
7290	982.100
11114	982.400
11530	982.700
4218	983.100
5622	984.600
10130	986.500
12118	988.600
9990	989.300
3314	991.300
5394	992.600
5610	993.900
12074	994.000
74	994.400
3470	994.900
3822	994.400
5566	998.800
6070	999.100
