# NEST version: 3.6.0
# RecordingBackendASCII version: 2
sender	time_ms
5535	158.500
7183	158.300
4987	159.900
7463	159.700
8831	159.100
12027	159.400
12323	159.200
2319	160.700
11211	160.100
3379	163.700
11099	163.100
4067	169.000
9823	168.100
9771	169.200
1411	170.200
2531	170.600
9891	170.900
127	171.500
4595	171.600
5891	172.000
367	172.600
1271	172.600
8195	172.800
1307	173.700
3947	173.500
11743	173.100
4359	181.500
9031	181.100
1835	182.200
11635	182.300
4979	185.800
6527	187.000
2207	191.700
9591	192.300
6643	193.300
63	197.100
7027	198.700
4195	199.400
3971	200.300
1675	206.900
2115	207.700
9127	207.700
11179	207.300
9151	209.900
10455	209.800
4359	210.500
10167	210.100
10739	211.500
7891	217.100
9679	220.400
9843	220.300
215	221.700
1639	221.500
1655	221.400
4935	221.600
6567	223.700
295	227.500
2067	227.100
8419	228.000
23	228.700
1307	228.400
7483	228.700
10555	229.000
6707	229.300
7223	229.500
3127	235.400
5899	237.100
3459	238.900
7579	238.700
9515	238.300
283	239.800
3215	239.800
6331	239.300
5015	240.700
8199	240.400
8263	240.800
1403	241.300
2775	241.800
3307	241.900
4631	241.700
4979	241.800
6019	241.400
10067	241.500
1279	242.200
2043	242.800
2243	242.200
3531	242.400
4243	242.600
5911	242.900
9019	242.600
9719	242.800
10375	242.200
11123	242.100
11519	242.400
4427	255.500
1971	256.600
3299	256.100
7143	258.500
4347	261.500
1315	263.600
9927	266.300
7983	267.100
1387	269.300
255	270.400
8219	270.900
11	271.700
3079	272.000
6831	272.100
7731	272.200
415	273.300
7839	274.300
1751	275.800
12235	276.500
707	278.000
3755	277.100
1911	279.000
5007	279.000
8547	279.000
11503	278.700
991	279.800
2391	279.500
4683	280.200
2755	281.200
5191	281.900
5099	282.600
9771	282.300
4407	283.400
11471	283.900
3143	284.100
1263	290.000
10763	295.000
107	295.300
807	296.100
7891	298.600
5279	299.500
7475	299.400
2427	300.400
879	301.100
5059	301.200
7623	301.600
8175	301.300
10519	301.100
4155	306.700
5455	309.800
7467	310.100
9439	312.100
3039	313.900
4655	313.900
5067	313.800
7819	313.100
9143	313.300
11947	313.700
3471	314.200
4507	314.900
6607	314.500
9515	314.300
9943	314.100
311	315.200
6083	319.900
6579	321.700
2299	323.600
1155	326.000
2283	326.000
12391	327.600
11143	331.200
759	332.900
11175	336.200
3379	339.200
4747	339.500
8095	339.300
1523	340.900
9007	340.300
3963	346.900
8611	348.300
2103	349.900
8515	349.900
9827	349.400
1215	350.400
11215	351.700
475	352.200
8179	352.400
787	353.100
6747	354.800
10071	358.900
67	361.300
8883	362.900
3115	364.000
1387	364.800
3243	365.200
10131	371.600
11011	372.300
6183	373.700
10887	373.600
5259	374.400
11283	375.400
9535	376.200
6499	377.900
7279	378.000
11499	378.200
11995	387.300
10195	390.700
955	398.000
11379	398.900
2727	400.100
967	401.300
2227	402.800
8059	402.100
11711	404.500
12139	404.300
5303	406.800
6115	407.600
5207	409.000
5943	409.100
1659	410.600
6675	410.900
4263	413.000
135	415.000
2499	417.400
4303	418.300
9599	418.100
10439	418.200
6835	419.200
6643	420.300
9979	420.300
11635	424.200
11783	424.400
3791	425.900
8651	426.500
8475	428.000
9283	427.600
9855	427.700
3963	428.500
5935	429.100
83	434.000
699	439.000
6875	438.500
2423	439.100
12115	439.400
943	440.100
1767	440.900
2255	440.100
6455	440.100
9991	440.300
6067	442.500
9787	443.000
10615	444.600
11439	444.600
12139	444.300
11783	445.300
3451	447.100
6399	451.800
9311	454.000
12143	453.100
2831	454.500
8911	456.900
6567	459.200
7851	459.700
11555	459.200
10211	460.200
8607	462.000
7071	463.000
12319	471.500
8023	472.400
4407	477.400
4955	477.800
11879	477.200
2091	483.100
4747	483.500
9451	484.400
11015	486.900
195	487.500
4699	487.200
6159	487.400
6467	487.600
7955	487.800
11739	487.300
4823	488.500
7183	493.000
5131	493.900
11283	493.600
12239	495.300
1479	497.000
3099	496.300
7367	498.000
3735	498.500
5387	498.700
5503	498.300
7451	498.300
9523	498.400
10407	498.100
7727	503.000
7871	506.300
3775	508.200
9459	508.300
3059	509.600
10275	509.900
9699	510.500
1255	512.600
5667	513.300
1111	514.800
5087	514.500
5123	514.900
655	515.900
807	515.300
3315	515.600
3543	515.200
3687	515.600
4699	515.100
5367	515.700
5487	516.000
8671	515.500
9771	515.900
1887	516.100
5411	516.300
8287	516.400
10271	516.100
11107	516.200
5447	517.700
283	521.200
5007	522.500
8291	523.600
3423	526.100
5003	526.100
5751	526.300
6579	526.600
8347	527.500
8695	527.400
12371	527.600
3211	528.500
3375	528.200
6951	528.400
11659	528.300
3131	535.100
1147	537.200
6931	537.400
10023	538.700
12487	540.600
2091	541.300
2499	544.900
2323	546.200
9331	546.900
4883	548.000
43	550.000
3399	551.000
6059	550.400
11055	550.600
11571	550.500
5139	551.100
9963	551.200
10739	551.100
11027	551.100
8455	556.700
10535	558.400
1323	559.300
1471	559.300
4131	563.400
851	565.000
12351	564.800
151	574.500
167	574.700
1351	575.500
1747	575.700
4275	576.000
4483	575.500
10287	576.000
4795	576.100
5095	576.900
5975	576.300
9471	576.900
10891	576.700
11199	576.200
12059	576.500
11987	577.100
7427	584.700
12207	588.800
6071	592.100
10863	593.600
1367	594.100
11019	594.800
843	598.300
5823	599.000
3843	599.300
5355	599.300
979	602.800
10303	602.400
12075	603.100
2787	606.500
9567	606.600
9303	607.500
3039	608.100
2143	609.600
2863	609.200
5055	609.900
6083	610.000
7867	609.100
4171	610.900
10455	610.300
10639	610.700
4687	612.900
1067	619.700
2263	620.100
4183	620.700
5127	620.500
9403	620.100
1059	621.300
3603	621.700
6675	621.300
7491	622.000
8371	621.700
571	622.500
6047	622.100
8807	622.200
9139	622.700
5071	623.600
10455	625.500
8707	626.400
3115	627.300
735	628.400
3879	629.100
10483	630.600
2255	633.700
407	639.900
7579	639.700
8143	639.800
3819	640.200
4139	642.300
6523	642.100
5803	644.700
8519	644.900
5899	645.400
3891	648.400
11871	648.400
1031	649.200
4739	649.500
5527	649.600
4203	650.700
4255	651.000
6915	650.900
9843	650.700
707	651.600
9607	651.700
9471	652.200
251	654.300
2935	654.400
3411	654.600
5903	655.800
10615	655.300
11187	655.300
1471	656.200
4823	656.500
5623	656.500
2627	657.100
11255	657.500
7847	658.400
9583	658.200
12479	658.400
10527	660.000
4971	663.500
7423	667.200
8419	668.200
8051	670.400
4655	671.100
6643	671.100
6663	671.900
5643	672.300
10655	672.400
2039	673.300
7455	673.100
2611	674.500
2819	674.600
6747	674.200
483	675.500
551	675.100
2415	675.100
2531	675.600
4915	675.900
5435	675.800
7807	675.600
8371	675.600
9095	675.800
10843	675.100
11119	675.500
2823	676.900
5395	676.100
7315	676.200
7719	676.100
11507	679.500
12251	683.600
9527	689.800
1371	690.300
3867	690.800
6703	691.300
1343	693.100
10095	694.400
6379	697.900
9375	697.900
547	698.500
1211	698.900
4687	698.900
6919	698.900
10059	698.700
275	700.000
4383	699.800
4739	699.500
27	700.400
739	700.900
11507	700.200
5203	702.100
8619	703.000
3919	703.100
5899	703.500
7503	703.500
10771	703.100
11659	703.800
11979	708.100
9691	709.300
7727	711.000
10811	710.700
6375	714.900
9147	714.600
63	715.500
5039	715.600
3819	716.600
4303	716.700
4967	716.100
5795	717.000
8051	716.600
11739	716.700
2567	717.600
9347	717.600
10159	717.100
4943	719.300
3643	720.900
9447	721.000
6751	721.300
4187	727.600
10223	729.600
6011	730.200
11895	734.600
3543	736.600
123	737.300
3499	737.300
6635	738.400
5335	740.100
1367	741.300
11715	741.600
12307	741.100
1727	742.400
3571	743.000
4143	742.500
8247	742.500
6043	743.600
6323	743.900
11135	743.900
12139	743.600
7975	744.300
9483	744.100
3227	745.300
3119	749.200
3971	751.600
4603	751.400
11027	751.500
3039	753.400
6687	753.300
2767	754.700
4135	755.000
4279	754.700
4831	754.900
8503	754.500
11871	754.900
867	755.100
895	755.500
2959	755.100
2983	755.500
5291	755.400
6203	755.200
7839	755.700
7955	755.100
8151	755.900
10531	755.700
10935	755.100
2423	756.300
2519	756.100
4031	756.200
8051	758.100
4063	761.400
251	767.300
3127	767.100
2795	768.400
7447	768.800
7015	769.100
7659	769.800
8139	769.300
3951	770.100
955	771.200
5547	771.900
6067	771.100
6467	771.400
11515	778.400
19	784.000
2879	783.900
8263	783.700
9287	783.400
1447	784.500
3423	784.700
71	787.600
3483	790.800
1247	791.800
2143	792.000
1279	792.400
4635	794.000
3619	794.100
10167	794.100
11779	794.800
4627	797.700
10191	799.900
6891	800.700
10619	800.700
131	806.000
5267	805.700
11123	805.900
5935	806.600
6071	806.100
1095	807.400
3131	808.000
6779	807.900
647	808.400
6419	808.800
2431	809.200
4787	809.600
12027	809.100
6423	813.200
8699	813.900
3067	814.500
7427	815.600
1727	816.100
1215	818.000
11647	817.500
8943	818.700
11059	820.500
9043	822.500
7187	829.800
3135	831.900
5735	831.300
6663	833.000
9183	832.300
12327	832.900
67	833.100
7851	835.300
11999	839.300
703	840.300
3023	841.500
5015	841.600
8147	841.400
19	842.600
655	842.600
9399	842.600
12251	842.300
12279	842.400
2879	844.100
10787	844.400
5275	846.900
8983	848.200
8919	849.700
3591	850.800
5935	853.700
11095	854.000
9367	857.700
9483	857.700
6419	858.700
2259	859.800
487	860.600
11199	860.700
5439	861.100
8531	864.100
9815	864.900
11615	865.900
2331	866.400
3739	866.500
4071	866.600
4123	866.800
5103	866.400
9615	866.600
6223	872.700
6495	872.900
9059	872.400
1731	874.200
2255	875.000
1271	875.500
1523	875.900
11111	876.000
1035	877.900
6243	880.700
11883	881.000
1299	881.400
2487	881.800
7395	882.800
7671	882.700
3743	883.900
6059	883.900
7735	884.000
9327	883.900
7	884.200
2787	884.900
5767	884.300
10123	885.000
4147	885.300
10299	885.100
12395	885.900
9751	886.100
975	891.000
3935	894.400
3211	898.000
3467	899.000
8455	898.100
9155	898.300
11987	898.200
3695	899.900
5691	899.200
3167	901.600
3155	902.500
11655	904.700
1131	905.500
9611	905.100
12147	906.300
11215	908.000
6423	908.600
115	916.500
5259	921.400
6907	922.900
3979	923.200
9415	923.100
9735	923.300
9863	924.200
11279	926.200
551	930.400
6183	933.900
843	943.400
5415	946.300
11647	947.400
3499	954.800
11663	954.700
1611	955.200
11479	955.800
2107	956.800
6039	958.700
11595	958.800
2647	960.700
9735	967.200
2283	968.100
4079	968.800
5671	968.500
9255	968.500
9919	969.500
5803	971.800
9407	971.300
4787	977.300
8823	978.900
8015	979.200
7383	981.100
511	982.100
883	983.300
6579	984.900
10047	986.400
3003	988.500
3279	989.200
3007	990.700
6243	991.200
6395	992.000
5707	993.000
5735	992.900
7087	992.300
9999	992.200
3755	993.600
7379	993.200
9795	993.300
2103	994.600
7115	994.400
7395	994.600
1939	995.900
2211	995.300
7167	995.700
5611	996.400
2087	997.800
6967	997.200
2759	999.600
6715	999.500
7423	999.400
