# NEST version: 3.6.0
# RecordingBackendASCII version: 2
sender	time_ms
841	157.000
10641	157.000
6305	158.700
2477	159.800
5781	159.900
12093	160.000
1637	160.300
4165	160.700
6021	160.200
7209	160.400
8873	160.600
11637	160.200
1297	161.700
1321	162.000
2669	161.700
3113	161.600
6241	161.800
6293	161.800
7905	161.800
8853	161.200
9181	161.800
9185	161.800
9437	161.200
12033	161.800
12181	161.800
12405	162.000
237	162.100
545	162.300
6397	162.100
8353	169.500
425	175.700
573	177.100
9469	178.400
8477	179.100
4281	185.700
769	186.400
3733	186.700
4025	186.400
493	188.000
1489	188.000
3481	187.100
4705	187.900
5157	188.000
5281	187.400
6673	187.500
7061	187.900
8513	187.400
9033	187.200
9641	187.400
9925	187.700
10425	188.000
10541	187.900
11333	187.100
5065	188.400
5973	189.000
4461	189.200
11721	189.800
11845	192.900
11717	193.700
6985	196.900
2909	198.600
8085	198.400
3233	199.500
5225	199.600
10289	199.600
9293	200.200
12369	202.900
4725	204.000
4033	208.400
10357	208.600
1705	210.000
4329	209.800
5469	209.400
645	210.800
821	210.200
1045	210.500
2709	210.400
4249	210.400
7689	210.400
9553	210.200
10201	210.900
3065	211.200
6481	211.200
6497	211.800
9549	211.200
9829	211.200
10729	211.600
11733	212.000
12105	211.300
1633	212.200
8273	212.200
12001	212.200
9125	220.200
2681	227.900
2145	228.400
2429	229.400
9905	230.700
4817	231.300
333	232.600
12281	232.300
5109	233.400
7481	233.500
10409	233.200
7273	236.900
7697	237.900
1845	238.300
3525	238.900
1617	239.900
2425	239.700
3085	239.700
3161	239.900
3877	239.900
4009	239.900
6569	240.000
7257	239.900
10857	239.900
265	240.400
1469	240.800
2857	241.000
3633	240.300
3861	240.900
5645	240.300
5725	240.200
11293	240.300
11609	240.600
11625	240.700
11665	240.100
11925	240.300
433	241.100
9601	241.100
3109	256.300
12185	256.400
7257	261.900
8505	261.600
3013	262.900
7057	262.100
9953	262.800
11173	262.900
957	263.900
1945	263.500
10597	263.700
11025	263.700
11737	263.700
2289	264.400
4413	266.900
3389	267.100
7933	269.400
1393	271.800
9457	271.400
2881	273.000
12285	272.400
857	273.500
1917	273.100
4845	273.700
12181	273.500
3917	274.200
3689	276.200
397	278.000
9197	278.200
7997	280.900
1793	281.300
2209	281.300
2597	281.200
11001	281.400
12245	281.100
4897	282.300
9157	282.200
1457	287.300
3637	287.400
545	292.300
8709	293.000
3801	293.200
9305	293.800
7829	294.800
9533	294.300
10893	294.600
2669	295.900
5893	296.200
6333	298.200
8237	299.800
9001	299.100
3069	300.500
4957	300.900
9581	301.800
12093	301.900
1069	302.100
8101	302.100
9965	302.500
11677	302.100
409	307.100
10201	307.200
29	309.000
2709	309.600
6165	311.000
8729	313.600
1617	314.400
1965	315.000
3037	314.500
6177	314.600
10177	318.200
10941	322.400
237	324.300
1257	325.800
10349	325.200
12181	325.300
7889	327.400
4397	329.100
8781	330.000
2201	330.900
9689	330.900
2153	332.800
10661	332.900
3685	334.000
8273	336.700
697	340.500
2173	340.900
6545	340.600
8533	343.400
11805	344.600
2461	345.900
8397	345.500
11649	349.700
3413	352.400
10389	353.400
3157	355.300
3037	358.500
3169	359.000
1761	359.400
9469	359.200
9853	359.800
5565	360.300
7885	362.500
373	365.000
2881	364.500
425	365.900
9553	365.800
3669	366.800
6177	366.200
9693	366.600
2657	367.600
9409	369.100
6413	373.000
8713	380.800
7413	382.800
4385	384.500
2353	385.900
5213	386.000
8157	385.200
12309	385.100
5097	387.000
7477	386.100
9493	386.400
1117	387.300
5113	387.300
9741	387.400
11813	387.300
8537	389.100
493	392.400
4697	393.700
11961	395.800
1057	396.700
9273	396.500
10181	396.100
4097	404.000
5665	403.600
1521	405.600
4617	406.200
5937	406.800
10045	406.500
7649	407.700
4801	408.900
2049	410.000
2705	409.500
7353	409.400
1661	410.800
3669	410.800
7829	410.700
8629	410.800
8889	410.900
9801	411.000
10425	410.500
11669	410.600
12317	411.000
3105	411.400
6577	411.100
5017	416.000
6769	417.400
1277	419.600
2569	419.400
2641	420.500
3553	420.200
11609	420.800
11713	420.800
1009	421.600
2585	421.700
11665	422.000
11061	422.900
6001	423.600
11433	423.900
4905	429.000
11973	428.900
4721	433.600
2973	437.000
637	437.400
1349	437.900
6045	437.400
9097	437.900
7357	438.400
8621	438.300
10189	438.600
37	439.300
8381	440.000
8401	441.900
2161	443.000
3041	442.900
6829	443.000
4953	443.300
6933	443.100
7829	443.300
7729	445.100
265	446.100
2209	447.000
3317	446.500
5113	446.800
11389	447.000
249	447.900
3969	447.900
7757	447.600
12257	447.500
3885	448.700
8505	450.000
2693	453.900
1709	454.600
4669	455.000
809	455.400
4993	456.800
1845	457.500
1529	458.700
2133	458.500
433	459.900
5117	460.000
6021	459.900
7341	459.600
7961	459.400
8325	459.300
10237	459.800
11161	459.500
11825	460.000
1537	460.500
3873	460.300
3917	461.000
6745	461.000
9013	460.200
9569	461.000
9813	460.600
10057	460.300
6621	463.000
6277	464.000
12389	463.400
3745	465.200
7349	466.700
8985	467.100
3825	469.500
4077	469.400
7085	469.800
11409	469.700
2641	474.100
5229	474.900
11257	475.900
1257	478.600
2557	479.200
1189	482.200
7065	483.000
385	485.100
6021	485.200
6161	485.400
625	486.800
3373	486.700
5181	486.200
5781	486.400
7445	487.600
11133	491.200
2305	493.900
6877	495.300
1537	496.600
3481	496.300
7205	496.400
2669	497.700
3837	497.500
5509	498.700
1877	499.800
9117	501.200
3137	504.100
8241	505.800
933	507.600
9153	508.300
10809	510.700
12013	514.500
11993	515.300
7649	520.100
2785	522.500
2985	522.600
4905	523.400
5717	523.400
6649	523.600
9317	523.600
405	524.800
3441	524.900
8673	524.400
9021	524.900
9901	524.700
11785	525.000
2281	525.300
2305	525.600
5817	525.200
9869	525.400
10621	525.700
2381	526.600
3761	526.700
4437	526.700
5465	526.100
7561	526.600
7789	532.400
10325	536.800
233	539.400
6021	546.700
9141	547.600
3073	548.700
4685	548.700
6261	549.200
10197	549.100
5529	551.700
9173	551.900
4149	552.400
9581	552.400
10125	552.900
11725	552.600
945	554.400
3181	555.000
11157	554.300
2789	556.000
249	556.400
4781	556.300
2725	557.700
4493	557.800
7645	558.000
1801	558.200
1805	558.200
2633	558.500
2793	558.600
4845	558.200
5921	558.500
7117	558.500
9469	558.500
11133	558.400
793	560.200
4349	562.800
2165	565.200
925	566.100
941	566.700
1693	567.300
7929	567.600
10093	567.100
7509	569.000
10541	568.600
10653	569.000
12089	568.200
11841	571.100
10005	576.100
10597	577.000
10793	576.700
2621	577.800
7873	578.300
8349	583.000
8517	582.300
3693	583.200
8601	583.300
3541	584.900
8853	585.000
11281	584.300
401	585.800
4281	585.900
4541	585.800
9445	585.800
8225	587.000
11673	586.300
8153	590.000
9753	589.500
249	591.000
2557	592.900
2785	592.700
3433	592.800
5073	592.600
7141	592.900
11345	593.000
1997	593.800
3561	593.800
3681	593.300
6173	593.700
6241	593.900
8585	593.500
9241	593.600
10669	594.000
11753	593.500
1221	594.500
3473	594.400
3945	594.300
6849	594.300
11149	594.100
11693	603.100
969	609.600
10909	610.400
1489	613.200
11149	615.100
5133	619.000
10693	619.300
3493	620.500
2893	622.900
1253	623.100
1289	623.500
8125	623.300
8253	623.600
2041	624.400
6921	624.300
9621	624.600
4345	627.500
12405	627.900
8493	629.000
4745	629.600
7833	631.500
6681	632.800
3345	633.600
6717	633.500
4721	634.600
10373	634.700
10453	634.900
10589	634.600
10389	635.200
2845	636.300
921	639.500
949	640.900
1369	640.100
3753	640.100
5317	640.800
12253	640.300
1733	641.400
6181	641.200
11097	641.100
2221	646.800
5045	648.200
4381	649.600
2561	653.400
4069	653.600
4033	655.000
3969	657.000
3897	657.600
4661	657.700
157	658.700
381	658.900
2153	658.600
3365	658.600
4405	658.800
6417	658.600
6557	658.700
9129	658.600
12161	658.700
12165	658.200
937	659.100
2209	659.300
5061	659.500
7389	659.300
9257	659.700
9893	660.000
2253	660.700
5293	660.700
7153	661.900
9777	661.100
11729	661.400
8709	662.900
7953	665.300
9301	665.200
11089	672.600
2997	676.800
8065	677.000
1341	677.300
5617	678.600
7025	678.800
8213	678.100
10121	678.800
401	679.600
809	685.800
597	687.800
9573	687.800
2357	688.500
4973	688.900
6905	688.700
3009	690.900
3853	690.300
9441	690.500
4069	691.500
8241	691.500
9001	691.500
11117	691.600
7137	692.500
7405	692.500
8305	692.200
8981	692.600
1217	693.200
2581	693.400
5905	693.200
6021	693.500
6933	693.400
8829	693.400
11185	693.500
11385	693.300
6257	694.200
10173	703.400
4245	708.300
4981	709.700
8837	709.700
10085	709.800
1581	714.200
9289	721.000
2981	722.700
10457	722.500
1713	727.000
4117	726.900
8389	726.800
11241	726.300
609	727.100
3821	727.100
3881	727.700
8849	728.000
10633	727.200
8717	728.100
1921	729.100
5281	730.000
2613	730.700
2633	730.600
2797	730.700
2873	730.900
9821	730.300
9901	730.800
821	731.900
1117	731.800
3133	731.500
4425	731.800
4833	731.800
1629	732.700
1797	732.300
3365	732.200
3421	733.000
5641	732.800
8505	732.500
11385	732.400
1989	733.100
11365	733.900
4337	734.600
8525	734.100
9353	734.100
721	736.500
4981	738.400
7777	741.700
8617	742.900
1665	743.300
4525	743.400
4197	744.900
7705	744.300
11329	745.000
8689	745.200
9201	757.300
9989	758.100
10681	758.200
11861	764.600
10425	766.800
3657	769.600
1277	772.400
7609	772.900
9649	773.500
3613	774.800
6793	774.600
9129	775.000
1473	776.000
3633	775.800
6249	775.900
7781	775.700
8801	775.900
9601	775.600
349	776.500
489	776.600
801	776.600
1773	776.100
4849	776.600
5461	776.700
5749	776.100
7877	776.800
8385	776.900
8729	776.500
2793	777.600
7029	777.100
7057	777.700
8693	777.100
10829	777.500
6809	788.300
445	789.300
11965	790.300
2257	797.800
7701	797.500
7057	798.800
10049	798.600
625	802.200
6245	807.900
7137	807.600
11289	807.100
7473	809.000
7949	808.600
9305	808.600
10609	808.500
737	809.500
2461	811.800
5913	811.800
1213	813.500
10597	813.200
1629	817.000
4253	816.400
2881	817.500
7961	817.700
11529	817.100
2117	818.400
3913	822.200
3873	826.000
7845	828.800
2353	831.000
6993	830.100
9813	831.300
2541	833.300
9121	833.200
12069	833.700
6445	834.300
7925	834.300
8989	835.300
1457	837.900
1337	840.400
7097	841.500
337	843.000
737	842.700
809	842.300
5781	842.700
8025	843.000
8893	842.900
9277	842.800
781	843.800
2709	843.100
3105	843.300
5185	844.000
5233	843.300
5249	844.000
7285	843.300
7677	844.000
9641	843.600
11805	843.300
3609	852.500
9841	852.100
4833	853.200
1557	854.900
4109	854.700
8397	857.700
1709	858.500
8093	858.900
1913	859.900
5021	859.200
5249	859.800
7909	859.400
10017	860.000
10753	859.700
12285	859.600
3633	860.100
3845	860.300
10569	867.000
1537	868.400
4373	869.400
11341	870.900
7085	871.700
7233	871.600
8589	872.000
11425	871.400
6749	872.900
7673	874.800
7185	877.200
4829	878.200
9413	878.800
11657	878.700
4013	879.200
7485	881.700
2573	882.500
8565	883.000
11549	883.800
3669	884.400
5221	884.200
10545	884.100
6285	885.400
8753	890.200
2609	892.000
3161	893.100
11465	895.700
5077	898.600
4533	900.800
8969	900.700
11165	902.800
1309	903.700
4809	904.700
6449	904.400
7437	904.400
8825	904.600
9393	905.000
10049	904.600
11745	904.200
3841	905.100
6681	906.500
5933	908.400
8201	909.700
5185	910.800
4765	911.900
6409	911.800
8253	911.700
2917	912.900
9013	912.500
7457	913.900
737	915.900
9573	916.000
9085	917.000
9593	916.700
877	917.500
7961	917.600
8337	917.700
9369	917.900
10629	917.600
3545	918.400
7089	918.400
12201	918.100
5757	919.800
6149	920.900
4341	922.100
9621	922.800
9685	923.300
1465	924.600
7285	925.100
3521	927.000
11905	926.500
12361	926.200
6273	933.800
4281	934.900
6177	935.000
8145	934.500
9329	934.300
4077	935.800
6101	935.700
6485	935.900
7057	935.900
9501	935.600
469	936.900
921	936.600
2757	936.900
3161	936.900
4793	937.000
5033	936.900
7829	936.900
10221	936.700
11193	936.900
11697	936.300
11805	936.800
1781	937.200
2489	937.400
6857	937.400
12121	946.700
7185	948.300
1361	950.000
3017	951.200
8505	951.300
2205	952.300
2589	952.600
6165	952.600
6781	952.600
8885	952.600
10897	952.400
11373	952.500
11993	953.000
3853	953.900
921	960.600
10673	962.800
3441	963.700
5033	963.900
5861	963.500
6409	963.700
8837	963.400
9925	964.000
7721	968.400
9893	969.900
7541	973.500
11905	973.300
11653	977.000
12221	976.500
12409	977.400
9049	980.200
2081	981.200
6569	981.400
9045	981.900
3401	983.300
6101	983.700
8905	983.900
9093	984.000
10189	983.600
11753	983.100
9157	986.800
5045	988.200
1593	989.700
4557	990.200
1697	991.300
5549	996.300
1725	998.000
