# NEST version: 3.6.0
# RecordingBackendASCII version: 2
sender	time_ms
1905	157.000
841	158.800
11861	158.100
1965	159.500
8897	159.800
9701	159.800
3797	160.800
8853	161.000
1217	165.500
10085	165.700
4581	166.400
877	168.000
3305	167.900
1697	168.700
5489	168.200
10401	170.800
8597	172.400
233	174.900
5273	176.300
8753	176.900
3153	177.400
12433	177.900
6181	178.400
3245	184.800
3845	184.600
989	185.700
3401	185.800
4185	186.000
5025	185.800
5601	186.000
3869	186.300
409	187.700
8733	188.000
9773	187.100
10609	187.300
1381	190.800
3421	190.300
4969	190.700
8073	190.300
11413	190.700
11433	190.200
11241	195.300
8877	196.100
4893	202.700
8657	202.800
1681	203.400
6713	204.000
8949	203.200
10745	205.600
11413	205.100
11969	205.400
1917	207.000
2017	206.400
6833	206.200
377	208.100
7337	208.100
4261	209.400
9953	209.500
3577	210.100
5829	210.800
185	211.800
3013	211.600
3785	211.600
6221	211.300
6397	211.300
8053	212.000
8077	211.400
12177	211.600
3693	212.300
5773	212.600
8001	212.200
8349	212.300
10029	212.500
11065	212.300
4537	229.000
1321	231.800
2373	231.800
2321	232.800
5497	232.900
7429	233.000
7753	232.800
7957	232.800
8877	232.200
9065	232.200
10101	232.800
12177	232.500
9345	233.300
3085	234.400
1413	236.400
4809	237.800
1721	238.300
3237	238.800
1693	239.300
4205	239.400
5277	240.000
6573	239.800
9021	240.000
7357	240.400
5101	242.700
1749	244.000
7693	243.100
8877	244.400
9089	244.200
10569	244.300
11429	244.400
5829	247.900
8413	247.700
3553	250.000
65	250.100
4037	250.800
5109	250.500
569	251.100
1825	251.900
4585	251.600
7445	251.600
1201	252.100
2957	252.600
5693	252.500
6241	252.500
6373	252.500
7617	252.600
3277	253.100
10649	253.500
11649	254.100
10345	263.300
8473	264.400
749	265.700
3361	268.300
1493	269.300
5065	269.300
6349	269.900
301	270.800
3753	270.200
7757	270.200
8169	270.700
1105	271.100
3613	272.800
11881	272.600
1157	275.300
3097	276.800
3529	278.500
5673	279.900
53	285.900
1733	286.000
5677	285.900
8293	285.100
337	286.400
1125	286.200
2353	287.000
8261	286.800
8309	287.000
9601	286.300
10145	286.800
11929	286.700
11369	287.500
8857	294.700
4613	301.700
337	302.700
873	303.000
9505	302.600
2401	304.000
4305	304.000
10313	303.800
833	304.200
6085	304.100
7525	304.600
4821	305.700
11165	305.600
2517	306.500
2821	306.100
4813	306.600
5753	306.600
9101	306.100
10217	306.100
6353	308.000
10389	307.100
6445	309.400
21	310.700
4753	310.200
8245	312.100
10373	312.900
2961	313.300
2605	314.600
4105	314.600
4537	314.200
11589	315.700
11905	316.000
5005	320.700
1497	322.600
8009	323.700
2181	326.200
7769	326.100
9873	326.900
3193	327.900
6197	327.400
9477	327.200
833	330.900
4129	330.300
2757	331.400
365	332.100
7561	336.700
1057	340.600
7205	340.500
7997	340.700
7429	341.400
3909	342.500
717	344.600
7653	345.700
12053	345.800
501	346.600
8901	346.400
3789	347.700
4649	347.700
10873	347.600
10913	347.600
1145	348.200
1937	348.200
2389	348.400
7589	348.300
10265	348.400
2381	359.900
10001	360.900
4433	362.000
10785	361.500
12333	362.400
2521	366.900
8225	366.700
1849	367.900
4169	367.500
1069	368.500
1997	369.700
2701	369.500
5889	369.200
7901	369.300
309	370.400
5289	371.400
9701	372.000
10749	371.700
6929	372.100
9517	372.700
10713	374.900
5257	378.500
8465	378.500
921	379.700
3789	380.000
4665	379.500
5413	379.600
7961	379.800
10629	379.900
1805	380.700
3857	380.400
5205	380.700
8445	380.800
10049	380.800
10053	380.700
10661	380.800
881	388.900
10749	392.800
3389	393.200
9489	393.400
3129	394.300
10049	394.700
2177	401.800
3961	405.000
6861	404.400
5889	405.300
6693	406.000
8161	405.300
8749	406.000
7349	407.000
5549	408.500
9625	409.800
10845	409.200
4409	410.100
5881	414.300
453	418.000
2997	417.400
10233	418.800
7013	421.300
8333	421.500
6489	422.600
7653	424.900
12401	426.200
589	429.500
1861	432.400
7609	435.700
6097	436.800
11249	436.900
1469	437.800
4541	444.100
10449	444.200
881	447.000
1453	448.000
6585	449.800
1237	450.800
5289	450.700
11245	451.200
11497	453.200
757	455.200
2809	461.000
10337	460.600
61	461.500
1533	461.300
2897	462.500
10913	463.400
12073	466.600
417	468.600
4969	470.000
8689	469.600
8981	470.700
325	471.200
7817	472.000
9541	475.700
12193	475.400
12141	477.400
11757	482.000
6257	483.100
2225	484.900
2437	487.000
7813	486.600
3677	487.500
6057	487.500
12429	487.900
1733	488.400
3457	488.500
3769	492.200
1997	494.500
5449	495.700
45	499.300
2609	500.000
4917	499.400
9481	500.300
3717	502.000
11509	504.200
11493	507.200
11721	508.200
833	515.500
853	518.000
1837	518.000
3405	517.300
3945	517.700
3101	518.200
329	519.300
6817	520.400
9997	520.600
11953	520.600
141	521.300
4033	521.100
4793	521.300
7569	521.100
9001	522.300
9509	528.100
3225	529.800
7205	529.200
5229	533.000
3789	534.000
2937	534.300
2377	536.900
7609	536.100
2321	537.900
10357	537.500
785	538.100
6393	539.400
4401	541.900
6533	541.700
12109	541.600
2609	542.300
12253	542.600
457	543.200
5513	545.800
5881	547.000
6141	546.700
6369	546.500
3001	547.800
7881	547.800
833	548.500
7357	548.800
1689	549.900
4893	549.200
5217	549.200
5541	549.700
7461	550.000
7617	549.600
8177	549.600
8689	549.300
8949	549.100
9561	549.600
11221	549.600
11257	549.200
12273	549.200
3977	550.900
4433	550.700
5357	550.900
6697	550.300
3901	551.900
6781	551.100
2805	552.300
8233	554.000
2405	555.000
4201	557.000
5685	556.800
10369	556.800
8237	557.800
2617	561.400
1641	562.200
1969	562.100
637	563.500
4569	563.700
4821	565.400
5305	565.200
5745	565.700
11157	565.900
3809	567.400
4305	567.800
2289	568.600
4657	568.900
7901	568.400
1777	569.900
2141	569.800
3049	570.000
4473	570.000
5085	569.800
11473	570.000
11893	569.100
6189	570.200
9725	574.900
413	575.400
9073	576.000
10301	575.100
3009	577.800
729	578.800
7573	578.700
3885	579.300
7985	579.300
12029	579.400
2989	584.600
5533	584.200
1429	585.300
9501	585.700
2689	588.200
4797	588.300
5389	588.200
8277	588.500
585	589.300
2193	589.500
4289	589.600
4737	589.800
6477	589.700
7373	589.500
7565	589.200
8121	589.800
8493	589.800
11265	589.300
12433	589.100
45	591.200
6117	596.100
2441	599.100
2893	601.000
9729	601.900
3217	603.400
4313	603.600
9493	603.200
4993	604.300
5045	604.300
9105	604.500
829	605.400
9265	608.000
7657	608.400
7837	612.700
10029	615.600
10897	616.000
1341	616.600
1957	617.300
2661	618.200
6589	619.100
41	620.600
10649	620.400
11885	621.700
5365	622.200
8669	624.000
10105	623.400
12313	624.900
2425	633.200
5017	637.900
9821	637.500
2585	638.800
3317	638.700
7849	639.000
5169	643.700
12333	644.900
10349	645.400
10413	646.300
5537	648.400
7633	648.500
12393	648.200
7361	649.900
9401	650.100
11297	652.000
6421	652.100
11305	652.200
6273	659.900
7957	660.400
5669	662.900
10973	663.000
1797	663.800
3661	663.600
6973	663.900
8949	664.000
9385	663.200
10117	663.600
4001	665.900
4557	665.100
6521	665.400
8617	665.100
537	666.800
1729	668.000
11805	667.800
11461	671.800
6033	675.300
8385	676.200
6917	682.100
573	683.500
9185	685.000
11865	684.600
12153	684.400
7749	685.600
2293	686.300
9645	686.400
11545	687.000
1369	687.300
10105	687.900
11269	687.900
12421	687.900
7201	688.300
10025	688.700
3965	689.600
757	693.400
5725	693.400
6837	695.000
1381	695.100
5961	697.000
6753	697.300
11329	698.000
5257	698.100
10109	698.200
10737	698.500
4397	707.600
6977	709.000
3625	709.700
5905	709.700
8989	709.500
6941	710.800
10609	710.800
7473	712.700
6425	714.600
6821	715.300
189	716.900
2997	716.900
4469	716.800
5409	716.900
5593	716.800
7277	716.500
7881	716.300
1485	717.800
4457	717.900
5141	717.300
5173	717.500
7409	717.800
8273	717.900
9489	717.100
11461	717.800
241	718.500
493	718.900
749	718.800
905	718.700
1425	718.800
1665	718.900
1757	719.000
1765	718.800
1801	718.500
1925	718.900
2029	718.900
2145	718.900
2333	718.200
2601	718.900
2689	719.000
2709	718.100
2921	719.000
3005	719.000
3909	718.800
5169	718.700
5437	718.700
6025	718.700
6037	718.900
6189	718.700
6785	718.500
6909	718.200
7285	718.800
7405	718.300
7589	718.800
8409	718.100
8493	718.500
8733	718.800
8825	718.800
8921	718.700
8953	719.000
9197	718.900
9261	718.700
9357	718.700
9377	718.500
9637	718.800
9681	718.900
9729	718.400
9941	718.800
10089	718.800
10421	718.200
10717	718.800
10789	718.600
11013	718.600
11257	718.300
11529	718.800
9	719.100
345	719.200
361	719.200
409	719.200
729	719.200
793	719.100
1077	719.200
1185	719.200
1205	719.400
1453	719.200
1741	719.100
1873	719.500
2221	719.200
2885	719.200
3465	719.100
3509	719.300
4485	719.200
4661	719.200
4717	719.400
5157	719.400
5369	719.200
5521	719.200
5833	719.100
5921	719.400
6033	719.100
6205	719.100
6749	719.200
7265	719.200
7629	719.200
7993	719.200
8485	719.100
8521	719.100
8813	719.100
9337	719.100
10361	719.100
10401	719.300
10417	719.200
10729	719.100
10821	719.100
10841	719.100
11017	719.100
11053	719.100
11221	719.400
11429	719.200
11453	719.200
11477	719.200
11969	719.200
12249	719.200
12253	719.300
12369	719.200
5169	734.100
1925	735.900
6749	735.400
8485	735.600
5157	737.500
1665	738.800
5369	738.600
6205	739.000
10417	738.600
10717	738.300
3005	741.800
1077	744.600
1425	745.100
8733	745.800
8825	746.700
10729	746.100
6909	747.100
9261	747.200
11969	747.400
1741	751.900
8813	756.500
7285	758.000
1453	759.700
12253	759.900
2333	761.200
793	764.200
889	767.400
3661	767.700
5369	767.800
589	768.400
10089	768.700
10421	769.000
5257	769.300
10329	770.000
7549	771.300
4517	775.000
4669	774.100
6221	774.300
4013	776.000
9337	775.400
10757	775.100
5941	778.000
8693	777.900
10985	777.400
12061	777.200
6037	778.400
8521	778.300
10385	782.000
5933	782.800
609	784.400
1117	784.800
8021	784.800
4561	785.500
4769	785.800
6849	786.500
589	787.800
3209	787.100
6189	787.900
9261	787.100
10361	787.400
2721	788.200
4249	788.700
4293	788.200
9189	788.300
2269	789.200
4589	793.800
5161	795.300
9549	795.600
3057	796.800
5021	796.400
8237	796.100
10873	796.200
1005	797.900
3993	798.000
12049	797.200
2597	798.800
9865	798.800
1577	799.800
3705	799.600
4277	799.400
4865	799.900
6497	799.400
7341	799.200
997	800.200
8381	800.100
9253	800.900
3177	802.000
6361	801.200
8053	801.400
8557	801.700
10929	801.300
11833	801.900
7505	802.200
3181	810.500
4489	812.300
85	814.000
8017	813.900
5509	814.600
6329	814.300
8953	815.300
8081	819.400
9585	819.600
3229	820.900
6341	822.900
8529	822.900
8757	822.100
11353	823.100
11993	824.700
4321	826.600
157	827.600
273	827.700
8745	828.600
5109	829.900
3329	830.900
7245	830.700
8493	831.000
4597	831.600
6985	831.500
11269	831.800
1709	832.700
325	833.100
1005	834.100
6969	834.800
4369	836.700
4853	839.000
6385	838.700
10561	838.400
2161	839.600
8401	839.600
9925	839.900
2961	841.000
10173	840.900
11537	840.900
11913	840.500
8393	841.700
11805	841.100
9937	847.800
365	851.600
3137	856.200
8149	856.200
1317	857.200
11865	858.000
1101	858.300
9233	859.400
6213	865.100
1781	869.900
10321	869.100
5997	870.900
7773	873.200
9285	874.100
6929	881.400
865	882.700
2113	884.300
9769	886.700
1609	889.200
1889	889.300
4805	889.100
6949	889.800
11141	889.700
11721	889.400
1001	890.700
1025	890.100
9541	890.200
10753	891.100
7537	892.200
12241	897.700
569	899.300
765	902.600
8009	902.800
93	903.400
2837	904.300
3893	904.300
5937	904.400
6301	904.400
8205	904.400
3269	905.300
4185	905.800
6409	905.500
8313	905.100
8481	905.300
5317	906.800
7529	906.800
8457	906.200
8821	906.200
10429	906.900
845	907.800
1325	907.800
4609	907.700
5313	907.200
5821	907.300
6585	907.600
8701	908.000
10529	907.300
11485	907.800
197	908.600
6465	908.200
10601	909.800
5809	911.300
577	917.800
9537	917.600
6593	918.400
7693	918.200
11585	918.600
2189	919.200
6845	919.100
7357	919.500
4877	923.100
12033	923.300
6541	926.200
3145	931.900
5985	933.000
10253	932.800
12401	932.900
8981	933.200
12437	933.500
11237	946.100
11309	946.800
7341	948.700
10989	949.900
3973	951.900
6265	951.700
2285	953.000
4393	953.000
661	953.200
7293	953.100
5113	956.700
2385	957.300
381	958.300
10621	961.200
1305	968.700
1965	969.100
6113	969.600
7701	969.400
9637	969.600
1653	970.200
3457	970.500
5009	970.400
10553	970.400
12053	970.200
3713	983.900
3925	983.600
9153	983.400
4441	984.400
4361	988.000
6133	987.400
6437	987.900
9893	987.100
217	988.800
1085	988.500
305	993.500
9509	993.600
1633	996.600
2969	996.300
4521	996.200
8529	996.300
2729	997.100
7813	997.200
