# NEST version: 3.6.0
# RecordingBackendASCII version: 2
sender	time_ms
9377	158.000
2537	158.800
97	159.300
1549	159.900
1625	160.000
2509	159.900
3425	160.000
4037	159.900
4853	159.800
5197	160.000
6069	159.400
7205	159.300
7489	160.000
9361	159.700
9769	159.900
945	160.300
1045	161.000
1081	160.800
1161	160.600
1769	160.800
2665	160.400
2925	161.000
2989	160.300
3033	160.600
3677	160.300
3793	160.300
4881	160.900
5245	161.000
5385	160.300
5533	160.500
5841	160.300
5953	160.900
6057	160.400
6117	160.600
6317	160.900
6705	160.300
6709	160.300
7581	160.300
8549	160.900
9917	160.300
10013	160.300
10145	160.100
10233	160.500
10369	161.000
10797	160.900
11377	160.900
11465	161.000
11725	160.300
11837	161.000
12373	160.300
12413	160.600
12497	160.100
10013	175.500
1081	176.700
8549	177.200
3033	178.800
4881	188.900
1161	189.700
5245	189.600
12373	189.400
1953	195.700
7625	202.700
3769	203.800
11377	204.400
6705	205.200
7321	205.300
5969	207.100
7033	208.600
11837	208.100
1865	209.100
3293	210.600
6041	211.800
11137	211.300
11877	211.300
757	213.200
2845	219.000
8713	219.000
9833	221.900
1997	222.300
3793	222.500
5805	222.500
11653	222.800
1689	223.900
8885	223.500
1909	224.900
6665	224.900
11105	224.900
2213	225.300
6081	225.700
8245	225.400
10281	225.300
2089	226.300
12053	230.500
5649	234.000
2969	235.100
3393	237.600
4361	237.900
8381	237.200
1085	238.500
2421	238.800
3201	238.400
6041	238.500
7753	238.600
10945	238.600
161	239.500
413	239.300
1701	239.700
3073	239.700
4041	239.600
6369	239.700
7745	239.800
9917	239.400
11761	239.500
12353	239.300
12401	239.500
12413	239.700
3081	240.200
5097	240.200
2805	244.200
8513	246.600
7737	254.700
7821	255.800
9165	255.100
2157	257.500
10629	258.700
3149	264.100
9613	265.500
5789	268.000
8725	267.400
11965	267.800
1085	268.100
1825	268.900
3593	268.600
325	269.900
4553	269.500
6733	269.700
2769	270.700
3953	270.600
4669	271.000
4709	271.000
873	273.300
6497	278.600
637	279.900
11949	279.800
701	280.900
2377	281.500
6373	282.700
9089	284.200
713	285.700
9645	286.400
9021	287.400
9673	287.500
185	288.600
1505	288.800
3245	288.900
8833	288.500
10405	288.700
6305	289.300
7577	290.000
9833	289.600
2437	295.400
5537	300.400
1757	305.200
325	307.200
6053	307.700
2577	309.500
9681	309.300
3593	310.900
10993	310.500
11829	310.700
4885	316.000
5329	316.000
885	316.700
2709	316.900
4641	318.100
8201	320.800
5425	321.100
12357	322.500
2065	323.400
2705	323.700
2229	324.600
11093	325.700
3309	326.100
329	328.400
1245	328.700
1953	328.600
5745	328.400
9489	328.400
11525	328.400
2749	329.200
3493	329.400
4169	329.700
5633	330.000
6409	329.500
8417	329.100
8745	329.400
10745	329.300
11721	329.400
2677	338.300
10637	338.700
965	341.100
2065	343.000
3933	342.500
6845	342.500
7789	342.700
3617	344.100
4081	345.000
7017	344.700
10861	344.500
5045	345.500
11785	346.500
8753	349.800
7117	351.000
1929	351.700
6237	351.500
7349	352.000
10745	351.600
757	352.500
1937	353.000
3385	352.800
4237	352.500
5613	352.700
7241	352.700
8289	353.000
11249	352.500
2401	353.300
9873	353.900
12157	353.500
4457	356.900
5569	360.400
10825	360.500
8241	361.900
3665	364.400
417	365.100
12465	365.400
4757	366.100
5957	368.000
9721	367.400
321	368.400
2797	368.200
12345	368.900
2593	369.600
5745	369.100
6989	369.900
7217	369.100
7329	369.600
5161	370.700
5961	371.000
7885	370.100
7973	370.500
853	371.100
3885	371.300
6593	371.400
6957	371.600
2809	372.400
3837	373.900
5733	373.800
11433	374.900
545	379.700
5373	380.900
7393	380.500
8137	382.900
9945	382.100
8833	384.700
9725	384.300
3797	385.500
10225	385.300
6937	386.200
8209	386.600
153	387.600
165	389.000
9825	388.300
385	389.500
829	390.000
901	389.200
1021	389.900
2213	390.000
2637	389.400
4429	390.000
5245	390.000
8997	390.000
1585	390.200
2497	390.900
2929	391.000
6989	390.200
7517	390.900
8537	391.000
10953	390.200
2385	399.100
1585	400.200
11493	401.300
12189	401.800
3229	402.700
6053	403.500
4637	404.600
9613	406.000
7521	411.500
1657	413.200
1909	414.300
6385	414.800
3189	416.200
7973	416.800
9101	416.200
3717	418.000
4941	418.000
11761	417.900
1901	419.900
7985	419.500
1041	420.600
1701	420.500
7013	420.500
3277	421.800
4617	421.600
6917	421.700
9413	421.900
6445	423.000
11965	422.800
11133	427.100
5937	431.500
11377	432.800
1217	433.700
5401	434.800
11705	435.600
5217	436.600
5565	436.900
7213	436.100
3237	437.600
10213	437.300
11997	437.200
537	438.900
2497	438.100
10289	438.100
10769	438.200
1021	440.700
1273	444.500
4269	445.600
6281	445.600
6429	446.200
9837	448.100
2081	449.600
5977	449.300
8293	450.000
9261	449.700
6477	450.400
7021	450.300
10065	450.700
11785	450.600
4713	451.100
12249	451.500
813	457.200
453	458.600
6969	458.300
7325	458.500
8833	458.300
3909	459.400
7013	459.900
9253	460.000
9749	459.700
10533	459.800
11401	459.500
12077	460.700
1085	465.800
9049	467.800
11897	467.300
7937	469.500
4981	472.000
2577	475.400
1133	476.400
5489	476.900
6033	476.100
8821	476.100
141	477.300
3073	477.200
3685	477.600
7417	477.800
8169	477.900
8589	477.200
9097	477.500
9525	477.300
10841	477.400
11569	477.500
11953	478.000
4613	478.100
2773	489.000
11557	490.700
4745	492.500
5941	493.600
1349	494.100
6093	494.600
10861	494.800
3929	495.400
6197	495.100
1581	496.900
2697	496.700
2801	496.800
2861	496.800
7193	496.400
8173	496.600
9717	496.300
12449	496.500
365	497.800
417	497.300
917	497.300
1733	498.000
2637	497.300
5125	497.300
5693	497.900
5837	497.900
8645	497.900
11289	497.900
12493	497.800
997	498.300
2769	498.500
3701	498.300
4597	498.700
4877	498.300
4885	498.100
5797	498.200
6453	498.400
6457	498.700
6917	498.700
6985	498.600
7329	498.600
8045	498.200
8465	498.200
9009	498.200
9289	498.300
9953	498.300
10473	498.300
10737	498.100
11953	498.200
12213	498.300
12333	498.700
365	514.900
8045	515.300
1701	516.200
3701	516.400
6453	516.400
5	517.500
2637	518.400
6457	519.000
9289	518.500
11257	518.600
1557	519.200
1681	519.400
3665	519.800
4641	519.500
9269	519.100
10545	519.300
11237	519.100
11841	520.000
1909	536.000
3361	536.400
11137	537.000
8137	538.100
2609	539.500
917	540.600
2245	540.900
2733	540.700
6957	540.200
325	541.200
5257	541.600
7765	542.900
8557	542.600
11237	543.000
7693	543.500
2113	544.800
4297	544.900
12209	544.800
6961	545.300
965	546.800
4961	546.400
3289	548.100
9953	549.800
1685	551.600
3793	553.000
1005	553.300
8541	555.100
749	556.600
1885	556.300
4569	558.700
4785	559.600
7021	560.000
1709	561.000
4961	562.200
3625	564.400
4121	564.900
11205	565.000
7941	570.900
11189	570.900
3225	575.200
2725	576.400
6153	576.700
7993	576.300
3069	577.400
6313	578.400
11929	578.400
3121	579.800
5113	579.900
5161	579.900
5429	579.100
3257	580.200
8977	580.500
7261	581.700
4821	585.200
4573	586.400
7249	586.800
7365	586.400
11597	586.900
849	587.500
3073	587.800
4857	587.700
5377	587.800
6097	587.600
6813	587.400
12401	587.600
4593	597.100
8641	597.200
161	598.500
6029	599.000
11841	600.700
8125	603.800
4613	608.000
7309	607.900
10213	608.000
1929	608.400
4853	608.600
7693	610.800
229	612.100
3949	612.300
3837	613.400
5173	615.500
5541	616.900
3265	617.500
7497	617.100
12273	617.900
1165	618.700
5501	618.500
12153	619.600
9361	624.100
3533	627.000
4501	626.300
5613	626.900
6705	627.000
10201	626.300
12265	627.500
465	628.400
4757	628.400
157	629.300
189	629.500
2473	629.800
9217	629.500
3313	630.500
2965	631.500
2809	632.500
3365	632.600
3925	632.700
2001	633.600
4029	633.500
4121	633.800
5657	633.800
6041	633.500
9473	633.900
9549	633.900
10233	633.700
10741	633.900
10841	633.900
11053	633.700
161	634.100
905	634.100
1729	634.500
2205	634.800
8077	634.600
10269	634.600
10409	634.500
8761	643.300
2953	644.400
2845	645.900
8641	645.100
8225	647.900
10833	647.600
10857	647.200
11705	647.700
12249	647.900
641	648.200
5657	648.300
11785	657.400
7809	660.200
1517	664.300
7885	668.800
5685	671.600
5173	672.600
10713	672.900
6585	673.900
7653	673.400
9525	673.300
11677	673.900
12109	673.700
12237	673.900
6405	674.400
12269	674.400
10465	677.000
365	679.400
2001	681.600
3469	688.700
6073	688.600
8901	688.100
3297	689.400
7901	690.200
12457	691.700
10753	692.500
2101	702.200
909	704.900
4921	704.600
7817	704.100
11797	706.900
6081	710.000
5633	710.900
6085	711.000
157	711.100
5701	711.900
6217	711.900
6497	711.900
6961	711.800
8501	712.000
8833	711.900
10529	711.500
1549	712.100
3453	712.800
3889	712.400
6541	712.200
8781	712.900
10665	712.500
10993	712.800
11273	713.000
2505	713.100
5445	713.200
12421	726.300
11637	730.800
11481	731.500
11509	731.700
8053	735.700
8109	736.400
2389	740.600
3817	741.100
9249	741.400
9917	741.900
545	742.600
4277	743.000
5681	742.800
7681	742.500
8957	742.900
9405	743.000
9873	742.100
11273	743.000
11325	742.900
6369	743.100
6641	743.300
7769	743.500
9033	743.100
11789	743.100
3709	749.700
10993	750.700
8865	751.800
8213	755.300
8765	755.500
10605	755.800
1425	756.400
1897	756.300
5969	756.500
7625	756.900
7693	756.800
12357	756.900
1393	757.500
325	759.000
10805	759.100
11897	761.900
229	763.600
7537	765.600
11053	765.400
9605	767.700
10329	767.800
3825	768.800
8097	768.700
5569	769.600
689	771.100
10925	771.100
2505	772.900
5601	772.900
6925	772.400
4857	774.900
577	779.100
4961	779.900
5885	780.500
6425	780.500
10529	780.600
1993	781.700
4469	781.300
4593	781.400
6989	782.000
9577	781.500
11337	781.600
12197	782.000
7513	782.300
9533	782.500
11569	782.400
11597	782.500
12153	782.500
5501	783.200
8833	783.200
3345	791.900
2549	794.200
5401	794.600
5613	795.600
10825	795.800
2293	796.300
4157	799.200
933	800.200
3429	800.100
4193	801.100
4497	802.300
4805	803.200
10913	803.100
10085	806.000
5389	806.500
1577	809.200
2861	809.200
3941	809.900
10273	811.600
10169	813.400
11929	813.800
6137	819.900
553	821.800
1133	821.600
4013	821.800
885	822.100
2309	822.700
6425	822.300
4433	823.100
7517	824.700
9153	824.600
2845	827.900
9197	827.800
11745	827.100
12305	827.300
1297	828.200
10717	828.100
2745	830.000
11181	831.900
6321	836.600
117	837.400
2721	837.300
9405	837.700
10001	837.300
9017	839.100
6009	840.100
10953	840.800
7117	843.000
4169	843.200
6613	843.500
561	844.400
6629	844.600
8185	844.100
11369	845.200
11321	846.700
6593	851.200
4841	852.100
6953	853.000
12333	853.100
11029	854.600
333	857.000
11057	857.900
9305	858.500
10437	858.200
6513	864.500
8633	864.100
10665	864.900
11373	864.900
5297	865.500
12213	868.100
4305	870.000
7861	871.300
8233	871.600
12309	871.600
5377	874.900
5385	875.900
6425	875.900
4093	877.900
4357	877.500
4637	877.500
6817	877.400
185	879.900
6549	882.300
11997	882.700
4985	885.700
2665	887.600
325	888.500
3257	889.000
7505	888.200
8297	888.900
10581	888.200
11237	889.000
11141	889.700
4389	899.100
5645	899.200
173	900.300
1889	900.600
7213	900.300
2617	901.300
6973	902.000
2313	902.300
4649	902.200
7425	902.100
11701	902.800
3409	908.200
7377	910.300
765	911.100
10737	911.200
3281	916.200
2233	917.800
2685	917.700
4273	917.900
2493	918.400
4449	918.200
6173	918.100
11237	918.600
11525	918.900
2805	924.500
7249	926.200
845	927.200
1401	932.300
4521	932.900
12361	934.000
2861	935.900
5681	935.900
7269	935.400
10845	936.000
777	936.700
2521	936.500
3165	936.200
8213	936.700
8245	944.400
11785	944.700
2641	947.500
11813	948.200
4301	950.700
5577	950.700
7265	951.900
12269	952.100
7349	955.700
10729	957.000
3865	957.400
8993	957.500
2685	966.000
3205	969.400
6369	969.700
12153	969.100
8757	972.000
3793	974.700
2753	975.200
10461	977.500
1121	978.200
4865	978.800
6217	978.100
10369	981.100
2821	988.000
2969	987.900
4637	987.500
4857	987.600
1253	989.000
5209	989.000
8061	989.000
1609	989.400
2689	991.400
8121	991.200
5569	992.300
7797	994.300
9945	994.200
11817	994.200
12037	994.500
421	997.300
10225	997.200
9629	998.900
