# NEST version: 3.6.0
# RecordingBackendASCII version: 2
sender	time_ms
3593	158.400
8549	158.400
10009	158.100
2381	159.500
2833	159.100
10833	161.000
10977	160.700
5769	161.300
7513	161.600
3089	162.900
7041	164.700
4361	165.600
10937	165.400
8313	166.300
11189	166.200
10717	169.400
11893	170.800
3821	173.800
4797	174.200
769	175.900
4265	175.100
6113	175.500
8793	175.500
2861	176.400
10613	176.800
5729	177.700
6133	177.400
10069	177.800
10765	177.700
2141	178.500
3069	179.000
3905	179.000
6265	181.200
4749	184.900
12449	185.700
6157	186.100
7909	186.200
8925	186.600
1917	187.200
11501	187.300
9953	188.200
8809	189.200
4577	190.700
8997	191.000
11289	190.500
12281	191.000
12429	190.400
589	191.200
2649	191.200
2125	201.600
9817	202.600
7857	203.700
10309	203.800
5769	205.000
5969	204.400
7645	204.300
10557	205.100
6109	206.100
3749	207.500
8169	208.000
11501	207.600
11937	209.700
10329	210.500
7301	213.400
5389	215.700
1081	217.800
45	218.900
4973	218.500
9753	218.600
597	219.600
6809	219.900
8469	219.600
8973	219.100
9225	219.300
9433	219.900
10073	219.900
10193	219.900
10753	219.900
10997	220.000
11237	219.200
11885	219.500
2509	220.200
6537	220.100
7653	220.600
9665	220.100
10553	220.100
885	227.700
4609	228.500
8965	229.800
8793	231.500
4985	233.800
3697	234.400
4977	234.100
5505	234.600
6097	234.300
11957	234.300
1765	235.800
6565	235.700
7805	235.100
10729	235.700
1009	236.900
2229	236.300
2441	236.800
2685	237.800
109	238.500
909	238.300
5925	239.000
357	239.500
3365	240.000
5949	239.500
961	240.200
2061	240.200
6889	240.400
7381	245.300
5997	247.400
7361	249.700
12333	252.600
4741	255.000
713	255.800
5153	255.900
10729	255.900
8289	256.400
11761	256.900
2569	257.200
4817	257.800
1741	259.000
6189	258.700
6445	259.600
2505	260.400
6497	260.100
6629	260.600
10493	260.700
4501	261.600
7149	261.500
9397	261.500
10697	261.500
2697	262.100
5889	262.100
9393	262.900
12169	262.100
6057	264.700
1649	266.400
4205	266.400
7753	267.400
5745	268.800
10329	268.800
11121	269.400
6953	278.500
11785	280.800
8493	282.000
10953	281.100
12421	281.900
2297	284.700
4737	285.300
8409	287.800
1433	289.500
10553	290.500
41	294.200
11377	296.100
9769	298.000
10377	299.000
12205	299.900
11257	304.900
8701	307.900
5437	308.200
2337	309.100
2493	310.500
10997	311.400
3469	316.600
8609	316.200
12281	317.500
5	318.400
2225	318.500
1057	319.900
1181	324.300
10805	326.000
10517	328.600
1165	329.100
3861	330.900
4649	330.600
6029	330.600
8053	332.000
9725	331.900
11205	331.600
657	332.800
10533	332.500
11141	332.500
11521	332.900
10961	335.300
5777	336.700
1161	337.900
12001	338.900
2169	339.900
4741	341.400
7561	341.500
561	342.700
7501	344.900
8465	345.000
12017	344.600
8645	345.200
3781	350.000
12273	350.000
3033	350.200
7129	350.400
8997	350.900
77	351.500
4717	351.900
12317	351.300
11705	353.000
2545	353.400
4037	353.100
12349	353.700
1037	354.900
5257	354.400
2765	357.300
2989	358.400
9361	358.300
2685	361.000
1301	362.000
1593	361.800
4677	361.100
6065	361.200
7673	361.100
10577	361.500
3429	362.100
8497	362.300
8633	362.100
11429	363.000
6613	367.900
7281	369.700
7853	370.300
5397	371.800
8661	373.000
201	374.000
1645	374.800
3429	374.100
4773	375.000
9817	374.900
73	375.500
1349	375.500
1357	375.100
4205	375.500
4745	375.500
9237	375.100
10841	375.800
2169	376.500
4853	376.500
1501	378.100
7509	379.500
10305	379.100
8481	382.500
2277	383.200
8245	383.100
8701	383.800
8785	383.600
10765	383.400
10781	384.000
1873	384.600
2965	384.600
3901	384.300
4105	384.100
5301	384.800
7205	384.800
9781	391.000
9073	392.000
9921	391.100
309	392.800
2489	392.200
5089	392.700
8241	392.700
1897	393.700
2897	393.500
3465	393.200
4437	393.600
7653	393.700
10573	393.800
12253	393.500
2593	397.700
9325	399.700
1733	400.800
2665	401.800
10329	401.800
11369	403.900
845	405.600
9817	405.600
1101	412.900
1181	415.100
8413	416.000
181	417.000
4161	416.900
11009	416.600
12497	416.200
12477	422.900
6989	425.100
4797	428.200
4201	429.800
4637	429.200
4825	429.600
5681	429.600
9637	429.100
10017	429.400
10741	430.000
417	430.600
1205	430.600
1721	430.200
1853	430.400
4041	430.200
12429	430.400
6049	434.600
429	438.000
957	438.300
965	440.000
657	441.000
325	441.200
449	441.100
4433	441.100
6429	441.500
7693	442.000
1097	442.100
1789	442.100
3293	442.700
6385	442.500
8169	442.300
8993	442.100
12233	444.600
2169	445.700
6189	445.500
10569	445.100
869	446.500
5469	446.700
4065	447.400
6561	449.000
3257	453.900
9265	453.300
5861	454.800
12273	454.200
985	455.900
5113	455.800
5565	455.100
9945	456.000
10825	455.900
11549	455.300
5985	456.100
12345	457.900
3797	460.500
5505	464.000
12237	464.000
497	464.200
1353	464.800
3861	464.900
8753	464.100
7645	467.000
3137	467.300
5385	467.800
5829	467.900
8813	467.700
11813	467.500
12421	468.000
8493	468.400
6277	470.500
3537	477.600
5857	478.700
1729	479.500
1969	479.500
1385	480.800
7129	480.300
8617	481.000
8697	480.400
9653	480.500
9781	481.000
12173	480.500
577	481.100
841	481.300
905	481.800
1181	481.500
1245	482.000
2629	481.700
3005	481.600
4349	481.200
5273	481.100
6221	481.700
6329	481.400
6697	482.000
8857	481.200
9625	481.200
9677	481.800
10321	482.000
2213	482.300
5793	482.100
9677	502.600
8617	503.900
2213	504.700
12345	504.700
10037	510.500
9089	514.200
3649	521.000
4473	520.500
10337	520.800
1313	521.500
11049	525.200
5845	529.000
4325	529.700
5533	532.800
6581	532.300
11873	532.100
3201	542.300
5721	542.500
5961	542.300
157	543.600
2617	543.300
6709	543.600
7365	543.300
1165	544.900
1293	544.600
3057	544.400
3933	544.600
6157	544.200
6561	545.000
6633	544.300
10565	544.600
11761	544.300
11997	544.400
2497	545.300
6861	545.300
6277	546.100
1993	548.400
3509	550.400
9861	551.500
2745	554.900
11929	557.600
9729	558.700
12153	558.200
4593	559.500
8161	560.300
12253	560.500
7041	562.000
8037	561.900
2093	562.800
2361	562.800
3269	562.700
6573	562.100
5357	565.100
11557	566.200
197	568.500
1889	571.000
9961	570.400
9065	572.000
11285	573.200
229	577.000
425	576.700
1445	578.300
4453	578.500
1545	579.500
3737	579.300
4293	579.200
9017	579.100
12213	580.000
2617	580.500
3617	580.800
3765	580.800
5473	580.500
6809	580.900
7321	580.400
10305	580.900
11065	581.000
11369	580.800
11705	580.600
989	581.700
1121	581.100
5885	581.300
10601	581.500
605	586.900
2177	588.400
2325	588.100
4037	589.500
9225	589.200
8513	590.200
8841	590.100
12281	590.800
5537	591.200
5657	598.400
8909	599.300
1801	600.600
10601	601.900
2965	602.900
3205	602.700
11705	602.300
2329	603.800
3001	603.700
2217	605.000
11577	604.200
1245	605.100
8625	605.400
3045	606.700
4717	606.100
7385	607.800
8241	607.800
2209	613.300
5353	618.300
8633	620.900
2141	621.400
11941	622.800
401	623.600
7453	623.900
5841	624.700
9877	624.700
3097	625.700
7613	625.500
3705	626.700
10861	626.700
11873	626.700
12293	626.900
13	627.400
6709	627.400
8013	627.300
11641	627.500
1873	635.600
7753	636.000
10077	636.700
12229	636.600
3773	637.100
7369	637.600
7905	637.400
8705	637.700
10337	637.500
4261	638.300
1801	639.900
5881	639.600
8357	640.100
12441	640.600
841	644.700
3201	645.100
2001	649.400
2685	650.000
1897	653.800
11557	653.600
11761	653.900
4037	654.800
3265	658.400
10321	666.300
209	667.700
365	668.000
6685	668.000
10233	667.700
1305	668.600
3145	668.600
4173	668.300
7645	668.600
7817	668.600
8877	669.000
757	671.500
6109	671.900
8673	671.900
4473	673.000
5881	672.900
8393	673.000
8481	672.900
9605	672.100
11509	672.700
1245	673.100
1841	673.300
1349	674.900
7553	675.700
2077	676.200
3809	677.700
8833	678.900
10729	679.400
11045	679.500
4885	681.500
801	682.500
5889	682.800
7241	682.500
8433	682.800
1413	683.500
1669	683.600
1789	684.000
1917	684.000
1961	684.000
2089	683.400
3697	683.500
4277	684.000
8657	683.500
101	685.000
253	684.600
1093	684.400
1553	684.400
2101	684.600
3157	684.200
4253	684.200
4289	685.000
4989	684.200
5613	684.200
8025	684.500
9613	684.500
10961	684.400
12113	684.200
9957	685.200
11449	691.200
4109	699.500
9477	699.100
7677	701.200
2197	702.900
3165	702.800
3969	702.900
4865	703.300
7513	704.000
8137	703.900
8821	703.800
701	704.100
2253	704.400
11145	704.800
12461	704.200
4473	708.900
2865	714.700
10977	715.700
1757	718.900
9513	719.500
7053	721.700
13	722.900
1065	722.200
9021	722.900
11965	722.700
5773	723.200
10953	723.200
7041	724.300
11509	725.900
3885	726.600
4233	726.900
11205	727.600
7769	729.500
8213	730.400
8185	738.200
9805	740.000
9817	739.300
5597	741.000
2197	741.700
8833	742.000
1549	742.900
5889	742.700
7673	742.700
11505	742.600
11673	742.100
7181	743.400
10813	743.700
2713	750.300
2077	752.800
205	754.300
301	757.400
9521	757.300
11457	757.400
3717	758.200
5777	758.100
701	759.800
4049	759.600
7261	759.500
9665	759.300
10357	759.400
10765	761.100
7021	765.600
8061	765.700
3293	769.300
4037	771.100
4861	771.200
813	772.400
10013	772.700
10421	772.200
641	773.300
2021	773.600
11337	773.500
4749	781.000
10741	780.800
11617	781.000
10329	784.900
7853	786.200
7053	787.200
7429	788.200
12009	788.600
8529	789.800
8865	793.900
10581	794.000
6541	797.900
7589	798.900
10501	798.900
11413	800.400
5481	801.800
5389	802.800
12349	803.100
2685	804.200
3081	805.000
3553	804.600
1681	805.400
1921	806.000
6097	805.900
11789	805.800
6137	806.200
12309	806.200
7901	807.100
11249	807.900
9637	808.900
5449	810.000
6193	810.900
2401	811.200
953	813.600
1333	813.300
4617	813.600
7773	813.300
9253	814.400
549	817.900
3013	819.200
4457	820.700
5861	820.400
11121	820.700
4637	821.600
12433	821.400
12461	821.500
1021	823.700
5021	827.500
11609	827.700
11897	828.000
4313	828.400
2953	830.000
10133	829.300
1161	839.200
557	840.300
11417	840.300
261	841.400
7193	841.500
10001	847.900
7097	849.700
11313	852.100
6625	853.600
11053	853.700
1225	854.900
3457	854.600
10125	854.500
5413	855.100
2421	856.500
997	857.500
9681	859.200
9957	859.600
2545	860.600
2769	860.400
45	861.300
225	861.300
333	861.400
1205	861.700
2217	861.200
2721	861.500
3857	861.900
5029	861.400
3121	862.200
6333	862.500
7973	862.900
9029	862.500
11689	862.300
5201	863.300
1297	867.000
1165	867.800
4349	867.400
10473	867.600
12317	867.400
1161	868.100
9401	868.500
4381	875.500
73	876.500
2313	876.500
6317	876.300
8813	876.500
9689	876.400
10093	877.000
309	877.100
637	877.600
1893	877.500
2697	877.400
3005	877.500
3293	877.600
4641	877.500
8173	877.700
9001	877.500
9729	877.100
9957	877.600
10889	877.500
4769	878.100
9865	878.100
12117	878.800
8789	882.700
3089	883.600
7045	883.600
8353	884.000
10769	883.200
12021	884.000
3309	884.600
6189	884.700
2109	890.200
5289	890.200
233	891.800
10921	891.700
441	893.000
10845	893.500
4205	896.600
5541	896.700
909	900.200
10173	903.600
5425	904.200
6721	904.200
10153	904.700
8989	909.000
12417	910.800
6281	914.500
12369	916.500
7793	917.200
4185	919.900
3593	920.600
9861	921.100
2461	922.700
7305	922.900
7605	922.800
10065	922.300
1869	923.500
2593	923.700
5621	923.400
10293	923.900
10921	923.500
3121	926.500
4937	928.600
469	929.800
3085	929.800
4613	930.800
3405	931.400
1281	932.900
1897	932.700
7753	932.800
4121	933.600
841	934.500
4193	934.300
7129	934.200
7993	936.300
2313	937.800
4325	937.400
1601	939.100
4933	940.000
11801	941.000
5029	941.800
7957	941.300
11093	941.900
8013	945.900
10945	946.800
12037	950.800
7021	951.800
11785	951.400
3513	952.800
3781	954.000
10717	953.100
537	958.200
10181	958.200
177	960.600
4737	961.000
1853	961.800
4921	962.600
2225	963.900
3785	963.100
5365	963.100
6513	963.400
301	971.300
4029	971.100
9217	972.200
2141	973.200
5829	973.800
6421	973.900
6457	973.800
2001	974.700
6261	974.200
10321	974.600
11145	974.900
11881	974.200
4569	975.600
9361	975.200
11845	978.700
7881	985.100
8017	987.900
11309	987.800
8689	991.500
10321	992.700
11725	992.800
257	993.600
1273	993.200
2093	993.300
2233	993.300
4201	993.600
10381	993.100
