# NEST version: 3.6.0
# RecordingBackendASCII version: 2
sender	time_ms
7111	157.700
3611	158.400
9227	158.500
10047	158.200
2591	159.200
4555	159.500
5571	159.500
8743	159.800
4111	160.800
8103	160.200
9707	160.200
1971	161.300
4159	161.600
5583	161.800
5719	161.500
8155	161.400
10163	161.700
12467	161.300
3811	162.500
4091	162.500
6367	162.200
7479	162.500
7863	162.400
8159	162.100
10191	162.500
11487	162.100
11799	162.500
4855	174.700
4891	175.300
6559	175.400
8619	175.500
2951	180.200
579	187.000
4023	186.400
10575	186.600
6691	191.900
4951	192.300
7783	193.700
9023	193.200
7199	194.400
7871	194.700
4767	195.600
5303	195.700
9227	195.700
6051	196.300
479	197.700
2111	200.400
3115	200.900
3499	200.700
10379	200.800
827	201.300
2143	201.400
10299	201.900
9591	203.600
9395	206.200
3763	209.400
6567	212.400
11331	212.400
7327	213.500
8231	213.900
343	214.500
2507	215.800
9095	215.800
7543	216.500
8827	217.000
5447	218.800
2503	219.800
4175	219.100
8699	219.800
8535	220.300
5559	222.300
3211	223.700
6495	226.600
6811	226.600
8591	227.500
231	228.500
3859	228.300
7723	228.800
8355	228.800
1767	229.100
5243	229.900
7547	229.900
8847	229.500
10551	229.800
10939	229.100
11115	229.500
1231	230.100
4787	230.200
8407	230.400
11055	230.600
7275	240.800
4623	243.600
9439	244.100
11663	244.500
107	245.700
11215	246.300
2511	248.900
4991	251.500
5215	252.400
12091	252.400
5195	254.100
779	255.900
1627	255.800
6195	255.800
8471	256.000
43	257.400
2759	257.700
7055	257.600
7479	257.500
8275	257.600
8807	257.200
427	267.500
1867	268.700
7279	268.600
8987	268.800
627	269.500
4699	269.800
5267	269.700
7699	270.000
8623	269.800
1563	270.400
2227	270.300
2931	270.500
4123	270.800
5687	270.700
5779	270.300
8095	270.300
8231	270.300
9611	270.500
11119	270.800
11955	270.100
915	271.200
5599	271.200
8699	271.500
8231	285.500
5783	286.400
3795	287.900
3779	291.600
5599	291.500
6951	291.700
8535	291.900
683	292.100
823	293.000
1115	292.800
2279	292.700
3135	292.400
5323	292.600
7319	292.500
9007	292.200
931	293.200
7719	295.200
9907	296.300
8375	297.200
8699	297.300
9435	297.700
5427	300.300
6047	301.000
7731	300.300
8755	300.500
2063	301.400
7639	301.700
2159	302.100
3411	302.800
5751	302.700
8747	303.100
9147	303.900
2299	304.100
3087	305.000
5435	304.100
5503	305.000
3383	305.300
791	306.900
1647	306.200
7075	306.300
10763	307.000
579	307.100
4527	307.100
6559	307.200
2883	310.600
6223	311.900
3303	315.600
7431	316.000
9691	318.100
4207	319.700
9567	320.000
11807	319.100
2103	322.300
2675	322.100
5775	322.600
12031	322.700
12139	322.700
1151	323.500
3495	323.500
9771	323.400
10139	323.300
1063	326.600
11279	327.800
1263	328.400
3499	328.100
9819	328.500
1239	331.800
1639	331.600
3543	332.300
11143	332.300
1795	333.400
1875	334.000
7339	333.600
9283	333.600
6467	334.800
3139	335.900
6891	335.100
7719	335.900
931	336.300
1563	336.400
4195	336.700
5391	336.800
6579	336.800
6987	337.000
7415	337.000
7643	336.900
10847	336.600
531	337.800
1811	337.800
2103	337.800
2959	337.800
3395	337.500
3879	337.300
5751	337.400
6039	337.600
6071	337.800
6699	338.000
7819	337.700
10071	337.100
10271	337.900
11187	338.000
11739	337.800
3079	351.400
6427	351.400
11423	351.300
2655	352.400
10131	353.400
12179	356.300
3151	357.100
8159	359.300
6967	361.600
591	363.000
8619	362.300
3647	363.900
3927	363.500
7835	364.000
8199	364.000
8831	363.800
7479	364.200
5143	365.300
7731	365.200
2063	367.600
451	370.700
2367	370.400
8219	370.800
8407	371.200
1447	372.100
5575	372.700
6951	372.200
8723	372.100
11759	372.600
1619	373.700
2735	373.100
7995	373.300
9799	377.700
3643	378.500
9539	379.000
1563	380.800
4699	380.200
4955	380.800
10835	380.200
3887	381.800
6791	381.200
1699	382.400
5779	382.400
6039	382.400
2603	383.400
6715	383.900
3607	387.800
3983	389.600
8675	391.300
1487	394.000
6215	393.400
8467	395.000
3435	395.800
5055	398.300
5187	401.300
8839	401.700
11783	401.100
8135	404.900
2603	405.500
3867	405.700
4207	406.000
6603	406.000
3739	408.800
11095	408.300
4023	409.900
10747	415.800
12363	415.400
6559	416.500
10419	417.000
3387	417.300
8379	421.600
4519	423.500
2539	426.700
2647	426.900
2935	426.300
5563	427.200
7187	427.100
11599	428.000
1899	428.600
5047	428.500
5319	428.100
6503	428.500
6651	428.300
8183	428.300
8483	428.700
9779	428.300
10511	435.100
2175	438.700
9699	439.100
11175	440.000
1711	440.400
7243	440.800
2399	441.400
7575	441.600
8567	441.500
699	442.500
11035	443.400
931	444.200
7595	444.600
10179	445.800
11871	445.900
1035	446.800
3231	449.700
3143	450.900
5527	450.700
5759	451.000
7355	450.700
707	451.800
215	452.700
1891	453.600
5503	453.600
8371	453.500
11715	453.200
7275	458.000
7651	461.500
123	462.900
2563	462.600
9319	462.700
9879	464.500
1875	465.500
1463	466.300
12063	467.000
2507	467.900
4595	467.400
5455	467.400
5595	467.900
6183	468.000
7639	468.000
8611	467.300
2987	468.700
3671	468.600
6203	468.900
7719	468.300
8311	468.100
8723	468.200
6339	469.100
6523	471.100
7703	471.800
10251	471.300
11343	473.300
6915	474.800
847	475.700
5563	475.100
4091	476.200
9411	476.700
10195	476.800
6711	477.500
643	480.200
1171	482.600
6215	482.300
6715	483.000
8635	482.200
9611	483.000
10439	482.200
11471	482.100
707	483.200
10879	483.800
11023	483.900
5191	484.700
9155	485.900
6303	487.200
2831	488.700
7871	488.600
8643	488.600
8719	489.600
10931	490.200
8847	493.300
7111	495.500
2263	496.400
2627	498.000
3503	497.700
7327	498.800
1023	500.300
12407	500.700
2955	501.800
7407	501.300
9399	501.400
11047	501.300
375	504.700
3059	506.800
5531	507.300
7671	507.300
4195	509.000
7299	508.600
12323	508.200
8559	509.500
7055	510.600
8795	510.500
407	511.700
1967	511.100
2631	511.600
9519	511.900
1771	512.900
3583	512.500
6239	512.800
11083	512.600
11219	512.200
11931	512.600
12167	512.600
2507	513.400
2615	513.400
6831	513.900
7047	513.500
11487	513.500
587	514.600
7727	514.500
7551	516.400
4627	521.500
9527	521.400
3247	522.600
5359	523.800
6839	523.500
12027	524.500
2563	526.200
4971	528.900
7175	528.100
10767	530.800
11535	531.000
1467	531.200
2515	534.500
5191	535.600
2819	536.800
5763	536.500
11211	536.800
12295	537.700
2679	539.800
7323	541.300
5039	542.700
8879	542.300
6663	544.000
3259	544.900
8535	544.100
4055	545.700
4127	545.400
7671	545.800
407	546.700
467	546.800
971	547.000
1663	546.900
1767	546.700
1899	546.700
3223	546.700
3867	546.600
4751	546.800
4791	546.300
4923	546.600
5259	546.800
5387	546.500
7643	546.800
8023	546.400
8091	547.000
8883	546.800
9351	546.100
10151	546.400
12047	546.800
12339	547.000
815	547.100
1183	547.200
2963	547.100
5699	547.700
7291	547.100
1367	551.000
5943	557.500
4991	559.000
9699	558.500
4007	560.800
5135	560.700
11059	561.000
12339	560.200
971	561.400
8391	564.100
4099	565.500
467	566.500
559	567.000
1307	566.400
1447	567.000
4679	566.900
4795	566.700
5143	566.100
6847	566.500
7203	567.000
12295	566.200
3447	568.000
4943	567.700
63	568.100
255	568.500
1343	569.000
1871	568.600
2759	569.000
3395	569.000
11871	568.900
939	569.400
1955	569.500
2171	569.800
8347	569.900
2375	570.300
619	576.300
10715	579.700
5963	581.400
3867	582.800
4887	582.300
3255	583.400
10655	583.600
647	584.500
5027	584.700
7447	584.800
8079	584.900
707	585.800
2883	586.000
2935	585.900
3087	585.800
3735	586.000
4151	585.100
4183	585.500
7255	586.000
10359	585.900
12147	585.800
1559	586.600
2939	586.600
6843	586.100
10243	586.300
5055	600.800
5943	600.900
6223	600.800
10387	601.200
2507	605.000
7699	604.300
6947	605.700
11707	610.100
11987	610.100
10195	613.900
2379	614.400
7391	615.000
907	619.000
1351	618.700
11783	618.600
11439	619.800
2739	620.800
8015	620.700
3335	623.500
7283	623.800
8243	623.300
9487	623.300
11871	623.300
2603	628.000
9519	629.000
11395	629.700
5303	631.600
4823	633.700
3563	634.500
3391	637.700
3707	637.700
7895	637.200
8359	637.800
8727	637.800
4979	638.100
7231	638.800
1239	639.200
3291	639.200
6915	639.100
7283	639.900
12063	639.600
11707	640.800
4999	646.000
11523	645.800
6367	646.200
6495	646.400
9091	646.400
7423	647.200
9943	647.500
7723	649.400
10583	649.200
6011	651.000
683	656.500
10211	656.400
655	658.000
6891	658.100
1299	659.500
5747	660.600
2323	661.600
4783	661.100
8431	661.300
11395	661.600
11799	661.800
6287	663.500
5267	668.300
7047	670.200
9795	670.500
11491	675.900
1315	679.100
3951	681.000
8247	680.700
399	681.400
447	681.700
2367	681.900
3947	682.000
4055	681.200
5151	682.000
8203	681.500
10823	681.800
11931	681.800
12319	681.100
107	682.300
919	682.500
1323	682.400
1699	682.300
4127	682.700
4203	682.300
4727	682.300
4783	682.300
4939	682.200
5395	682.300
5759	682.100
5951	682.300
6211	682.100
9491	682.300
5239	683.300
6967	683.500
10295	683.800
5423	684.300
1239	692.500
2863	693.200
3391	693.400
3631	693.700
11571	693.200
11663	693.600
10183	694.400
10331	704.200
6359	708.700
4123	709.600
5759	709.100
263	710.100
2143	710.500
5451	710.300
8883	710.500
8991	710.900
1411	711.400
3051	711.400
2499	712.500
6027	715.700
2503	719.200
8455	721.000
5495	721.700
11955	722.100
803	723.400
6387	723.100
11023	731.500
5259	735.100
6467	737.100
11875	738.800
9007	739.200
4303	744.000
5707	747.700
11211	747.800
803	750.000
3135	749.200
3723	749.800
4107	749.300
2807	750.200
7911	750.800
6671	755.400
5007	757.800
8355	759.700
10143	759.900
11123	759.600
2783	761.000
5423	760.900
6971	760.900
9331	761.700
9447	762.800
4971	765.900
2231	776.100
1739	777.300
3039	777.800
11103	778.000
4159	778.100
5123	778.100
10387	778.800
1031	783.000
8803	782.800
2179	784.800
11287	784.500
3051	790.000
7847	789.100
9327	789.600
5503	792.000
10071	791.800
3223	792.400
8171	794.500
8587	794.600
6215	795.900
6367	796.000
6247	797.000
8631	797.000
9547	796.500
9667	796.300
4067	797.500
2279	798.600
6511	800.100
8007	802.200
7623	804.200
771	805.600
7203	805.200
947	807.300
11975	808.000
6075	808.400
9231	808.200
9395	808.200
9919	808.100
12471	808.300
2955	809.700
2755	810.400
11711	813.800
1939	815.000
11659	815.800
7775	818.100
9975	822.500
1215	823.100
8503	827.500
9379	827.600
11283	827.900
9115	829.100
1559	831.200
7275	831.100
1919	832.500
4307	832.400
12363	832.700
10739	834.600
1339	841.300
2859	841.200
6135	841.800
7051	841.500
11095	841.400
11439	841.100
7415	843.000
9691	843.900
3387	844.800
9823	844.900
10667	844.900
9143	845.800
11651	845.100
2179	848.800
6391	848.500
5331	851.600
8355	851.700
1307	852.800
6455	852.900
2575	853.100
4027	853.900
5039	853.900
5531	854.000
7107	853.900
10291	853.900
11671	853.900
539	854.900
1183	854.700
1591	854.800
3735	855.000
4767	854.800
6279	854.800
6963	854.100
9439	854.900
10815	855.000
10963	854.800
967	855.400
2335	855.500
3183	855.900
5123	855.500
8979	855.500
10263	855.700
10939	855.700
1487	856.500
1715	856.300
1915	856.400
7787	857.200
8251	863.000
11239	862.200
5435	865.500
6707	866.000
1575	868.800
8019	869.100
12363	869.700
7719	872.700
4207	874.200
4219	874.700
3315	875.400
7747	875.200
8695	876.500
8739	876.400
547	877.600
883	877.300
3511	877.200
4887	877.400
6215	877.500
7807	878.000
8439	877.700
8835	877.700
9155	877.400
9451	877.600
11859	877.600
12279	877.900
2591	879.000
4767	878.300
7223	878.400
7847	878.400
8723	878.200
10619	879.000
11679	878.200
9639	879.400
3951	880.400
3963	882.700
2991	885.000
4683	884.100
947	885.900
9439	885.300
1379	886.800
3067	887.000
3415	886.700
3775	886.400
3823	886.800
3891	886.600
5123	887.000
1343	887.300
3003	887.600
7339	887.700
9715	887.700
10467	887.200
4967	888.300
7535	892.600
8435	893.100
7895	895.900
3927	897.500
5019	901.000
6503	900.200
11707	901.000
7203	901.900
5311	903.000
7255	902.800
2971	903.300
3291	903.800
2063	905.700
6523	906.100
343	909.900
963	909.200
11071	909.400
12391	910.000
1099	910.300
1215	910.900
4815	917.000
4787	917.300
3279	919.600
5083	919.400
2907	922.500
5103	922.300
4927	925.000
3151	925.200
6187	925.400
6335	925.700
9303	925.200
11699	926.000
1199	926.400
2531	926.100
2771	926.100
6443	926.200
8063	926.600
10127	926.300
6887	927.100
7287	932.600
2775	934.200
6215	934.500
295	937.600
3131	937.900
2387	938.900
4363	938.400
5015	938.600
5547	938.500
8803	938.900
10143	938.300
3779	939.500
11759	939.200
3983	940.600
10583	943.700
8971	945.500
11375	947.100
12331	951.300
4051	954.700
6751	955.800
7687	955.700
11715	955.800
1359	956.900
1655	956.600
2927	956.900
3395	956.500
7279	956.500
10291	957.300
10051	962.200
3099	963.600
3963	963.700
4031	963.900
9559	964.900
4483	965.300
7975	965.500
8347	965.200
9183	965.600
11503	965.500
983	966.200
2663	966.300
3743	966.900
10655	966.900
759	967.400
4279	967.700
8835	967.400
11255	967.600
12267	967.500
4827	968.400
115	981.000
10131	980.600
7427	983.000
2323	985.000
3279	984.900
5455	984.100
4991	985.600
10731	986.000
11911	986.000
7775	986.200
8431	986.300
10291	993.000
11083	993.100
2479	995.200
8191	997.200
4383	999.900
