# NEST version: 3.6.0
# RecordingBackendASCII version: 2
sender	time_ms
1562	155.900
2262	156.900
11902	158.900
74	159.800
294	159.500
906	159.600
2874	159.600
4218	159.400
10526	159.500
5462	160.700
11390	160.400
5174	161.100
6242	164.200
7306	167.000
4126	167.100
6286	169.000
9198	168.900
7278	169.400
8798	169.600
2558	171.000
4878	171.000
7198	170.200
938	172.200
3230	172.600
7514	172.100
4826	173.900
11890	174.100
11418	177.600
1678	178.500
2230	178.100
9238	178.200
1226	179.200
842	180.100
8578	187.500
114	188.600
11042	188.900
9770	191.200
11130	195.300
7490	198.400
6298	201.000
8742	203.800
10902	203.400
6402	205.700
10614	206.800
286	207.400
3274	207.300
6046	210.700
6134	211.000
12330	210.900
22	211.600
4882	211.400
2774	212.900
3578	212.700
10318	212.600
2202	216.600
9090	216.900
782	218.700
1222	218.900
1518	218.600
1534	218.400
2402	218.700
8002	218.800
11082	218.100
4730	219.600
8242	220.200
10730	220.800
11822	220.800
9170	227.300
10074	227.800
11914	227.900
5270	229.500
2554	230.600
11982	230.500
3170	231.300
6798	235.700
8902	235.500
4882	236.800
9822	236.900
11202	236.500
12162	242.100
6554	243.200
954	245.100
3498	246.200
3782	246.600
822	247.800
3794	247.200
6022	247.800
11178	247.600
5566	249.000
12118	248.300
7566	249.800
5614	251.400
10842	254.400
9238	259.200
4826	260.500
11510	260.300
12086	260.500
3350	266.900
6962	268.000
9558	267.400
10334	267.300
11114	268.000
366	269.600
7278	270.900
9058	270.500
8258	272.000
402	272.600
3714	272.400
3966	272.600
4202	272.500
9186	272.700
10050	272.100
11866	272.200
2658	287.000
3466	287.900
2766	288.100
4446	288.100
8706	288.100
1142	289.200
2954	289.100
4318	289.100
4390	289.100
8122	289.100
9302	289.200
9630	289.200
10818	289.500
11282	289.200
2082	305.100
6906	305.600
438	310.800
11686	310.200
8502	311.500
9990	311.600
278	312.500
878	312.900
3082	312.200
5542	313.000
6406	312.400
6530	313.000
12374	312.900
178	313.200
5266	313.500
11094	313.800
11282	314.000
630	314.600
1602	317.700
6394	319.400
7598	321.700
11678	321.700
9422	323.300
10182	324.000
11058	327.800
3746	328.900
1630	331.000
11798	330.600
9730	331.700
10862	332.000
2302	332.400
5450	332.800
294	333.600
470	333.300
2770	334.000
2014	334.100
8118	334.100
9566	334.500
3454	335.500
6758	336.000
9306	347.200
12122	347.100
2874	349.300
3758	350.200
5462	350.900
6218	351.100
9802	352.300
3174	353.700
366	356.000
4502	355.500
9038	355.500
9114	355.900
130	356.700
342	356.700
2702	357.000
3350	356.800
3486	356.900
3926	356.900
4054	356.900
4730	356.200
4894	356.800
6458	357.000
7090	357.000
7242	356.400
7962	356.200
8318	356.900
8366	356.600
8854	356.900
10862	356.500
12370	356.900
1510	357.100
1986	357.200
2274	357.100
3210	357.200
4402	357.200
5358	357.100
8698	357.500
9902	357.100
10454	357.200
846	367.700
4958	372.000
5302	373.100
9510	373.500
1606	375.000
1734	374.900
4218	374.100
8810	374.200
9422	374.300
11870	374.800
12034	374.800
5286	375.700
9262	375.100
10550	375.600
4054	377.600
8674	377.800
6394	378.600
2894	380.500
11986	382.200
1362	383.800
12074	383.100
11266	389.100
11822	395.700
8298	402.000
5498	402.800
238	403.600
374	403.100
7926	403.600
9690	403.900
11950	403.300
3946	405.000
8650	404.900
8830	404.900
5646	406.300
7074	406.600
8746	406.600
9770	407.000
1102	408.500
2434	408.900
4834	409.000
8930	408.900
11226	409.000
11294	408.600
3158	409.300
6894	409.300
3814	419.000
6658	419.300
4158	420.300
8382	420.800
9598	421.300
10742	422.000
5618	423.400
12386	427.300
3654	430.900
2250	431.100
8234	431.200
12046	431.300
10118	435.300
262	440.800
2546	440.700
6894	440.300
7838	441.000
11590	440.300
11706	440.200
970	441.700
1530	441.700
7894	442.000
898	444.000
4850	443.800
10238	444.400
10982	444.500
12198	444.200
6166	451.300
12482	452.100
9718	456.000
11354	462.100
622	464.100
246	467.800
6110	468.600
10534	471.100
10238	475.700
9778	476.100
90	477.200
1910	479.400
6942	480.000
1966	481.900
210	483.400
4422	483.800
7758	483.300
9562	484.000
8750	485.000
4470	485.800
5534	485.500
6286	486.000
6882	485.400
8738	485.500
11306	486.000
3642	486.700
4554	487.000
4618	486.700
5394	487.000
7082	486.700
8226	486.800
8646	486.500
9210	486.700
10206	486.800
11398	487.000
11714	486.800
11946	486.100
12050	486.800
12446	486.600
7642	489.300
7562	499.300
3718	501.400
11350	501.500
7862	502.400
2830	503.400
4994	503.700
6478	503.900
262	504.500
346	504.900
6554	504.500
8458	504.300
9842	504.400
10970	504.100
12146	504.600
3842	505.400
6314	505.700
6958	505.400
7398	505.400
10630	505.500
4650	509.700
3342	511.000
3658	511.100
5038	511.700
4942	513.700
8290	513.700
11830	513.700
7782	514.900
5302	515.800
5146	520.900
1890	523.000
3274	522.900
2398	523.600
3822	523.700
4782	523.700
5206	523.800
178	524.400
1422	524.700
1938	524.700
2102	524.200
3442	524.600
4102	524.200
5514	524.700
6190	524.500
6746	524.500
7626	524.700
8726	525.000
8854	524.600
9614	524.700
986	525.700
3030	529.700
3806	529.100
12022	532.500
1186	533.800
334	535.200
10454	537.800
4790	538.400
6746	538.700
466	542.600
3698	543.000
3130	543.100
5878	543.900
6014	543.600
11278	543.500
2074	544.400
1302	546.400
7762	547.500
10502	547.100
6834	554.800
1982	558.000
3834	560.800
2234	561.600
5542	561.900
6958	561.800
7626	561.500
8642	561.400
9070	561.900
286	562.900
2274	562.600
3454	562.600
4502	562.400
4826	562.900
4982	563.000
5118	563.000
5834	562.400
5986	562.500
8786	562.200
9158	562.900
9710	562.900
12214	562.900
1746	563.600
2178	563.200
3390	563.800
4190	563.400
4958	563.500
8486	563.400
11818	563.200
8262	569.400
8678	578.100
3190	579.500
1070	580.100
4586	582.300
3198	583.300
4830	583.600
7290	585.000
10438	584.400
6790	586.000
1550	586.900
1738	586.500
2670	586.800
6890	586.800
7658	586.600
8014	587.400
1306	588.900
4370	588.500
4094	589.500
6378	589.900
6602	590.000
582	590.900
914	590.500
1302	590.100
1626	590.600
1938	590.300
2698	590.500
3254	590.500
3278	590.300
5006	590.100
5166	590.700
6202	590.200
7182	590.600
7914	590.500
8858	590.200
2510	591.900
2810	591.700
5382	591.300
6014	591.100
7746	591.500
10678	591.200
746	593.700
4622	599.100
11790	600.700
746	611.000
2354	611.600
11094	612.500
10178	615.700
11238	617.000
2698	622.700
8826	622.600
10586	622.200
1478	623.600
2014	623.100
2158	623.500
2190	623.400
10422	623.400
10710	623.600
11350	623.600
6758	624.700
11734	630.000
11430	632.500
9446	637.000
2746	637.300
9714	639.700
12118	640.000
5638	642.900
1614	644.000
1686	643.500
262	644.400
2830	644.200
3046	644.100
5454	644.100
9626	644.200
58	645.900
9130	645.200
10710	646.300
11458	646.400
6826	654.800
9138	654.300
7934	655.500
3470	656.900
11478	662.300
1298	664.800
6942	666.000
7134	667.600
7162	668.700
8906	669.300
2390	671.800
2914	672.300
3014	674.200
5850	675.600
12378	675.600
3410	676.400
3846	676.500
7982	676.600
5570	677.200
11910	677.800
6254	679.800
12030	681.300
5426	683.600
5514	683.700
5970	684.400
2742	687.100
10050	687.200
10882	687.800
130	688.100
11414	690.800
10190	695.200
10158	696.100
8126	698.000
10350	697.300
4158	699.800
10298	700.500
7858	701.300
2410	709.600
3482	710.600
4554	710.400
5822	710.900
1910	711.600
4314	711.300
6018	711.900
6418	711.300
11202	711.200
1918	712.600
12378	713.600
5686	714.900
3870	716.400
6550	716.300
10734	717.500
8330	720.000
9906	723.700
7070	724.700
11390	724.200
11542	724.500
3278	726.300
12170	729.200
5254	735.000
2114	735.500
2986	736.000
3830	736.000
6002	736.000
11082	735.800
2230	737.300
2546	737.700
4046	737.300
4266	737.700
4690	737.400
5682	737.900
8194	737.900
11562	737.900
1462	738.400
9882	738.200
4330	739.700
9806	741.300
2086	743.800
5974	743.300
8822	744.300
10542	746.400
3966	750.400
5978	750.300
602	752.000
5802	751.100
8742	751.700
6726	752.400
8866	752.500
7002	753.400
7510	753.600
9818	753.700
10426	753.200
4894	755.200
3938	756.100
11038	756.100
6534	758.900
4210	761.000
6334	761.600
6030	762.400
6702	764.200
5646	765.400
10342	768.300
1562	769.800
1150	771.600
1386	771.900
6142	771.500
9454	771.900
12326	772.000
1586	772.800
3890	772.900
5794	772.200
8834	772.800
9470	772.800
2810	773.700
3218	773.400
6258	773.700
6814	773.700
10754	773.300
12006	773.900
6198	776.800
6302	778.100
3994	779.300
5530	780.900
7402	781.000
8870	780.700
4482	781.900
6210	781.800
6826	782.000
8634	781.300
11222	781.800
12118	781.300
10906	782.100
8626	787.800
8238	789.700
10642	792.700
2230	793.400
2734	797.100
3110	797.800
3486	797.200
230	798.600
322	798.900
846	798.900
2250	798.200
5766	798.700
7994	798.900
10734	800.400
5302	803.000
7986	804.500
2382	805.300
11362	806.000
3910	806.300
2846	810.000
9498	810.900
826	811.300
5902	813.400
5334	814.800
1506	816.500
1042	817.300
5222	819.900
2434	820.900
5510	820.700
910	822.000
1782	821.900
2146	821.200
3134	822.000
3422	821.900
3502	821.300
4682	822.000
8030	821.900
8554	821.900
8562	821.500
8786	821.700
10774	821.600
11406	821.900
12230	821.700
2294	822.500
3898	822.300
8990	828.900
830	834.500
2798	834.200
7786	834.400
8274	834.900
2862	835.600
4230	836.700
3674	838.500
4074	839.700
4434	839.200
442	840.500
3826	840.700
8030	840.100
9390	840.500
11294	840.300
2050	841.100
3890	841.200
9902	841.500
3762	847.800
5018	853.800
9046	853.600
2198	855.500
8718	855.900
10534	855.800
9630	858.700
7974	859.400
11718	861.400
11594	863.900
5114	866.400
9274	873.500
5238	874.700
9946	874.200
6890	878.300
9814	880.000
574	882.700
4542	885.100
10762	885.100
8630	886.700
4910	887.600
6406	887.600
5570	888.600
8018	888.700
9838	888.500
338	889.700
1510	889.700
6338	889.600
9206	890.200
11666	890.400
12398	890.500
12418	890.500
4786	891.200
2098	892.300
822	893.100
1362	894.300
1998	898.600
6506	898.600
1386	899.600
2186	901.600
12238	903.900
474	907.000
1942	907.200
12390	907.800
1090	908.600
4782	908.200
4922	908.700
6598	908.900
9202	908.500
566	909.200
6906	909.200
8374	910.000
9530	909.800
9422	910.400
4394	911.100
9014	913.800
2098	914.500
8686	916.400
2	919.300
7510	919.100
7606	919.300
8634	919.800
2346	920.800
3890	920.600
4990	920.600
9030	921.000
9382	920.300
9706	920.300
11258	920.600
5222	921.400
5406	921.100
9302	921.600
10878	921.900
11822	921.800
2358	926.300
3586	928.100
10086	928.300
7822	932.500
8246	932.300
11438	932.100
3886	937.400
6846	937.500
3498	938.500
4950	938.500
4774	939.900
5542	940.200
7306	941.000
2854	945.500
8706	945.900
4926	947.300
9406	948.400
5430	959.100
2662	961.600
8378	961.800
9450	961.600
890	962.600
5778	962.900
8218	962.600
10846	962.300
12102	963.900
12326	963.700
10762	964.100
4178	971.800
4358	971.900
5898	971.600
1034	972.500
1162	972.900
1402	972.400
4270	973.000
4386	972.900
5170	972.800
5422	972.900
9186	972.200
9866	972.200
10542	972.600
10942	972.600
2006	973.200
2374	973.100
3862	973.700
4362	973.200
5350	973.600
6054	973.200
10770	973.500
10790	973.500
11258	973.400
11530	973.700
12410	973.400
11062	991.300
11206	991.100
1234	992.700
12398	996.100
218	997.700
406	998.400
3870	998.400
6982	998.600
12406	998.900
198	1000.000
1226	999.400
4214	999.300
5058	999.700
6806	999.400
8850	999.500
9822	999.600
10142	999.500
