# NEST version: 3.6.0
# RecordingBackendASCII version: 2
sender	time_ms
1146	158.600
5734	158.800
1702	159.900
2222	159.900
2410	159.800
2986	159.800
3738	159.800
6866	159.800
8278	159.800
10882	159.900
11990	159.800
750	160.400
922	160.400
1034	160.700
1086	160.500
1462	160.700
1926	160.400
2374	160.700
2518	160.500
2810	160.400
2994	160.300
3418	160.700
3482	160.300
6014	160.700
6558	160.400
8394	160.400
8742	160.400
9014	160.400
9026	160.400
9314	160.200
10086	160.400
10398	160.300
10542	160.300
10710	160.400
11382	160.700
11418	160.500
11530	160.600
11818	160.400
2994	180.300
2374	182.000
2410	182.400
2518	183.100
2086	184.600
4426	184.400
10630	184.700
10710	184.400
6866	188.800
7434	190.900
1902	195.900
2006	195.200
2726	195.100
1590	196.100
686	197.900
1034	197.400
2802	197.400
5218	197.100
5946	197.400
242	198.100
746	198.600
2222	198.400
2258	198.400
3482	198.400
4502	198.300
4826	198.700
5098	198.300
7290	198.900
9738	199.000
11330	198.900
12306	198.200
8954	199.100
9906	204.600
11914	208.600
5074	209.200
246	211.200
8698	212.600
9982	213.800
2198	215.600
4882	215.600
8754	215.400
8858	215.300
10098	215.400
12450	215.800
8030	216.600
10586	216.600
1090	217.600
8550	218.600
11174	218.400
422	222.800
7642	222.400
2314	224.000
5254	223.400
1270	224.300
2538	224.800
6966	224.300
9238	224.300
9418	224.600
1314	225.300
2386	225.100
3354	225.500
8474	225.500
10534	225.600
11382	225.700
1414	226.300
7158	226.500
5942	228.300
98	232.700
2354	237.000
4042	236.200
12282	238.200
9090	242.300
3378	243.200
9806	244.800
4086	245.600
4574	245.200
6794	245.800
7246	245.300
10762	245.500
3778	246.600
4114	246.100
6190	246.400
8890	246.800
10098	247.000
11498	246.300
1966	247.400
2002	247.800
8438	247.100
7566	248.600
10242	248.100
10298	248.100
2758	250.300
8278	254.800
8434	256.900
4730	258.900
11318	258.600
3922	259.700
5582	260.000
5978	259.400
8214	259.300
12242	259.300
1910	260.400
4422	262.000
5014	261.600
178	262.600
1302	262.300
1902	262.600
6458	263.000
7858	262.500
10222	262.200
1634	263.600
2454	263.600
5394	264.000
6074	263.700
6850	263.100
7202	263.600
8934	263.900
12130	263.600
12326	263.600
258	264.600
4634	264.600
5982	264.100
6	266.500
5726	266.100
4910	267.500
6882	269.100
3766	271.400
10190	273.400
6014	274.100
9622	276.000
11430	279.500
4386	280.400
7578	281.400
11978	281.200
1798	284.100
4830	284.900
3502	285.900
3566	285.900
8230	285.700
6254	286.700
7558	287.000
11650	286.800
238	287.600
1618	287.100
2166	287.300
4790	287.400
6462	287.100
8174	287.200
8634	287.700
9970	287.600
10398	287.100
506	292.000
2454	295.800
8358	296.200
6230	297.700
9022	297.500
10006	297.500
10614	297.200
5098	298.100
5242	298.100
4118	299.800
12242	300.000
6982	309.900
3566	310.500
9570	310.900
1610	312.000
2118	312.000
6762	311.600
8634	311.300
9350	311.400
12130	311.700
2698	312.400
2718	312.100
10890	312.100
454	314.900
7094	316.400
9026	317.400
5822	321.900
2542	323.100
166	326.000
3410	325.600
9710	325.100
598	326.900
1014	327.000
3690	326.800
9490	327.000
38	327.900
3558	328.000
5098	327.600
7990	327.200
8518	327.200
8870	327.600
8966	327.800
10846	327.100
11082	328.400
1162	332.200
2874	332.300
5386	333.300
7378	337.600
4394	339.000
5358	339.000
9966	339.400
12118	339.400
9094	340.700
5762	341.200
12306	341.900
2258	342.400
10638	343.700
2638	346.800
234	350.000
1294	349.400
1714	349.800
3030	349.700
5642	349.500
7158	349.100
10042	349.800
922	350.200
5514	350.500
5814	350.600
8658	350.400
9778	350.900
11926	350.300
5798	355.700
10534	356.700
1470	360.400
1522	361.000
8690	360.500
3226	361.500
12130	362.700
3038	364.500
14	366.500
1790	367.600
6210	368.000
10522	367.400
5942	369.100
4042	371.300
702	373.000
4766	372.200
8686	372.300
9390	372.400
10006	373.000
12006	372.500
11238	373.400
11266	376.700
1266	386.700
1538	387.200
10482	388.700
6002	390.000
4086	390.400
686	392.000
978	392.900
4526	393.000
5502	393.600
7918	393.800
3254	394.200
7478	394.900
10862	394.800
11926	395.300
12390	395.600
8498	396.600
986	398.300
10370	398.500
9806	399.300
8282	400.700
11114	400.700
4034	401.400
5070	402.600
5566	404.400
402	405.400
1574	405.100
3822	406.000
5622	405.100
10542	406.000
1790	406.400
7826	406.400
8694	406.400
3910	416.000
6034	415.500
12438	417.000
514	417.500
1834	417.200
2918	419.200
8858	420.500
11166	420.300
9250	421.500
2578	422.300
2970	422.700
11806	422.600
8786	423.100
538	424.900
5106	424.500
1314	425.100
9718	425.800
10886	425.100
12250	425.500
1954	428.000
3458	427.700
7490	429.300
2450	431.800
4666	431.900
5310	432.800
5774	432.400
6730	432.300
334	433.300
602	433.700
1186	434.000
1190	433.600
7806	433.100
9010	433.200
10514	433.900
10666	433.800
11354	433.400
11834	433.800
12242	433.600
358	434.200
1034	434.100
2402	434.300
2442	434.400
4386	434.100
11990	434.300
8618	439.500
9074	443.700
10086	445.500
178	450.300
4794	450.400
3982	451.300
8110	452.500
10386	452.100
11506	452.600
1062	455.400
3038	456.000
1034	456.500
3130	457.000
3794	456.400
6678	458.900
9358	458.900
2346	459.300
4502	459.300
7714	459.100
11954	459.900
10718	465.100
12174	467.400
2706	469.700
2830	473.700
574	475.200
2970	476.000
4182	475.600
11686	475.300
11918	475.200
4426	478.200
3442	482.900
342	484.500
6346	484.800
7306	484.900
11682	485.000
1662	485.500
2682	485.400
4218	485.100
5678	485.500
6098	486.000
1986	486.700
9078	486.600
718	487.500
890	487.700
6086	487.500
9262	487.800
642	488.700
3702	489.000
5378	488.500
382	489.900
7346	489.300
1682	490.900
4254	490.400
5126	490.200
6314	490.600
11130	491.100
11562	492.700
8002	497.400
6458	499.600
1058	504.000
10874	503.100
11658	505.000
5430	505.600
698	508.000
7074	507.300
454	508.900
2270	508.200
8578	508.300
742	509.200
3878	509.800
9298	509.500
11510	509.700
8254	514.700
5422	518.500
7306	518.100
7666	518.800
8550	518.700
1902	519.400
1682	521.300
11990	522.300
5878	523.300
1470	524.900
1614	524.200
5782	526.000
7826	525.800
7834	525.900
2902	526.600
5374	526.300
646	527.200
3370	527.800
2442	531.900
4346	533.600
10698	533.600
11478	535.500
2994	540.000
7490	541.800
7878	541.400
4750	543.000
7210	542.500
7834	542.400
6402	543.900
10662	543.900
11822	543.200
9598	546.100
9086	551.300
8298	552.700
10254	552.700
9510	553.500
11330	553.600
5954	554.300
4374	555.400
4218	556.800
12266	558.800
3114	559.700
4706	561.900
6606	561.400
7054	561.700
2106	563.000
2398	562.600
6794	563.100
9542	563.900
6454	565.200
7166	565.600
9458	565.200
1726	566.300
4138	566.100
6118	566.800
6230	566.500
9394	567.000
9686	566.700
10250	566.200
1030	575.000
3446	575.900
6242	575.800
8274	575.100
7102	576.600
12030	576.500
1110	578.300
1606	579.000
2394	578.800
10010	578.800
10786	578.900
9778	579.700
11298	579.300
9174	583.700
4530	584.500
5758	585.000
2602	585.900
3750	587.000
2914	587.700
10526	588.000
522	588.600
5358	591.600
11030	593.500
7630	594.900
2250	595.200
5298	596.000
46	596.500
5374	596.900
8758	597.900
7994	598.500
2794	600.100
1414	601.900
3762	607.900
12430	607.300
3582	608.600
7606	608.400
5286	609.300
682	610.300
3406	610.100
10030	610.200
11354	610.200
11378	610.700
4486	611.100
2386	612.500
966	615.900
3350	621.400
2166	626.900
3286	626.900
5970	626.600
6042	626.600
11918	626.400
3074	627.600
5194	627.800
6134	628.000
6478	627.400
8898	627.100
9306	627.700
11326	627.800
2362	628.100
4394	628.800
5162	628.700
10250	628.700
8866	629.600
3194	633.900
6218	638.000
10114	638.900
1430	641.500
6678	642.900
11086	643.000
1594	643.900
3338	643.400
3446	643.300
12038	643.100
5954	644.400
6062	645.800
11486	645.400
294	649.600
7826	650.200
12326	652.000
8906	653.500
8878	657.500
9814	657.200
1514	659.600
2262	660.700
3358	660.500
3786	660.800
8342	661.000
9082	660.200
10214	660.200
990	662.400
9766	662.400
10410	662.800
3066	663.600
866	666.400
3498	668.000
5422	668.300
5482	669.700
6714	670.000
11130	669.400
3334	670.500
5798	670.400
6934	673.400
9906	675.000
5354	676.100
2818	677.700
4910	678.000
5970	677.800
8222	677.800
4306	679.000
1302	679.100
8150	679.300
2450	684.600
3170	684.800
5694	687.800
7166	687.900
3038	688.900
6330	689.000
11574	688.500
850	689.100
7510	690.400
9170	690.900
10570	690.100
6074	691.200
4434	692.400
10722	695.400
5162	698.400
11326	699.200
4750	700.700
11674	700.400
6850	704.100
2870	705.200
5502	708.900
5394	710.000
1422	710.100
1530	710.700
3374	710.300
3654	710.900
5306	710.800
11142	710.200
3694	711.100
5610	711.900
5758	711.100
10950	711.600
11926	711.900
9454	712.300
582	715.500
6878	715.300
4674	716.700
7358	716.200
8170	716.300
10202	716.100
9598	719.400
10114	719.900
11490	725.500
2766	726.300
6510	727.800
3762	728.800
334	729.900
358	729.700
1586	731.000
3438	730.800
10682	730.200
11858	732.500
1938	734.900
9538	737.400
862	738.200
7606	738.300
10686	739.000
5866	739.800
10710	739.200
3034	742.000
6106	742.700
9458	743.000
6402	745.900
9230	745.100
4370	747.100
4834	747.600
9670	747.200
1902	752.500
8426	753.000
1454	753.900
6850	753.900
1910	755.000
390	755.300
6222	755.300
3954	756.300
6430	757.700
8366	757.300
3014	758.700
4314	758.900
8494	758.100
9418	758.200
11946	758.900
586	759.600
3930	759.100
10346	759.800
3358	760.200
4362	761.700
9918	763.400
7598	764.400
8690	764.900
9086	764.800
6562	767.800
1142	770.000
1462	769.300
602	770.300
2970	770.800
6210	770.200
8858	771.000
2754	771.500
5662	771.500
12062	772.000
7634	772.100
10718	773.100
11298	775.900
11926	778.800
3398	782.100
5262	784.100
4218	785.700
8578	785.700
990	786.800
2414	786.400
9270	786.200
3386	787.400
4850	788.600
9110	788.200
3478	789.500
6902	789.800
11138	789.600
522	790.300
1034	790.500
1426	790.800
2298	790.300
8630	790.900
9714	790.400
11174	790.700
11346	790.500
1126	791.400
2262	791.200
5018	791.200
5462	795.700
2926	796.700
9590	796.400
3962	799.100
2958	800.700
5346	803.100
3298	806.700
5418	806.200
2274	807.200
3622	807.800
4010	807.900
8462	807.600
8726	807.600
10338	807.300
1058	808.600
12238	808.800
3286	809.100
4686	809.500
9082	809.700
950	810.600
11202	810.600
10178	811.100
10982	811.500
2282	818.400
5846	818.600
5482	820.500
1758	822.000
8466	821.500
8502	821.700
10858	821.400
11258	821.200
10030	826.400
7306	827.600
9802	828.700
11350	830.000
9122	832.600
2350	835.700
6966	836.600
7758	836.800
8290	836.900
46	838.000
138	837.200
1714	837.900
12206	837.500
38	838.400
2158	838.700
4502	838.600
5018	839.400
5610	839.100
8902	839.600
10006	839.600
11650	839.700
12398	839.400
1454	840.100
5570	843.900
7634	845.100
7710	846.100
4146	850.900
3198	853.400
10810	853.700
1594	854.500
4406	857.700
7838	857.100
1646	858.800
7454	858.100
10014	858.900
58	859.100
362	859.300
1298	859.200
2206	860.200
3470	860.200
7090	860.300
2538	862.000
5630	861.300
5946	861.300
8154	861.500
8438	861.400
506	863.000
3410	862.700
3966	862.600
4038	862.700
5642	862.600
6446	862.700
6578	863.000
6906	862.300
7158	862.100
7250	862.400
7302	862.300
9762	862.600
10334	862.700
10890	862.700
10978	862.800
11410	862.700
12106	862.800
3154	863.600
5338	863.400
5406	863.400
7658	863.600
8546	863.600
9274	863.400
11362	863.400
11818	863.600
522	875.000
2486	875.700
8242	876.600
11586	876.300
10114	877.800
10906	877.700
9530	885.700
7582	886.500
6982	887.200
2382	892.100
7566	892.900
9074	893.500
2386	894.400
10334	894.600
8318	895.100
4094	896.900
8966	896.700
2874	897.700
7894	898.300
2478	899.800
3726	899.800
5470	899.500
5646	899.500
8118	899.500
10886	899.700
11430	899.700
702	900.800
10854	900.500
7878	901.100
5174	902.600
4510	904.200
9610	904.100
6318	906.400
1798	908.400
4862	908.300
7510	908.800
958	909.900
7990	910.900
9902	910.600
230	911.600
438	911.300
3230	911.900
3898	911.500
194	912.200
694	912.800
2458	912.900
3202	912.400
4346	912.600
6190	912.600
7642	912.500
7858	912.500
8938	912.800
11054	912.600
11442	912.200
12278	912.100
750	920.100
12206	920.100
1106	921.800
9406	922.500
9458	923.200
7118	924.100
11830	924.500
6190	927.200
9382	927.100
5074	928.700
7166	928.800
3202	929.100
4898	930.000
7758	931.600
8546	931.100
10054	931.500
2602	933.300
10094	937.500
62	941.700
5846	941.600
7078	941.200
4070	942.600
11926	942.900
8762	945.500
12238	946.000
10038	947.900
8254	948.900
4446	950.800
6966	950.500
9082	950.700
8014	951.400
9350	952.800
6854	953.800
2866	954.100
7562	955.600
8830	955.900
850	960.500
8342	960.500
1318	961.500
10790	961.600
3230	963.700
9422	964.900
9074	966.800
10342	966.800
7278	970.200
3750	971.500
8498	973.000
2806	977.000
5814	976.100
8902	976.900
5710	977.600
12058	977.700
10114	982.100
9802	987.700
11926	987.300
4058	991.600
5514	992.800
8870	994.200
5050	997.300
7758	997.100
9406	997.400
7002	998.300
622	999.300
8206	999.800
