# NEST version: 3.6.0
# RecordingBackendASCII version: 2
sender	time_ms
9817	156.800
1217	158.000
3113	157.100
8725	159.200
11033	159.300
1081	161.100
6157	164.200
9217	164.800
5821	165.200
1433	166.100
1445	166.200
245	167.800
7249	167.700
10217	169.700
6137	170.800
10557	170.700
10733	170.600
5425	179.800
8465	179.500
3197	182.000
2349	183.000
9805	182.900
12341	183.000
6353	187.900
1473	188.100
8889	188.100
7905	189.100
10265	190.000
10713	189.100
10785	189.800
2597	190.900
1849	196.100
5889	197.400
2297	198.300
4569	198.900
10637	198.900
6641	199.400
11873	200.200
3089	208.000
6177	208.400
11009	208.200
545	210.400
8437	211.400
5881	213.000
6981	212.200
7681	212.100
9477	213.000
10569	212.100
10905	212.100
11181	212.600
11597	212.100
5949	213.900
1605	220.900
10269	220.900
5777	221.400
2381	222.500
11013	222.400
10517	225.100
4709	228.800
10309	228.200
12469	228.800
6205	231.100
7685	235.200
1025	236.200
7957	237.500
10421	239.100
11813	239.400
6049	244.700
1649	245.500
9045	246.900
1185	247.500
5057	247.100
6957	247.500
8985	247.800
4749	249.700
8785	251.000
2897	252.500
2829	253.500
5721	253.800
11581	254.000
7449	254.400
7401	258.900
2521	260.500
1005	263.000
8733	262.600
10421	263.000
2377	263.400
4029	263.700
8121	263.300
9385	263.400
9953	263.100
11633	263.700
11289	265.400
725	266.900
2269	269.600
4561	269.100
4417	270.100
11897	270.900
1813	271.900
2285	272.400
2745	272.800
7881	272.900
8413	272.200
11045	272.100
8825	274.200
1417	275.100
5261	277.400
6033	278.500
8753	279.500
6137	282.000
7341	285.700
6861	287.000
7545	286.700
10273	286.700
10337	286.300
1365	290.900
1913	291.800
3365	291.900
1681	292.500
3237	292.600
3465	292.600
7769	292.700
9541	292.300
2585	294.000
8421	294.400
657	295.600
841	295.100
2621	295.600
6317	298.400
7997	300.900
9021	300.200
4285	304.200
4969	305.200
6429	305.300
8465	305.100
9305	305.400
5169	306.700
5961	306.300
6557	306.100
7361	306.600
1221	307.500
11049	307.900
1333	308.500
2665	308.100
10841	310.600
8481	314.500
9217	315.300
12153	316.300
6289	317.500
7605	317.700
10741	317.200
10557	320.000
10577	320.100
8605	323.100
2593	324.900
141	325.300
109	328.500
189	328.800
497	328.200
2753	328.400
3013	328.200
7013	328.600
8901	328.800
9709	328.500
4433	331.900
5577	333.200
7645	333.500
2001	335.800
6109	335.100
2109	336.300
6849	337.000
6957	336.800
7117	336.200
7489	336.700
9825	336.100
11745	336.400
3089	337.200
9929	337.100
2245	340.100
3209	343.600
8693	343.200
9149	343.800
2073	344.400
3885	345.100
7281	345.100
11189	345.300
6205	346.700
8689	346.600
469	347.700
6321	347.200
3061	348.600
4789	348.200
6965	348.100
8989	349.000
11669	348.300
4001	350.000
11377	349.400
421	352.000
7965	351.500
8813	351.700
10729	352.700
5961	355.000
5089	355.500
4673	356.700
3841	359.300
2441	364.000
2569	367.500
12133	369.900
3805	370.700
7217	372.000
1485	373.100
3181	374.400
11557	374.800
117	376.600
2157	376.900
1605	377.700
3257	377.800
5821	377.500
7837	377.600
189	378.400
6885	378.300
6329	381.300
8889	384.500
3537	385.600
5125	386.400
5345	387.000
3101	387.300
2225	388.600
1293	389.800
601	393.900
1613	394.700
4277	399.000
8857	399.800
11929	401.800
1261	402.200
10517	403.000
417	403.400
7633	403.600
129	406.300
4185	406.800
45	407.200
1681	408.000
6453	407.100
9873	407.600
669	408.500
6065	408.700
9189	409.000
9425	408.700
10013	408.800
2705	409.100
3181	409.500
3665	409.700
5729	409.400
6701	409.600
6969	409.700
7717	409.400
8753	409.700
9165	409.400
1473	410.700
4417	410.400
9001	411.000
7765	411.700
11125	411.300
965	413.700
10369	413.700
9153	414.900
2057	418.400
9749	419.900
3469	420.700
3953	423.900
8865	423.600
3113	425.000
7705	425.000
1133	425.100
1185	425.400
8561	426.000
8969	425.700
10845	425.300
4325	426.400
2105	428.700
8677	428.400
6705	431.000
1953	431.500
12373	431.200
549	436.900
10533	436.800
6153	442.000
8421	442.200
3865	444.200
10605	445.000
5481	445.600
1205	449.400
897	450.200
7789	450.200
1085	455.000
11029	455.600
3177	457.000
5161	456.300
861	457.700
1253	458.900
3069	458.700
5833	458.900
8833	458.900
9997	459.200
12361	459.900
6213	461.600
6853	461.300
1421	462.500
5389	462.800
2469	463.300
2981	463.500
4913	464.000
6085	465.600
11761	465.700
8909	466.400
997	471.900
6917	472.900
7341	473.000
3817	473.500
9857	473.700
1889	474.100
8121	474.900
6913	475.800
7489	475.600
7621	475.900
8313	475.200
1061	476.300
2121	476.700
5889	476.400
5961	476.600
9457	476.500
10313	476.600
10565	476.400
11721	476.800
669	477.400
3165	477.400
5029	477.700
10869	477.800
11501	477.300
1281	483.400
9293	485.200
4825	486.800
6337	486.700
10461	486.100
12333	487.300
4649	488.700
153	490.200
1889	490.400
2437	491.500
7641	491.400
1969	493.800
9709	493.400
7933	494.400
11141	498.600
6781	499.100
12493	500.600
3293	502.300
7985	502.700
12357	502.200
4301	503.800
3929	505.000
1285	506.900
8189	508.100
5977	509.100
6965	510.000
9505	509.600
10417	510.000
305	510.400
333	510.500
3337	511.000
5957	510.800
6365	510.700
6525	510.100
8273	510.400
10517	510.900
11057	510.500
1685	511.900
2697	511.500
6781	511.200
8809	511.400
9169	511.200
873	521.900
4853	521.800
10557	521.500
9345	523.700
5685	525.200
11629	525.400
869	526.900
4285	526.900
5245	526.200
10889	527.000
6961	527.100
7993	531.600
3837	532.200
3925	533.100
10025	533.500
7493	534.400
9237	534.100
9325	534.200
129	535.600
1585	535.400
5729	536.000
8841	535.900
6453	536.100
4637	537.600
6729	538.400
9001	538.400
11721	538.700
2213	539.600
7013	539.800
9817	539.600
3553	540.200
11545	543.500
7037	545.000
9101	545.000
1341	545.700
2429	545.800
2233	546.600
2705	546.800
3993	546.200
6533	546.200
11757	546.700
11949	547.000
1449	547.900
2269	547.800
3069	547.800
4121	547.200
5725	547.900
9021	547.200
12421	547.800
7305	551.200
3073	552.700
7425	553.000
2185	553.100
6329	555.000
12349	554.500
8541	555.100
9321	564.200
4493	566.000
10145	566.000
10365	565.200
7673	566.800
641	568.600
761	569.000
1149	568.600
6613	568.800
129	569.600
245	569.600
1037	569.900
1745	569.700
6629	569.200
7641	569.700
9709	570.000
2705	571.000
3937	570.500
4181	570.400
4597	570.500
6805	570.200
7553	570.100
10169	570.300
1181	571.200
2241	571.200
9001	571.800
11321	571.100
5909	574.500
657	575.700
8193	575.300
2969	582.400
4065	583.200
5481	583.600
9541	584.200
1301	585.800
1857	585.500
3213	585.800
6197	585.700
6217	585.500
1037	586.700
1237	586.900
1625	587.000
3553	586.900
3649	586.800
4809	586.700
4837	586.200
7445	586.700
7573	587.000
7577	586.400
10665	586.800
1765	587.800
2521	587.200
2661	587.700
3465	587.800
6789	587.500
9045	587.700
9293	587.400
10805	587.500
11361	587.300
12077	587.800
12253	587.500
10805	601.600
3869	603.600
5489	603.200
4157	604.400
1613	605.900
4489	605.600
1065	606.100
3945	606.600
177	607.400
3965	614.200
12209	615.900
4589	617.700
11745	618.800
10353	619.500
7913	620.500
10409	621.700
4349	623.000
11913	625.900
11381	627.300
7309	628.400
4493	636.100
4709	636.400
1449	637.500
8125	637.100
10817	637.100
11629	637.100
12401	637.200
2661	640.900
2469	643.200
3933	643.500
10285	644.000
10069	645.600
7813	647.300
8561	647.500
10249	648.300
1081	649.200
4577	649.500
4985	649.300
5125	649.900
469	650.400
2313	650.500
6069	651.000
11353	650.400
301	652.800
1641	654.200
189	655.600
2233	655.600
4561	655.300
285	656.400
1729	656.600
2493	656.800
2797	656.200
5841	656.200
6157	656.100
7237	656.100
7425	656.400
7517	656.200
10077	656.500
69	657.200
4201	657.600
7037	657.300
7993	657.200
10993	657.200
11645	657.900
11889	657.300
4317	665.300
5873	665.200
449	668.600
1421	668.300
11785	669.500
9469	673.300
11569	674.400
6633	677.100
10477	679.100
6153	682.900
7041	683.000
10553	685.400
6041	689.400
8737	690.400
11449	691.000
9109	691.400
10569	695.000
8993	696.400
3793	699.300
5537	699.300
1957	701.400
7537	701.800
3749	703.500
5365	704.000
6993	703.500
909	705.000
2077	705.000
3701	704.900
5841	705.000
7097	704.400
7577	704.600
2777	705.200
7765	706.000
3489	706.600
10813	706.200
11369	706.100
11353	708.400
11929	708.800
5717	716.700
9037	718.600
11601	718.200
5189	719.500
9169	719.600
10337	719.900
12229	719.100
10841	724.100
3577	726.200
4677	728.800
10885	728.900
7573	729.200
4801	730.100
10741	730.900
7997	735.000
449	737.700
8549	737.500
829	738.300
5057	738.400
8981	738.500
1681	739.900
1797	739.600
3965	739.700
4073	739.700
6057	739.300
7105	739.900
8877	739.700
11673	739.900
513	740.800
1133	740.700
3825	740.200
6081	740.300
9529	740.900
7205	741.200
2293	743.000
1173	743.800
2229	744.100
9657	744.400
3465	745.400
3293	746.400
7517	746.400
9805	746.600
1201	747.800
6101	747.900
8569	747.300
1269	748.700
1449	748.300
5393	748.800
6113	748.900
7941	748.700
10765	748.300
11785	748.400
12361	748.400
1453	749.700
8121	749.300
1769	761.500
1549	762.200
453	763.500
7105	763.200
8429	764.000
11881	764.000
1085	764.700
2785	764.400
4429	764.900
5301	765.000
6797	764.400
7349	765.000
8373	764.700
9109	764.300
9633	764.500
10013	764.600
69	765.400
369	765.800
4349	765.300
9613	770.500
11013	771.800
2189	772.100
3205	772.700
4193	772.300
4917	772.600
6633	772.300
6805	772.300
109	773.200
6337	774.900
4085	775.300
9465	775.800
12421	776.000
4021	776.500
11501	776.800
3393	777.400
3453	777.100
173	783.700
981	784.600
7753	784.800
10337	785.000
3597	785.800
5421	785.900
7517	785.100
8809	785.800
9961	785.300
11457	785.400
4649	786.300
6425	786.500
8757	786.800
9997	786.800
10805	786.800
10265	787.100
6753	790.600
6377	794.200
10273	795.000
1797	795.200
1201	797.100
9513	797.100
4561	799.000
11177	799.900
8245	800.100
11681	800.600
11741	801.800
6373	811.500
10185	814.000
2181	814.200
6185	816.000
9293	816.000
2913	816.200
4305	816.100
7381	819.400
1853	822.800
4013	822.500
4505	824.100
5513	824.700
9545	824.500
157	825.800
5877	825.700
6929	826.000
7217	825.900
1417	826.100
2301	826.300
3225	826.200
7369	826.400
7937	826.100
9993	827.200
11365	827.100
8641	829.600
6061	830.800
9701	832.900
2969	833.700
5021	833.600
1957	834.600
8569	834.700
10441	834.100
11529	834.100
12053	834.300
12321	834.400
5345	835.500
10265	840.900
1393	841.500
1873	842.300
7493	843.300
9385	844.800
8497	846.300
12345	850.200
11441	857.500
3525	859.100
4429	859.300
10065	859.700
929	860.400
729	861.700
11417	861.400
3841	863.300
1269	866.500
7589	867.000
11957	866.400
417	867.600
11401	869.500
1485	870.500
7965	870.200
12061	871.600
6853	874.400
6969	875.400
6937	876.900
9101	876.700
9545	876.500
10321	876.100
12205	879.000
909	881.100
6429	884.400
8561	884.300
2637	885.500
7561	885.800
12037	885.500
521	886.600
5989	886.600
41	887.400
1189	887.900
6197	887.100
7329	888.000
4429	888.900
6001	889.000
10041	889.000
6509	890.100
11145	893.800
4821	896.900
10073	896.500
637	897.300
1169	897.500
1701	897.100
8209	898.400
10269	898.700
6421	899.400
6041	904.200
8257	907.300
10837	907.100
153	914.300
2229	916.900
8121	918.600
4061	920.300
1769	924.700
10313	924.900
4049	925.100
321	931.300
5277	932.200
10821	932.700
12213	932.400
5245	933.200
6969	933.100
9145	934.000
9261	933.300
12157	933.300
12269	933.600
3893	934.500
5013	934.900
5385	937.000
3801	940.400
1953	941.900
37	943.000
1217	942.100
2865	942.900
5001	942.400
5753	942.200
8461	942.300
11965	942.800
1897	943.600
3489	943.300
4293	943.200
4453	943.400
6881	943.400
9741	943.700
10961	943.600
11325	943.200
11701	943.800
12109	943.800
10533	944.700
11025	944.100
6353	954.600
11829	955.000
6113	956.700
6613	957.600
8293	957.900
2001	958.700
3245	958.900
3781	958.500
7465	958.800
7637	958.800
10961	958.900
2689	959.300
12153	959.600
8161	965.000
8201	966.000
1121	968.800
1161	968.100
2061	968.400
5637	968.200
11197	968.700
5061	969.300
8173	969.500
4277	970.600
5257	973.800
1853	974.600
2085	974.600
1493	978.700
10885	980.000
4705	980.600
9761	980.400
2337	983.900
4801	983.200
1685	984.900
3045	984.800
5817	984.900
8045	984.900
1057	985.200
1329	985.900
2385	985.900
3393	985.700
4429	985.500
4729	985.400
5333	985.900
6833	985.200
7329	985.900
8549	985.700
9477	985.900
9905	985.800
10421	985.500
11957	986.000
1321	986.200
1813	986.800
3017	986.700
3593	986.100
4301	986.100
4349	986.300
4601	986.500
6197	986.500
6213	986.400
6421	986.800
6817	986.500
9545	986.500
9613	986.200
10249	986.300
10569	986.100
10729	986.200
12321	986.200
11957	999.700
